5.963620872612799273e-01 9.736496472524992507e-01 5.560648413368750598e-01
8.330761595064578584e-01 9.033627679013176426e-01 7.330324222902941944e-01
7.458815816821724454e-01 7.189789070721852582e-01 7.522909721284285478e-01
5.773103310480627304e-01
5.481340228810801518e-01
9.826006911673024202e-02
8.404123634053380920e-01 1.963449172152158528e-01 7.593047021532284280e-02
1.752069358886757522e-01 6.708233982298458242e-01 4.119808777582723014e-01
7.018580449227626028e-01 8.994597788895095647e-01 9.073220371325478872e-01
9.050307096639661486e-01
7.703440678918528350e-01
6.988153508646320899e-01
1.178515008862988100e-01 3.606598283576992747e-01 9.608462830805482024e-01
6.957268643720038170e-03 9.609490918472368692e-01 1.340061641746720378e-01
1.211691431534182017e-01 2.412146810179859324e-01 4.787942170512047291e-01
9.147594766755561269e-01
9.645437589935771383e-01
9.307185287964906406e-01
