6.888675825020335042e-02 1.565731685868170797e-01 -6.728190190831990769e-01 9.495066859372504331e-02 -1.175832836192573089e-01 7.278742991941916651e-01 -5.141562706421473061e-01 -6.736817979085548691e-01 -8.472624552248988472e-01 -4.464200253538146979e-01 7.045876282252558909e-01 4.731054155221921520e-01 2.531397581221880855e-01 -1.169694239340698383e+00 4.792693580113338014e-01
-2.515126802875528034e-01 -6.131337123914342158e-01 -8.456730032807897590e-01 -2.064373536750972737e-01 -7.789812061719242342e-01 -1.014786670293099657e+00 -7.152447312337056884e-01 3.462494501465790409e-01 8.137516973025697986e-01 8.470365383515610080e-01 7.839402413915508294e-01 -1.111242133050137360e-01 4.992672708453940178e-01 -5.826163017829354140e-02 -3.783248202853929931e-01
1.091922706424819645e-01 -5.149247113561657985e-01 9.436464745192184589e-01 6.980318854251982286e-01 -6.562069231993137297e-01 7.053140190991025182e-01 9.045239766022731276e-01 -8.903586377436653043e-01 7.496567368245639074e-01 -3.050066359229465229e-01 3.730582386219629121e-01 9.255807700450109365e-01 -2.020454188946426977e-01 -6.239153643228825263e-01 -2.921905096049119410e-01
-7.846062135994494868e-01 -1.050259107730825703e-01 -2.682768539475951716e-02 -3.390721173999405869e-01 -4.649421932321463613e-01 4.364066826372282049e-01 8.832161198078286590e-01 -5.537269547532245317e-01 -2.149395201751720386e-01 4.076035484447104174e-01 -6.771758710699740114e-01 -4.499116126390180215e-01 6.315533523393044302e-01 -3.317481824201558016e-01 -8.986963005246417779e-01
1.172085441530374528e+00 1.151945907417810666e-01 -4.128515596736102578e-01 -1.138988006903731476e+00 -9.468654227527384393e-01 8.504958439336431919e-01 1.328300748602142312e+00 8.414458678866191255e-01 -5.458660161001576139e-01 1.081127431491950563e+00 -6.238665924554976927e-01 7.177492831411288465e-01 -2.844801840338014864e-01 -5.416401485876541910e-01 1.181018116637791021e-01
-7.799625184447104287e-01 1.014201162390006017e-01 -9.050997537961735784e-01 7.320882126036839521e-01 -2.365815120815789041e-01 -4.682597725723483539e-01 8.396648454168101905e-01 8.361027185667450068e-01 -3.326128661307196088e-01 4.139531273949360185e-02 6.761727036322837670e-01 8.646982201462120043e-01 -6.154731188150677212e-01 -5.468590377900890420e-01 3.559527370893387777e-01
-5.592369426700217749e-01 1.409392917361286801e-01 -2.559455225253920996e-01 6.541036303633883664e-01 9.643070989056398146e-01 4.983579323527879135e-01 4.006498456641413020e-01 -8.854635354924821067e-02 -1.233026311229038913e-01 -4.167294264506840040e-01 -8.469786919689591131e-02 -6.163633455165374864e-01 -1.584128014868614043e-01 -2.550738996511811574e-01 8.710575352861085197e-01
-3.555925468334895090e-01 5.914528178422642224e-01 -3.107581867398203634e-01 -5.735823468441436646e-01 9.891723814879100907e-01 6.875937922852002337e-01 1.446653613914137271e-01 9.493722374926725216e-01 -2.019547076685728193e-01 -5.879148547039134698e-01 6.805101795252888053e-02 3.723207118098543766e-01 5.589730687023233280e-01 -7.038703894862319288e-02 3.144729236573680087e-01
6.310508738810457485e-01 -1.088708016368148401e+00 -3.708379764081594643e-01 -9.181021470829525688e-01 1.470088790787465460e-01 -5.351857160218396192e-01 7.333767307230033838e-02 -5.882940747421758765e-01 -5.151596215630671605e-01 -5.910565029845057383e-01 6.215546466404544557e-01 5.433351512911334114e-01 -1.553057214336982239e-01 1.004346398431599896e+00 7.366233000774743411e-01
-1.566711873560958646e+00 -4.171917132306000586e-01 2.201469475121440866e-01 9.606804475645581709e-01 4.329163213363987905e-01 8.143520074716446011e-01 -1.161346144882900333e+00 -9.111953339751082126e-01 -8.247118940094806394e-01 1.404462782836132240e-01 9.312659238343355961e-01 1.233434032738716768e+00 -7.298947940043133409e-01 5.393573382809732086e-01 -7.394600198415598458e-01
-6.798238645781470302e-01 -9.640418073366320284e-01 -5.683576318543813732e-01 -1.084765104991165074e+00 -6.842987723827100854e-01 1.669367400106790966e-01 -6.681862818276155247e-01 4.732848751984071178e-01 1.495102369472971482e-01 -4.972774428682587011e-01 2.800796275868532859e-01 9.225018096019144132e-01 6.744260076036405760e-01 2.792621078452747208e-01 -6.620191577486598256e-01
2.880871542728773438e-01 -6.992813149626599944e-01 8.264651789206705068e-01 -8.596448590379526244e-01 -5.871984440990356546e-01 2.305564721944346473e-01 -6.183011627604528826e-01 8.743779450257533892e-01 -1.901175820020806206e-01 -4.458678988371400642e-01 -1.806982765752314091e-01 -2.689378828530761822e-01 2.235108207447329409e-01 -2.662427340796640340e-01 1.433902434681624261e-01
-4.730638688099999545e-01 4.378615992234771159e-01 -4.056518350943683071e-01 -1.734124213333088083e-01 6.214714148152187256e-01 4.825080656247855426e-01 1.225687161714539286e-01 -2.676736982340255366e-01 7.542529805258642028e-01 -9.527102489593377577e-01 -2.089008383180273043e-01 2.267107325863353395e-01 -3.024497027060013554e-01 -7.867295902613873348e-01 5.540398120557890049e-01
-3.181177924128786305e-01 8.703105927789855922e-01 -1.452835878519587176e-01 5.479725620800284247e-01 7.227925663827685643e-01 -2.490914861884996334e-01 -8.917580076206621520e-02 2.711555418819637797e-01 -8.042305381213543658e-01 -7.118856710976435576e-01 -3.101335437392915839e-01 -2.421669474593881599e-01 5.909439585928197847e-01 -6.343047874288498811e-02 -6.117597606306817148e-01
-2.289490453411357485e-01 -3.671763429034686447e-03 -5.267535680046410151e-01 -8.116761133723478586e-04 4.653709673426897897e-01 -2.026508855897820871e-01 -3.982131091083074836e-01 -6.708468838764201081e-01 2.034027293877472831e-01 -2.854651057049564233e-01 -3.403699598896025025e-01 -4.494316818108296530e-01 -6.795766439425093841e-01 2.666538384898672343e-01 -8.215121812038191917e-01
1.050131639410554207e+00 1.003274061861596511e-01 -2.382837023035301316e-01 6.502992535586235023e-01 9.826091339683600268e-01 -1.402490691664931011e-01 -5.654435561250005238e-01 -7.737006122853521406e-01 8.312172753651689838e-01 1.983657717176026958e-01 -1.068957470527163028e-01 -5.359528613539963349e-01 8.632076923249354383e-01 -2.286708667294838349e-01 9.386987722375850218e-01
-5.063343652695443398e-01 1.109723186564097297e+00 -7.193022234934008940e-01 1.073263508707809510e+00 -2.963444752467712592e-02 -1.262370446584634154e+00 -5.018005710306487899e-01 -6.623737159251334994e-01 2.006322011553939300e-01 -1.090217266468602508e+00 6.493343498041590500e-01 2.715641565445251621e-02 -3.066896001287662821e-01 1.089919952929381042e+00 5.848215324942506177e-01
-1.549697614447464733e-01 1.121244252344740122e+00 -8.647850927984469527e-01 6.743068634786965054e-01 1.126834513189096221e+00 -1.140396597421056812e+00 -1.114919834948317590e+00 -4.722804160784912497e-01 3.192477625013311338e-01 -1.543953101876115896e+00 2.364998113155451082e-02 2.014153030960108282e-01 9.073328592400334847e-01 1.193983536691755276e+00 -5.518258073309486589e-01
7.755559827992318800e-01 8.864537094467181966e-01 9.134301857752474829e-01 1.319857136429724576e-01 -1.683287035543333809e-01 -7.495585528690652533e-01 -5.428080162746757864e-01 -7.524476434550865511e-02 5.314334208160199635e-01 -1.066411394284564551e+00 9.796549835460743871e-01 -8.204783132927259137e-01 2.882989148934151369e-01 1.559953474623081648e+00 9.556201093353479115e-01
1.940078382118248235e-01 -1.220526886502437236e+00 4.888104226100756233e-02 2.968575551807427493e-01 4.340558755649569916e-02 -8.413063351421092018e-02 2.012593391533856191e-01 4.207954444781328296e-01 -6.820629878780547495e-01 5.655922434194662340e-01 6.595251942034513482e-01 -3.324550962429730916e-01 2.197079883764683217e-01 -1.620871972795243088e-01 3.422122067930210426e-02
1.154300936287283141e+00 8.950640467506792985e-01 -9.419578363618786865e-01 -6.299068962371464631e-01 1.021013923850947913e+00 -6.289915838510953261e-01 -6.721785723681402702e-01 -7.945663688953458204e-01 -1.300136117053672380e-01 1.451496017836834407e-01 3.672425397823244064e-01 3.539817270456604992e-01 -1.868774900876623291e-01 5.510293179325869151e-01 -4.239669620720685761e-01
9.414995902960578977e-01 5.757195796296719070e-01 2.785027751492554771e-01 7.525392395647967358e-01 -3.703210768616622683e-01 7.679636154587432539e-01 4.700638659963922716e-01 7.898696161354363809e-01 -5.842446361445263747e-01 1.489247647831688504e-01 8.941703624053427557e-01 9.531215872527698529e-02 6.363509566248906069e-01 3.125995165073400806e-01 9.020726630633977283e-01
5.205243438355937613e-01 5.935703468608914957e-01 6.690892271542629999e-01 -3.565056871739498146e-01 -5.017625659072340039e-01 2.301270152209171638e-01 8.933468903064900601e-01 -1.407731957813915802e-01 -3.824241325126884750e-01 2.618073444861048760e-01 -3.603759950427214420e-01 3.018384454172511333e-01 9.591333289240882021e-01 9.804531929143656122e-02 7.071782931971108965e-01
-4.335669971338260709e-01 -7.276841177112578496e-01 -6.558864110359636790e-01 1.780417642210125884e-01 -4.276507730242040672e-02 7.302718156503766878e-01 -2.915649171880172474e-01 -9.271066125580884609e-01 -4.152408124442330539e-02 9.530620365834661101e-01 -5.507133187912189864e-01 3.998223398320110977e-01 -2.849425160532925716e-01 -8.311618360161314722e-01 -2.055959404044387373e-01
-6.816167999790584409e-01 6.746265115754991326e-01 2.177090156292750198e-02 3.969439385582872459e-01 9.772718119619373534e-01 3.469464519236140632e-01 2.015268359216077984e-02 2.202187779244435817e-01 -6.500880288667274520e-01 -8.984965219524659874e-02 -5.297776923837523855e-01 -8.242888213460307645e-01 9.203688838245548398e-01 1.429538589973539109e-01 3.142087237254196919e-01
4.620967464331459662e-01 -6.301378022170144311e-01 7.211464639186172532e-01 8.939136912015979708e-02 8.385198523084269606e-01 3.915756510397092605e-01 -1.744477330085093814e-02 -2.271346290099646170e-01 1.858020340780792701e-01 3.874275332010104073e-02 -2.835657870093812316e-01 6.115056104615146371e-01 8.248444874607743227e-01 -5.404043173447674597e-01 -8.190044350321390443e-01
9.954529313939424195e-01 7.672100538916943879e-01 -2.941073330837995492e-01 8.242738500017994241e-01 -2.988500583790874021e-01 -3.116091780694740798e-01 -9.427987478574848534e-01 -8.319497201343089010e-01 -5.624070123873909921e-01 5.288028271962588178e-01 8.562347050575851437e-01 -8.654789446211770265e-01 -3.121622798906313889e-01 -9.585393109599611439e-01 -6.939848783914899233e-01
-5.055403171473207280e-01 7.727563854057972748e-01 -7.105439397894821596e-01 1.730305845963220346e-01 6.906778908612007939e-01 -8.872403707863079081e-01 -4.244416568129931733e-01 -5.591552514163271592e-01 -1.154549645851266071e-02 3.008800002657847639e-01 -7.487086028274019256e-01 8.480252773387919607e-01 5.991201290902268273e-01 6.863323636302456343e-01 -7.339601444484353809e-01
8.251945524393566878e-01 9.274036673222143534e-01 -7.185810521354696334e-03 -7.903031145971797233e-01 5.766199667080851299e-01 6.269505548179299392e-01 -6.308303207160321779e-01 -7.858182349580629111e-01 1.134652229094990084e-01 -3.070655578500685046e-01 4.540404476517176935e-01 -8.319015751982168361e-01 5.779474207447070633e-01 -7.686749693776961934e-02 5.047732089005849687e-01
-8.139476271122455531e-01 7.213613734316716153e-01 -3.035683349207695114e-01 2.406547445276570885e-01 -8.237256945588203871e-01 5.232880538813822202e-01 3.984468930022183608e-02 -4.368750415856273994e-01 1.796120064601272603e-01 9.031807068274904093e-01 4.785432645937094387e-01 -8.159047399262296940e-01 -5.426725060053613214e-01 1.625038836799802544e-01 9.646573131491991138e-01
6.346786691156077742e-01 -8.970697902044783012e-01 -8.856539036034963841e-01 -6.911608803263072920e-01 4.045374871832057018e-01 -6.722115075414274443e-01 9.197971646593373629e-01 4.000656967926987662e-01 6.129185823273231026e-01 -8.586096828642736378e-01 9.604377490534863338e-01 1.101272872534120095e+00 7.009997201727005134e-01 -8.280085898964841817e-01 -7.050906943255286219e-01
-7.864158548292180528e-01 4.288832334434604654e-01 5.988906344854592056e-01 1.014674536381157344e+00 3.294908708961842569e-02 4.276211452784060563e-01 6.549870588280054529e-01 -3.397767899608764540e-03 -8.845428201879046437e-01 3.039635157049165870e-01 5.847302454899094837e-01 -1.416997301168640144e-01 -3.530658525129968250e-01 -7.731808838258467098e-01 -1.052677579368195504e+00
-7.475575192243010259e-01 8.095148289091376181e-01 -3.987271940549956817e-01 -5.187430730948038304e-01 -9.674673379515811300e-01 -4.230342662278466226e-01 8.357276543466821694e-01 -5.396458596114800388e-01 -8.650901685708218825e-01 7.434774976559639370e-01 5.626449298253706210e-01 1.114848587698981097e+00 2.177781105008232479e-02 4.124942256963020082e-01 6.965341463497463081e-01
2.510960238735697736e-01 -5.018299640765957470e-01 4.947725795097974721e-01 -4.844976218530180900e-01 3.449587639620738111e-01 8.674693351363363947e-01 -5.861259349253592488e-01 6.649391102257186104e-01 -8.953320930868049476e-01 2.903837387270470916e-01 -9.569477700662614161e-01 -6.998300132741347435e-01 6.052099432550168689e-01 3.166770186299434631e-01 4.408310218370202205e-01
1.985373800374556907e+00 -7.634487265091333130e-01 -5.101283010400951001e-01 -4.983199195424854455e-01 -8.744946270687173895e-01 2.658945724700148006e-01 4.067317297745589033e-01 -7.190328959900783579e-01 7.942721929032164896e-01 9.611730007706713597e-01 8.084725772097162144e-01 7.636994585893541743e-01 3.815460770966432325e-01 -2.972680569152338914e-01 1.222259444678259088e+00
