2.384156058504030895e+00 1.727189037691194029e+00 -9.538483634719306936e-01 3.912837256202924552e-01 -3.258320818186100642e-01 5.432758354537777779e-01 -6.813246101916721198e-01 2.437607189820792275e+00 -2.327166347626253629e+00 -1.598359702947604877e-02
-1.191584562228151789e+00 -8.882789298573937620e-01 1.994239150262003615e-02 1.041574276186232995e+00 1.876257765925376242e-01 3.745786618955301850e-01 -1.218947785114818938e+00 2.636823568586533217e-01 8.388437445679487459e-01 -1.367736035849571152e+00
2.667378029009376816e-01 9.026368293732599524e-01 -5.084721009734682884e-01 -5.375004207496845987e-02 5.733100818632315132e-01 7.555399279338533836e-01 1.047630365020888049e-01 2.165282751909099745e-01 5.183957431373874547e-01 -3.581788395301047645e-01
-7.795787334264526747e-01 -8.624505785099177979e-01 -1.016770300827322338e+00 5.619292406595106648e-01 -3.027835391322761249e-01 3.047238774675820605e-01 -6.080721999883215156e-01 -1.547702088962975786e+00 1.295056658162833552e+00 -6.572724374450600315e-01
-6.731405878266951692e-01 -1.932090387383545715e-01 -9.687070173641605386e-01 -5.053535320223051519e-01 1.753740409317328386e-01 7.290623436319243478e-01 6.194099536954166263e-01 -5.146879468019659870e-02 4.751137669845302280e-01 -1.174344961944297605e+00
1.908805649475829314e-01 5.361695110580611684e-02 9.322698623760021786e-01 -7.261061436379285805e-01 1.953517028995098437e-01 8.491260628933414711e-01 1.197541502314343420e+00 -9.028848979216436144e-01 2.896768628445817728e-01 9.563740306332002561e-01
6.831843860519829503e-01 1.768710605954481041e+00 1.132762708950375563e+00 -6.320593298114867142e-01 4.652611743113123643e-01 -2.988961489207867528e-01 4.522737039780670432e-01 1.200998407587685612e+00 -6.900385061415248433e-01 1.226352825291304294e+00
4.609030796184679368e-01 -4.298316455695231908e-01 6.525100011083827534e-01 8.663296980515611256e-01 -9.029552801532092499e-01 -5.371368233174025342e-01 2.953079511066328267e-01 4.682196505219504701e-03 5.029825658535231891e-01 9.547545988706259701e-01
1.570881997937179531e+00 -1.991896688186649000e-01 -2.403514545579836514e-01 5.672170971556188546e-01 7.811362267024019035e-01 2.890787227442658258e-01 -1.301391406795352965e-02 6.330647032374220329e-01 -9.063365267976997153e-01 -6.142833945366960036e-01
5.393510409872902533e-01 1.685771477876230939e+00 1.099132461175911679e+00 -9.425603608050386883e-01 8.915368579448285091e-01 -6.349606112575616468e-01 8.442682362392337492e-01 -7.559003010695035663e-01 1.642554843050673119e-01 1.474480138597207057e+00
-7.695528943273437505e-01 -5.788190412086985370e-01 3.882795036593301718e-01 -4.948028067841521715e-01 1.326497138895913697e+00 8.995156461662870973e-01 3.051426636780045776e-01 -9.964424353390104461e-01 3.165775857838460522e-02 -8.861415829695558008e-03
-1.835816322196303363e-01 5.663839821939818941e-01 -2.056720331287540671e-01 9.576041780629594713e-02 1.201404078589100699e+00 7.326545600116612933e-01 -3.048675305398101387e-01 -2.769616642124808625e-01 1.005769209205260806e+00 -7.546876689494627644e-02
-9.276815646502781787e-01 -2.487376839705377485e-01 5.372089809658359139e-01 -1.830197753300190078e-01 1.006746006935183457e+00 1.052963147509963004e+00 8.848180495952684410e-02 4.175086442256189523e-01 -2.482002635951059966e-01 5.165543799493781396e-01
8.939402919957190052e-01 -1.477325336356416274e+00 -5.000310765590911810e-01 1.255427200253389053e+00 -2.248409057188795624e-03 -3.881263964801190403e-01 -1.515072132702762087e+00 1.187293777177018228e+00 -6.283328156740048964e-01 -5.805933162871904640e-01
8.407909973759321032e-01 -7.578205454530900775e-01 -4.909946153388824452e-01 -3.408872063419502996e-01 7.108946095479098393e-01 -5.344224257298306746e-01 -5.067928949186808474e-01 1.189232686228975044e+00 -8.706039322436011085e-01 2.065849149689496511e-01
