9.690327547386784479e-01 -4.727400376202284260e-01 -6.101221162539680609e-01 1.311199153468122214e-01 3.550006016739882586e+00 -2.381115004516709099e+00 2.288543556760199993e-01 2.281398656926473034e+00 3.093582229031845987e+00 1.193591097396708545e+00
8.807715604719172919e-01 -1.629985801261968348e-01 3.138641036952051211e-01 1.968245092737779256e-01 -2.474219451782321000e-01 -1.084002082963958502e+00 -4.533344601833659560e-02 -2.005317444208722655e-01 -5.012896747342868720e-01 -3.206214108572734700e-01
-1.439465919456087428e-01 8.636091984391782717e-01 7.054665372346236030e-01 -1.699674466519918159e-01 -2.386980924300667883e+00 2.867209963120215033e+00 1.050343563491686755e-02 -9.895363438449790161e-01 -8.417167379228097657e-01 3.574074435630660712e-02
-4.773285792998530619e-01 8.393816701076856068e-01 1.320307358728652625e-01 -3.495489226972671393e+00 -3.456517610683657038e-01 8.689895400857194918e-01 1.065105360185667704e+00 1.863478789134114688e+00 2.736316742619735454e+00 8.916075755751876608e-01
-3.991914666106752274e-01 -1.168306336394774769e+00 6.956724492167735974e-02 -5.678616273960811478e-01 -3.661464523860884501e+00 1.837061439136073338e+00 8.570765390039436493e-01 -1.176113738682636134e+00 2.444239012002541234e+00 6.305630462756818266e-01
-8.466754245387267952e-01 -2.592446115749480029e+00 6.523666940218545429e-01 -1.756897939896966854e+00 1.552723862015388034e+00 3.269248482283625190e+00 -8.918649163524318135e-01 3.460503152711404962e+00 3.263978717434559584e+00 -7.261787295082704485e-01
-8.928229891863370682e-02 -6.589650424574284848e-01 -7.985886654296064924e-01 -2.452157760393547381e+00 1.230202392666836397e+00 8.624089985993959040e-01 -1.221429286167438288e+00 2.576964325854795401e+00 -1.652782623252722072e+00 5.223177747126986903e-01
-6.038404690761713933e-01 7.459239874877964249e-01 8.549077532031686966e-01 1.862948799728123550e-01 1.797403952941339256e+00 -1.002287300683858629e+00 -2.541176059206241789e+00 3.765440918317990882e+00 -1.699013787666546316e+00 -3.284949759842125117e-01
1.199260885587884351e+00 1.068187062317796476e+00 -3.010772606148182651e-01 -2.923053173987826825e-01 6.289166281646550727e-02 5.489197173631790161e-01 -1.077559590984746629e+00 -4.261431977942463090e-01 -2.030521161412489395e+00 7.435242196116169655e-01
1.721256380547790399e-01 9.716111064870960323e-01 1.489915271668163510e-01 -3.070642618454427764e-01 -3.337994303063462009e+00 4.311098493534473719e-01 -1.115035035533213370e-01 -1.849977884986935051e+00 -2.397897918827965213e+00 2.521839900319784444e-01
6.518771181118707680e-01 5.801555727690441699e-01 1.999458866427730463e-01 -5.084110116349326303e-01 3.449408204117647703e-01 1.851177560634857666e-01 8.801705943815022470e-01 -1.814868719831277954e-01 4.047273335699320684e-01 9.435479435330208497e-01
9.643600024132308324e-01 9.886299222966261624e-01 -4.591206656352055382e-01 1.074290341751434452e+00 2.161062602196905491e+00 3.689795746236722351e+00 -3.181897595726415617e-01 4.979842083888634252e-01 -2.441624404966193040e+00 7.127641761809416776e-02
-4.466280123463750029e-01 3.278415350459525923e-01 2.275347131935394340e-01 2.253250924086432419e-02 -7.835237747380539020e-01 1.511710143227201320e+00 8.233310637620205527e-03 -9.474920303945547628e-01 9.542273979178916843e-01 5.414088119633069240e-01
1.009818695001489797e+00 -1.986645902276274953e-02 9.082721608403511171e-01 -5.099159299973443638e-01 -1.214644997798626003e+00 2.224316705144960604e+00 6.742500004636201583e-01 7.000704124060390665e-01 1.674905528630273865e+00 5.061870978944650323e-01
1.200161705144137114e+00 2.092632527348919080e-01 7.635997929169686949e-02 -2.816006345802680166e-01 1.176671591961759578e-01 1.103138831349432664e-01 -5.695470532754367543e-01 -6.830209150285136976e-01 -1.865439331330300821e-01 9.973295914488720104e-01
2.210749189209147147e-01 1.010671089915397280e-01 7.087695718575587334e-02 -4.173628625569320572e-01 2.328343219885175674e+00 -2.010439797281717844e+00 1.147314740264546495e+00 -1.166181365974140682e+00 3.124061549956426820e+00 8.351369522313361049e-01
1.189513610472537675e+00 -5.060848097290999992e-02 3.649375463680175260e-03 1.112095418248637335e+00 1.854660824066495461e+00 -2.063255334658073981e+00 -5.913824498678321717e-01 3.106022240518513944e-01 -5.256059216515962529e-01 -5.168045935759684184e-01
9.439742375655995055e-01 2.963428105521456191e-01 -7.977588757450944090e-01 -2.439680694880019818e+00 -3.246904327932874867e+00 3.118648908553041110e+00 -3.169839894554404292e-01 7.593812227102597623e-01 1.065713755234535542e-01 3.719807395704487485e-01
2.977693406641815921e-01 -5.939458202423175681e-01 8.770045363296646856e-01 5.541525696662369382e-01 6.083855396454682651e-01 1.258486374262156038e-01 1.618936018880525740e+00 -1.326093782811800681e+00 3.144652035541634638e-01 -4.867041660378708112e-01
7.119768661272520838e-01 -1.272096406832806226e+00 9.322813003945995547e-01 -3.746885726621187906e+00 -2.047334961836448919e+00 2.833065843016771446e+00 1.878947941318347969e-01 2.924843692630608949e+00 9.895121684441439067e-03 -9.863659171361774947e-01
-6.849113143253940938e-01 5.029788926910027103e-01 2.286497645470187204e-02 1.073369130116184733e+00 -1.132456498759555119e+00 -1.156604717093768331e+00 9.480273241368477599e-01 -5.589321655415979695e-01 -8.786712544146157988e-01 -3.088384261108336193e-01
9.677159450794867723e-01 -1.903188041149235898e+00 -5.542911895305678849e-01 1.705381721537657880e+00 4.939111003956266344e-01 -1.103586385438148687e+00 6.241105266462053658e-01 3.957328641222763177e-01 -2.425407350241382876e+00 -3.437800176499601346e-01
-7.200336906682340832e-01 1.039005466105143105e+00 -4.888533781332672357e-01 2.402233971711849048e+00 4.138298901150939679e-01 -3.447446631176199539e+00 -2.294520833224741541e+00 1.815700501719249127e+00 -1.314811759928336876e+00 6.550000407370855093e-01
-3.908787578736175328e-01 -9.724691551660014088e-01 9.936388813767338402e-01 2.044528718840994852e+00 1.423116108512045619e+00 -2.265551158406413634e+00 -6.912012708822161677e-01 -1.256930719305705102e+00 -1.332290512721437503e+00 6.531588664478242823e-01
4.314685378212978484e-01 -1.670158916807098215e-01 1.010241100773496381e+00 -3.832641445331826935e-01 -5.189612791851919704e-01 5.169874599899745848e-02 7.955611992378411879e-01 8.527954347924569800e-02 9.077389149455212802e-01 5.122747475372918524e-01
8.553431978321978102e-01 2.050183457694850997e+00 7.618871264778437347e-01 8.544151829373973772e-01 1.263702344631917551e+00 3.884662258221496800e-01 9.600239657151863337e-01 -1.976561341322554122e-01 8.606908112237910968e-01 7.760699077863122408e-01
7.014653726986150861e-01 -2.758454970353235725e-01 2.361912930438254676e-01 -1.638337068247078809e-01 -5.411467234247114844e-01 -1.998977349693176753e-01 8.394747717446965352e-02 -3.846452360184143826e-01 -4.657959640927942790e-01 3.719765184307008421e-01
3.930368291393643992e-02 -1.759774131541596079e-02 6.638035275283484804e-01 -1.116735320863133651e+00 9.742202852326462548e-01 -1.851130051977947777e-01 -3.309195862747947858e-01 1.248025852905561145e-01 1.114859899428526813e+00 -3.344712832163082017e-01
8.800311114709334914e-01 2.971082054228049718e-01 5.597030304783778831e-01 2.093166616917849776e+00 1.259737433126309591e+00 -1.703045564700030434e+00 -9.852029170155423010e-01 -6.792215799244036289e-02 -2.861297968116955470e+00 5.966322411741437071e-01
1.139884996709984888e+00 -8.589442936250348826e-01 5.758591407529438377e-02 -7.884369564470197767e-02 5.951124540734706869e-01 2.398028332519282907e-02 -3.330188463556642553e-01 2.322698205130300786e-01 -1.589289716949698339e-01 -6.554552045051315057e-01
1.496420571124995602e-01 1.201140742177587706e+00 5.295522373518073422e-01 -2.043528891599851072e+00 1.278306554036044984e+00 4.664860672015019860e-01 -2.653335679092395649e-01 7.139590566497934221e-01 8.857873008826809835e-01 -6.022751447722465290e-01
2.001457792722235729e-01 3.488291142282158308e-01 -4.549208813525129069e-01 -2.940616410891171498e-02 4.186673243457735283e-01 -3.618413799579441203e+00 7.816492953374278366e-03 1.043332223898337574e+00 4.311804216775625420e+00 6.606178672966622756e-02
5.489721738110727722e-01 -4.579039891595609868e-01 -5.790167538212803722e-01 -1.163925596136042628e+00 -9.909525040511519833e-01 2.123901623100112435e+00 -8.610811047157181097e-02 4.892581643729208146e-02 -1.188274939521893891e+00 6.708520016299428512e-01
1.059311318364080767e+00 7.376587182185435632e-01 7.375158440570792617e-01 -4.952624764617373221e-01 7.291945255229635992e-01 1.241633646701901794e+00 -3.549961841300825482e-01 -1.085643485271181374e+00 1.056828970901036557e+00 1.063625941452095214e+00
2.607042423010479948e-01 -1.043814766576411035e+00 -5.978167670375722498e-01 1.846300614986834621e+00 1.214095448862792637e+00 -9.605273362053632358e-01 -2.802776655946268014e-01 -7.874089912995172469e-01 -1.515389161761072190e+00 9.821811014693986042e-02
7.174193229663128335e-01 -7.572011211048440549e-01 -6.449806585322013230e-01 -1.058431277950490523e+00 -1.421067618561269619e+00 8.676858639192771561e-01 2.853975735385612111e-01 8.422307709069071224e-01 2.038851382767323361e+00 -5.487931825335774505e-01
-5.083143032267305461e-01 -9.813359979781449693e-01 -2.230510819298078262e-01 -1.983082639889417464e+00 1.201906273894289279e-01 3.014119406782118205e+00 5.641204607569834106e-01 2.355856820885337655e+00 -1.641783742488490683e+00 8.306014850310957653e-01
-1.469187644921559344e-01 -1.913617723567473117e-01 9.477351998898054797e-01 4.186022953506161604e-01 1.433418736573161822e-01 1.528698672980075113e+00 1.016145009854844572e+00 4.778093972418396285e-01 2.472011642721604341e-01 6.649511212420484707e-01
8.283695830854105602e-02 6.865084987861532761e-01 8.819744975702039635e-01 -9.997416677011654595e-01 4.300903699742519293e-01 -1.596251597797278654e+00 6.939600433538741786e-01 -6.380563592243098103e-01 3.356805881875820852e+00 -6.214678353497200547e-01
-6.359651964804730051e-01 4.969603393848950196e-02 -8.725178070205782399e-01 1.604627496456501490e+00 -5.295378640364956091e-01 -1.532357530332170370e+00 1.153308026905727646e+00 -1.023713463507024413e+00 -6.445928772013502783e-01 7.533182264979798592e-01
-4.524269180892788733e-01 1.480398984448056676e-01 4.739394740599596201e-01 2.487203051338867432e+00 1.240974341652455459e+00 -9.489448835784745073e-01 1.116847690859057440e+00 3.928284351373903527e-01 -3.990377393678615547e+00 7.308041034076180331e-01
-1.124480915128423797e-01 1.188233667200171650e+00 4.657698629563405968e-01 -1.548557282999414975e+00 -1.776508079609118829e+00 3.894694829183054097e-01 1.616107295879539274e+00 5.357691176130791044e-01 2.135662924933162454e+00 -6.092314196793930936e-01
-6.066072457043196753e-01 6.391976408964543666e-01 5.165089770023765237e-01 5.242778075687225536e-01 -1.232072224984560149e+00 -8.676744264021472031e-01 -1.166616683743255889e+00 -1.689811545140331162e-01 -2.493987098256531088e+00 6.553887449171652557e-02
-7.934458363181875473e-01 1.063261980809582896e+00 -9.356464059368875263e-01 -1.186844981227411777e+00 2.443852399818393195e+00 -2.627264354634232912e+00 -8.966215559601645735e-01 3.126323844354930603e+00 3.665133821457654761e+00 6.549041490276115152e-01
-3.129293770063197866e-01 -4.354648418111348729e-01 -5.494115447802322416e-01 -7.857339601621229352e-01 5.695655032116165861e-01 -2.525019034529213613e+00 -1.881468104066059910e+00 2.162878388883299863e+00 1.729022654275053639e-01 -7.759929755062272561e-02
-4.579200297935830111e-02 3.017077377175082287e+00 7.498900268535498848e-01 -8.721000469536197564e-01 -2.099036112864565151e+00 3.749292872908028595e+00 2.772268824333058213e+00 -1.082026713043897193e+00 -7.850781099348226322e-01 -4.704531201766171122e-02
1.070623663350249444e-01 1.379676743338536238e-01 1.596052354031779197e-01 4.617771117911994017e-01 -5.388053385505633397e-01 -1.245439873184154972e-01 5.179971581701621197e-01 -2.183034348017394155e+00 2.463680090297471814e+00 -3.390877227073981204e-01
7.382090492863588871e-01 2.148122684038578978e+00 4.133655081101382800e-01 3.329538658383756289e+00 2.174477779954883394e-01 1.023760532158115799e+00 -5.930764778174845153e-01 -2.637146599481293929e+00 1.758257527919287355e+00 -4.404896332055193153e-01
6.935472566629282687e-01 -1.016511125337848709e+00 7.745710484185061029e-01 -2.414057456795849266e+00 1.607951753670123496e-01 9.512868645866455752e-01 -5.258548569040927267e-01 -1.491204700103859526e+00 -2.872628730110984296e+00 4.709406059518999044e-01
-6.771610950816396857e-01 -3.684146598424284935e-01 5.979673067267881059e-01 1.266451403091010605e-02 -1.570421135526311796e+00 -8.930121434268321057e-01 -1.129153919187037003e+00 -3.276575248009199748e-01 -3.235357798589533651e+00 -7.878007827320502310e-01
