-3.916244863710524271e+00 -1.994629966613798322e+00 -3.096740027861740255e-02 -3.238360516692581625e-02
-4.491123649241452576e+00 -2.085329271084101155e+00 1.078295908041175144e+00 6.863118049029170997e+00
-2.563757554594246368e+00 -5.144877582001539107e-01 3.904457652454564331e-01 8.802178817030135161e-01
8.120743244106856551e+00 -5.648485232104224707e+00 -2.102101326183616781e+00 3.322278071203379035e+00
3.410221736914409441e-01 -9.176439247966406976e-01 -7.705880244640689547e+00 -7.682065217961844716e+00
-5.591569108990165127e+00 8.987228056849202673e+00 5.751621226496539840e+00 1.819802484643570528e+00
5.991250893692556811e-01 -1.400817323321746244e+00 5.429176014085841828e+00 2.123398760098144766e+00
4.192200413909964674e+00 7.517608706552956654e+00 -4.051536064402672999e+00 -6.188300840963948390e-01
4.267334733244154243e+00 -4.743422831634219072e+00 2.627850362133409057e+00 -8.745526867685750716e+00
-2.080641115398868646e+00 -1.375786811956794198e+00 1.566795771215596378e-01 7.532049574857631047e-01
