-4.554873720828194750e-01 -1.053536201740765677e-01 -7.422163734025783999e-01 4.668803674810557136e-01 -8.894242999779682357e-01 9.322363762237591001e-01 1.387363781154737907e-01 8.888870747247412663e-01 9.696094643680098768e-01 -1.018784465364825254e+00 -6.345550891126887638e-01 -5.563236894881959937e-01 4.905661445886517202e-01 -2.202086970117951847e-01 1.057294370875872858e+00
4.268663178014454052e-01 -1.349746346596327307e+00 -3.521608000042111275e-01 -8.772401531444035117e-01 -5.324608307141049934e-01 -5.109203565481270637e-01 7.725063364633621976e-01 -1.736800199970074069e-03 4.778267585043743382e-01 7.797593426687251528e-01 6.468873036581164193e-01 8.169088389195540145e-01 -7.272635275425459733e-01 -4.418264794243111915e-01 7.651830171043150219e-01
-1.070253317128488479e+00 3.280818682734427116e-01 2.799894711255289104e-01 1.104696760240976738e+00 7.432379764481288342e-01 -3.729280787832252031e-01 -3.617260949216728472e-01 7.654457640659563245e-01 7.053850582550855730e-01 9.875445464728112299e-02 8.625542256021104803e-01 5.318198254342382941e-02 2.544798874240191133e-01 -3.263431263412558403e-02 4.506856445252266363e-01
-9.057445117701896642e-01 -1.350090197352903809e+00 4.803430484572706050e-01 -1.970843342057479464e-01 8.859227120343260431e-01 -7.953278428238941267e-01 1.488633021742848672e-01 -3.564789627020018559e-01 -4.953821825314388416e-01 -8.890845389638147855e-01 1.194156673159110227e+00 1.374361965511219807e+00 -3.219132831650372006e-01 -9.018454625219077814e-01 -7.951182831320497968e-01
1.200665620469176798e-01 1.247826241957783466e-01 6.250608582474741493e-01 -6.974560781662906273e-01 -8.251906906045851642e-01 4.966562936063793066e-01 8.079805472262709953e-01 -8.969510385926782181e-01 -2.352851328121266794e-01 7.478837785017290463e-01 -8.385822529482500620e-01 -5.736450350145170241e-01 -1.363669754418030400e-01 1.338588523959715948e+00 2.700909386361425440e-02
-4.969579759463088608e-02 -1.212493621009501199e+00 3.994354243687177064e-01 7.795879192632247934e-01 1.025069663218843408e+00 -4.547926415701897818e-01 -2.102818128432484279e-01 5.032449960181617499e-01 -7.287492733362964659e-01 1.970106061413283427e-01 8.173996222101806985e-01 8.436551658373304674e-01 -6.095956315486209531e-01 -8.551857900994807027e-01 -6.942086565457359359e-01
-3.064912473176548136e-01 -2.706599088389917140e-01 9.936969326625977317e-01 -5.232160397282683562e-01 5.445463798948093626e-01 5.448992074424897636e-01 6.995393735749956265e-01 -8.235106795885508424e-01 -8.999952993117034117e-01 7.874161249916459271e-01 9.964979639470404882e-01 -1.158141653871604948e+00 6.289400427363622814e-01 -3.631030609338224968e-01 -8.277997293505529042e-01
7.224121514125225740e-01 1.969369112873731176e-01 -3.010072925452766945e-01 -2.014368391478265075e-01 -4.375704013802932391e-01 1.308799955991979402e-02 -5.545555505368948701e-02 3.386805351165844691e-02 5.716155418181956271e-01 6.941425917717369831e-01 5.844603252866813481e-01 9.904217458546438202e-01 6.036851625845631730e-01 -6.541617414264286889e-01 -2.086925805544039836e-01
7.379176968053293706e-01 5.973834216827896837e-01 1.829259982442068277e-01 -2.807130664960926225e-01 6.999373893504008681e-02 1.482695289580499010e-02 5.208075234014081234e-01 7.624231480240276637e-01 -2.290312119179315764e-01 8.125231214305604910e-01 3.837504281252731020e-01 6.015162946387865583e-02 -5.738341276438838623e-01 2.981009525902189594e-01 6.492284796878912134e-01
-1.370446128219371951e-01 -7.271638888593986438e-01 -7.880857903402983533e-01 6.780002704940880642e-01 -2.626072861464512354e-01 -7.152365747957195596e-01 -5.031092095698375816e-02 4.406380869114820409e-01 6.162822714087752562e-02 -4.700255677472410798e-01 1.052789716525571739e+00 -1.308364897760758150e-01 1.060584988586140476e+00 -2.322774318807018235e-01 1.764821712256235131e-01
-7.608126912549245668e-01 7.993485221141524155e-01 -1.019519266744406183e+00 8.787302139408247337e-01 -2.107019440023691903e-01 6.429618538103906156e-01 1.232995482977388979e-01 2.359307351427585853e-01 -7.129661402654379199e-01 8.557815927289873503e-01 -6.167325329320606508e-01 -4.182478702412493199e-01 -3.071490839186256649e-01 -3.925774503647489963e-03 2.817955489211078635e-01
-5.438277428488691445e-01 -6.619721064804573452e-01 5.368550583373785656e-01 -4.210460923214893736e-01 7.067288375105251763e-01 -1.443845343794121217e-01 1.801971448382639895e-01 5.592362697869162069e-01 -6.378053691635454658e-01 -6.663915516981664400e-01 4.418710880177749711e-01 -2.468810624435695544e-01 -8.572612635418730420e-01 7.976700470969102508e-01 4.686194703880108836e-01
7.480039484732994293e-01 -3.738267562420496404e-01 7.616278390343329541e-01 -7.866225465848339926e-01 -5.944933724512979634e-01 8.228888190383567558e-01 9.251454311502724792e-01 -6.981694754625347166e-01 6.325535757049705055e-02 1.390169792732547371e-01 -3.726809329806091142e-02 4.928257711992987122e-01 2.478567359550669646e-01 -7.006134784189810283e-01 -7.734170687616097606e-01
-4.981805562559848966e-01 -8.261461284326867549e-01 -9.135802226521057001e-01 -1.208705138843035876e-01 2.935574108950940175e-01 -3.583714916670941442e-01 3.726262012628260845e-01 -9.644862295405565167e-01 4.923494201747102839e-01 5.805976721372754223e-01 -7.097662987415298552e-02 4.515637909872487477e-01 7.579137318971636006e-01 -9.004222821481928651e-01 5.683352933203347224e-01
-4.306249222816467270e-01 -8.050875953340682623e-01 7.086780877561872360e-01 2.681591423144719655e-01 1.762509281002497541e-01 -1.000260458504817901e-01 3.800799365127918716e-01 6.774477661448049526e-01 -4.722213011204951516e-01 5.770802012109919055e-01 8.658783771389372275e-02 -6.831117642182895633e-01 5.302110275726361621e-01 -5.392179385105595468e-01 2.226058739577549683e-01
6.738636952672585889e-02 -6.867936672101014606e-02 5.010490331964072563e-01 -7.902644891623902823e-02 7.500387028909853704e-02 7.158613569784987307e-01 -4.237706318967001673e-01 4.936629720821317235e-02 2.133934674388674735e-01 -1.160080845186276244e-01 -5.924331217230839330e-01 -8.220429979550495370e-01 -1.749465021583395952e-01 1.143536579312225410e+00 -1.000624191935989060e+00
-1.451320411332488458e-01 7.164721828134085202e-01 5.606086816670371453e-01 8.244273037120116721e-01 -4.040173060384298909e-01 1.042215752492622327e+00 -8.618100686299867697e-01 4.341462089064525576e-01 -1.214703386205474800e+00 -8.129299135593591741e-01 1.335046802995148996e-01 -7.025671315465723543e-01 -2.086071424404767061e-01 -7.604679736198916018e-01 -3.710257021623156737e-01
-6.881229270036657297e-01 1.067763325188501256e+00 1.523915554089534830e+00 -5.726233257229523116e-02 -6.777416977540215090e-03 -4.362296873367933758e-02 6.653656121292654824e-01 -6.371761212304407618e-01 -8.302548427733833503e-01 -8.473990555503588817e-01 8.414997047401034935e-01 4.812659538378092905e-01 5.206643109522363089e-01 -3.955205276064605036e-02 -1.221568464218073968e+00
7.556438246428374139e-01 5.333210116028581638e-01 4.248416585546819779e-01 -4.738643748134355183e-01 5.170426892174323497e-01 1.094441965304926212e+00 -2.651754478165342377e-01 2.301527026744398102e-02 1.959927609204191734e-01 5.841201051290639823e-01 4.766082543209591571e-01 -3.390909055108538017e-01 7.804241077113641678e-01 2.893600491080708381e-01 9.547843113182183372e-02
-4.580685992683708463e-02 1.102563871360364711e+00 4.138721279176661438e-01 -4.252535205549275443e-01 -6.505914606929780186e-01 -7.791579968463591133e-01 2.198725663374847539e-01 -9.782392065706982387e-02 -1.408258919425568745e-01 -1.209051395340642460e-01 5.038313426431825226e-01 -2.102895303884568523e-01 1.553541936294285664e-01 6.105262202788852566e-01 -1.105217052402357014e+00
2.525515983808450104e-01 -7.566916060521132470e-02 -8.775129452922829643e-01 5.752628346229220480e-01 8.048230208474259628e-01 9.819981113046941656e-01 -2.509950336671539980e-03 -8.746220594931511938e-01 8.818803625824411796e-01 -2.250066493494695674e-01 -4.124719933785075954e-01 3.361354045686510972e-01 1.764867708884206715e-02 1.955782026649274460e-02 -3.579569295370995108e-01
4.840019446435004369e-01 -9.609231470874071146e-01 6.730389383557711103e-01 -3.662556279474129539e-01 -7.448288576698927077e-01 -2.367397939405737617e-01 -9.125023666711995496e-01 -3.257561693580677264e-01 -3.929871871081300760e-01 -4.362866073575815129e-01 -6.838668769607050280e-01 7.433512463844158535e-01 -5.822475774245743363e-01 -7.884067726818866362e-01 7.788676366749305302e-01
4.074368938418759800e-01 6.181179020502893806e-01 6.327173620933295162e-01 -3.393844004020634131e-01 7.631842723020947350e-01 3.570379106673835512e-01 -8.779203026517292674e-01 -7.113574673044891217e-01 -9.126754998323123313e-01 -7.222485014590875885e-01 -4.623734499873235482e-01 -2.744573872414213245e-01 2.322072698914032785e-01 -8.270532559730217059e-01 -2.210086496927250455e-01
-2.705456929819061163e-01 2.575291831621326910e-01 -2.633381120477862325e-01 9.927177073281818753e-01 3.184977964309287923e-01 -6.848168341925786606e-01 -6.761032381554830106e-01 -6.201279320029984277e-01 4.389805118811431761e-01 2.506616198325390954e-01 -8.611234900636477452e-01 -9.504965907889970644e-01 6.438526528509562752e-01 -7.146016305227878007e-01 5.682269416620611135e-01
4.486681982541149694e-01 8.084693581705205689e-01 3.703730315733066124e-03 -2.880295073360158442e-01 2.993979504065805153e-01 -6.747855903986068604e-01 5.366449556799084142e-02 8.668629864505835725e-01 -6.711248010530410646e-01 -1.310330720213989109e+00 -6.124152257467393445e-01 -3.183414256175542412e-01 4.514448763405312093e-01 1.243039229457776479e-01 4.154484461808710116e-01
-1.050155319628381934e+00 -1.044883141149598682e+00 -4.549918787571261697e-02 7.842941124767272010e-01 -8.529021269354978285e-01 -9.892856266725001679e-02 -3.988268441366006334e-01 7.014857197549063672e-01 -5.945014456158608657e-02 -1.220847786110491745e-01 2.641396544582335082e-01 8.397514255038091013e-01 4.454299511012803081e-01 4.440872301557489132e-01 7.370257044435709615e-01
-3.025547198776330493e-01 4.485708779099268906e-01 -8.584772801421767241e-01 2.423251895889571017e-01 -5.969546287120590655e-01 -8.897221697088353309e-02 -7.648607255998802756e-01 5.291282785094180152e-01 -3.993020792322699020e-01 -6.478376134735994718e-01 4.145402648498202058e-01 -8.290074920565810856e-01 7.434806849860946532e-01 5.719163803689906178e-01 3.749841690223467694e-01
4.256456181914192172e-01 -9.821484358543375315e-02 -2.751616743821241329e-01 -3.876430868723184098e-01 -5.620956085879809105e-01 -1.569825488368188360e-01 3.571082746992353396e-01 5.647448784970034996e-01 -5.853253238357201127e-01 9.449234845509499880e-01 -4.444264574651746180e-01 -4.605017158420292578e-01 -9.703121299626074059e-01 -1.685123084365303114e-02 1.103413273721078891e-01
-2.968548830101467306e-01 1.221004432014634045e-01 -5.228678168367917323e-02 5.134179177606852384e-01 4.084173411298932521e-01 5.896092433892630158e-01 -2.996736159450013037e-01 -3.368796520566348374e-01 -2.181063731119086135e-01 1.235914313734349790e-01 -7.909937176812227300e-01 6.916737686967180387e-01 8.576817962198246548e-01 2.150308959221973737e-01 -7.342111930724819491e-01
1.010126362250572285e+00 -2.503630007067105256e-01 2.594381367290474749e-01 2.122700071604740057e-01 -3.009308204240686568e-01 -7.586120606916807452e-02 3.913517515569407412e-01 3.354636499714550579e-01 9.315794034345814545e-01 -2.548975156342452308e-01 -5.737780556211141691e-01 -3.645157484050349228e-01 1.146267011763730803e+00 -6.392741143689542049e-01 4.910135155799152384e-01
5.142854503095556362e-01 -9.970441217119849764e-01 6.079000280985724647e-01 1.023751655517777248e+00 -7.000052151537311529e-01 8.597183180520718837e-01 6.540315384189174797e-01 4.910810158955241644e-01 -7.396057931165267441e-01 8.164010877423772961e-01 7.147208207978108518e-01 8.213228301276430665e-01 2.889498440419587255e-01 8.401180084581914009e-01 -4.587103994825791897e-02
4.235701737174549231e-01 1.731690548704904187e-01 6.530202182983169124e-02 -2.593827872853745053e-01 5.301198050583666443e-01 -7.495296737050345381e-01 1.248600978563826347e+00 9.651083814557885887e-01 6.854578381920443109e-01 -9.688298835214140814e-01 -2.796267844178967898e-01 1.247894398499402646e+00 -1.345468041387867242e-01 -1.117024380878263612e+00 8.698450535771145020e-01
-8.177582582521500942e-01 1.519209235419696213e-01 -6.847392114105541605e-01 -5.318573897646142745e-01 2.497496085090909756e-01 -8.644320448420039771e-01 -2.163931128896227907e-01 9.748739741842038509e-02 8.051322616180039971e-01 2.974223982434057167e-01 7.325730702998802801e-01 -2.571142849735597591e-01 -6.809339510727870914e-01 2.696456529570738780e-01 9.070985452242463776e-01
-5.611597704457709224e-01 1.418495726798858492e-01 -1.868502841524525282e-01 8.134383762861631118e-01 6.180401670016659743e-01 6.556648419015203011e-01 1.118131160127069812e+00 3.137737416120901790e-02 -6.119184190809275753e-02 7.591989820760921548e-01 6.849210768438322994e-01 8.263645947653501800e-01 4.586726337776405593e-01 -2.090857140509397305e-01 7.044814224910749267e-01
6.417794016028920412e-01 8.330416269568291510e-01 -7.800092052613973870e-01 -1.284001137357402844e-01 -9.616895491680338415e-01 -7.721024710837489646e-01 6.161967374074089898e-01 -7.353023714740093419e-01 -2.667137174402087196e-01 -1.113759819139176627e-01 9.777781463850917509e-01 -2.578431555897928718e-01 -8.747286965722315122e-01 8.757997049384104171e-01 7.413085576245627417e-02
