1.881436425322489114e-01 -6.403458206119734264e-01 1.442098929273287200e-01 -2.529569071200199470e-01 -8.645441948687562217e-01 6.157172133274315673e-01 -7.700714413519352819e-01 2.458759959886930579e-01 -9.995029223061955292e-01 -3.787144927620412216e-01
6.269200492449125139e-01 -4.512780927993121360e-01 1.124628826369949569e-01 -9.489239911496195612e-01 -5.657388364580575590e-01 -5.883765029908476496e-01 -1.086204450331899468e-01 -7.148509121355611784e-01 -2.827532687902258868e-01 9.470488121682663074e-01
1.650962913136849730e-01 -2.041642010341696845e-01 -4.305587722219902935e-01 -7.309644107112373002e-01 -4.951103392984282925e-01 4.034688858690402280e-01 1.451424783695434984e-01 7.526701802745762171e-01 2.916886901514471608e-01 3.714203168606090566e-01
2.324967121601286546e-01 -8.203249981509251887e-01 2.488872762313713294e-01 -6.495136030973119867e-02 -3.592999891147918845e-01 -1.744437526485025092e-01 9.886999294867111487e-01 -1.388795086587453487e-01 -2.091381006218487326e-01 9.511279203579926511e-01
2.625382568897117325e-02 -8.713291341782150035e-01 -2.511784608751300163e-01 2.825224801698028032e-01 -4.060265697360345705e-01 -1.677436035109219348e-01 2.833923854631118511e-01 -2.039809472762349196e-01 -9.204850896649147129e-01 -2.720120226025669191e-02
6.565394580190253571e-01 -8.708244613680653501e-01 -7.245087376169827287e-02 1.363491394766981613e-01 6.454767060109314336e-01 4.696384982635697369e-01 -5.046950744114698795e-01 -2.889508826039123845e-01 4.256784423611034152e-01 -9.664119088621044851e-01
-7.117590963295949980e-01 -4.422093366577381501e-01 3.190616579078811577e-01 8.671100142835268532e-01 -5.450043201611852739e-01 1.915993959430293547e-01 -6.929303883046123991e-01 -4.816076639202937493e-01 8.085818391594595811e-01 6.721083893357343575e-01
4.118360301218804698e-01 -5.188389529791264110e-01 -2.847530257373321327e-01 8.634505169242262523e-01 1.366319166388579587e-01 5.142968007571053768e-01 9.429583670995447253e-01 3.527447143680304542e-01 5.020980335832783137e-01 -7.480738682313411436e-01
-6.363484777136201309e-01 -9.360767796790295248e-02 -7.377344755780106123e-02 1.310683636138603725e-01 -5.449658926626573807e-01 -6.483489508645854382e-01 -4.876283416787661196e-01 -2.480737508530338753e-01 -2.122001516117213160e-01 -4.021395960656354851e-01
-4.155300709271096404e-01 4.405405018850257898e-02 -1.285181409787279072e-01 -7.279618730405390536e-02 1.123231434116223199e-01 -5.315826732773931695e-01 5.081283909810730970e-01 -1.772392169149010765e-01 -1.654332447727806521e-01 5.567910288395611085e-01
4.664438929037823534e-01 1.917509227301645858e-01 -1.357206928936926377e-02 4.109823191156665168e-01 5.678994401615107268e-01 -2.899595605635788553e-01 7.965013474855682230e-01 8.229952379641950477e-01 2.756831546461543936e-01 3.866538461946517069e-01
-1.863876633135593264e-01 1.073555703465155914e-01 9.603875832249871847e-01 4.894847970027652595e-01 4.837547038551552880e-01 2.431461245350990397e-01 -1.511769923477183919e-01 4.052757373359436310e-01 8.971958734463368890e-01 -8.914640275326617402e-01
3.128533028126763704e-01 -6.432892737666668914e-01 -8.853503194618711492e-01 5.841020686003529638e-01 -3.967926300915722848e-01 9.711284508775149815e-01 4.228651884532989846e-02 -3.684274667563507827e-02 -6.671805556749221822e-01 3.047758797892393678e-01
2.341324387057638623e-01 1.953349255447697219e-01 2.101091928911197060e-01 -2.911731331773133591e-01 -2.836088376811669587e-01 -8.912716844528829896e-02 5.683416920673121930e-02 -6.720037655631889706e-01 6.652472505185660356e-01 8.981936077348533498e-01
-9.050087277829642618e-01 -2.044588114956233660e-01 2.312166463319897114e-01 -7.592092819795116521e-01 -4.744682317344167122e-01 2.695715061831571724e-01 1.729060488863957412e-01 8.338765084527336446e-01 8.057575762920373696e-01 1.240304877920802851e-01
