1.594693854493588192e-01 -6.386835858829554846e-01 1.443839933008323473e-01 -2.212873047043155128e-01 -8.761679525208204700e-01 6.136974882695700462e-01 -7.745386441620477624e-01 2.531180039752323196e-01 -9.956232852696159652e-01 -3.964016654902364767e-01
5.798341856809511308e-01 -4.484081568723496947e-01 1.139982482102861600e-01 -8.919939192412281725e-01 -5.857496754207848211e-01 -5.900296597679639543e-01 -1.148265358968014183e-01 -7.000015350865017583e-01 -2.751356705223472199e-01 9.186234394260018865e-01
1.117180053485373331e-01 -2.007895908176054733e-01 -4.277400225566355130e-01 -6.621759783749550099e-01 -5.185922982039048446e-01 4.030302135371508498e-01 1.390816793600594681e-01 7.720559177960663044e-01 3.014002312503495928e-01 3.397301055814216375e-01
1.867126709060242529e-01 -8.170409485587413201e-01 2.547720761177263982e-01 7.717983882781852267e-03 -3.820037290226536708e-01 -1.702042998933377405e-01 9.866355303559638523e-01 -1.140458004653241847e-01 -1.973484088518881463e-01 9.256629934642616186e-01
4.077536790481728346e-03 -8.697862247660119728e-01 -2.487532758249261788e-01 3.160448702941237031e-01 -4.167092264876324781e-01 -1.662562446493300872e-01 2.820080752292217219e-01 -1.929587384495113911e-01 -9.151988797103368656e-01 -3.974611617275494724e-02
6.124797620956711208e-01 -8.682469774978741617e-01 -7.197543563876492023e-02 1.858310136355661168e-01 6.274624322096679085e-01 4.668118777516833684e-01 -5.113712417489385542e-01 -2.773309886235597599e-01 4.318472226300918981e-01 -9.934863499779378326e-01
-7.548890266627371615e-01 -4.396584840406076444e-01 3.197741303382009015e-01 9.165216665820099529e-01 -5.628210633343729841e-01 1.891613438269873215e-01 -6.992423324942531604e-01 -4.696482092547613063e-01 8.148669940810655543e-01 6.457276140155410182e-01
3.408401214943433954e-01 -5.140955344784630121e-01 -2.787343058199534540e-01 9.638898662887187552e-01 1.037221370370397383e-01 5.167349035232022825e-01 9.369488576709230632e-01 3.839006212204269519e-01 5.172797820080837772e-01 -7.890997439081463005e-01
-6.447756362637568905e-01 -9.298101798296054543e-02 -7.249280257096314684e-02 1.452225641306919557e-01 -5.492907714574238875e-01 -6.473057325961143471e-01 -4.878298160626943769e-01 -2.430353991818924586e-01 -2.098330459128194825e-01 -4.067289799502063485e-01
-4.751876373086362793e-01 4.792706834690622919e-02 -1.244650780595543405e-01 7.642962825057504628e-03 8.541160253891734444e-02 -5.308711571314052025e-01 5.021706450727881910e-01 -1.534363920187956365e-01 -1.536784275979943548e-01 5.218198285579367379e-01
4.416206811115158115e-01 1.933318584365500414e-01 -1.215802259312539352e-02 4.433787650792622714e-01 5.569030311704810110e-01 -2.900261640585402034e-01 7.937761085076965317e-01 8.322547168867149292e-01 2.803024317701119372e-01 3.719676275200590743e-01
-2.381974505504303452e-01 1.107912613633923737e-01 9.645496874766279483e-01 5.618740700057394122e-01 4.599086234779008464e-01 2.446190152171409116e-01 -1.557704791775163244e-01 4.274673778410764680e-01 9.080452462143909775e-01 -9.215168919560225991e-01
2.832124213919552935e-01 -6.414407042171945683e-01 -8.840106590445501178e-01 6.214108933989720418e-01 -4.096653890217239469e-01 9.705845334122655821e-01 3.871704369953910679e-02 -2.661180420980008982e-02 -6.620128670671404647e-01 2.870666589224106224e-01
1.958809709089168738e-01 1.978796572231198148e-01 2.132545547579578760e-01 -2.374420818123632593e-01 -3.012680919455587580e-01 -8.794326413007569343e-02 5.350826880356167325e-02 -6.554480562391863385e-01 6.733297102429509629e-01 8.760412778576037729e-01
-9.666813308548160011e-01 -2.002502998719786487e-01 2.372282543976187430e-01 -6.688720424085876637e-01 -5.036351827588576580e-01 2.727322074834551691e-01 1.683937730473130945e-01 8.627948583503196600e-01 8.197272708467348012e-01 8.878002359109352093e-02
