1.634865971369482418e-01 -6.389274828380959725e-01 1.425792799095859653e-01 -2.259224777660759909e-01 -8.746755809561683748e-01 6.140682068188396681e-01 -7.754827045039367484e-01 2.529378200021998313e-01 -9.975347681796787880e-01 -3.947142419651056278e-01
5.929579682240323502e-01 -4.492304416141894019e-01 1.083515364822237453e-01 -9.080845108392402443e-01 -5.806474833295540705e-01 -5.891825013283583656e-01 -1.176966722229182555e-01 -7.014291731003110542e-01 -2.812473477728141824e-01 9.242336500904292373e-01
1.394256846987483034e-01 -2.021088472700312000e-01 -4.437328988227322024e-01 -6.806526627227825754e-01 -5.115269073539138178e-01 4.107672148998003370e-01 1.295242724411224677e-01 7.827549145861406599e-01 2.863243100486700943e-01 3.499796910767342117e-01
2.332427119665451409e-01 -8.193578292316202605e-01 2.289056607577527880e-01 -2.708090312182650714e-02 -3.692366685763419087e-01 -1.586589553671298725e-01 9.714367848801577221e-01 -9.941585407771345861e-02 -2.221369923792756440e-01 9.432634665347967573e-01
2.745853223811325905e-02 -8.707747488694731475e-01 -2.634670760551625079e-01 3.050900986110265944e-01 -4.118563214452228838e-01 -1.579473803203740867e-01 2.728964035377461905e-01 -1.798268763923950575e-01 -9.285707622127873373e-01 -3.157434897306492239e-02
6.321607414934529157e-01 -8.687318255380961363e-01 -8.775260935100823168e-02 1.895187761101542745e-01 6.284592835838386238e-01 4.787616377200610285e-01 -5.219551018422219357e-01 -2.548525500900404306e-01 4.187813873466219583e-01 -9.879365935316245517e-01
-7.339670174547886505e-01 -4.402176770508189341e-01 3.034296457170455041e-01 9.188147310963794556e-01 -5.613720843400261673e-01 2.012399247258091772e-01 -7.101262455032032461e-01 -4.471924786853024858e-01 8.012054266166628302e-01 6.517948299028095693e-01
3.903948381313250282e-01 -5.166190862447156418e-01 -3.057345502381262348e-01 9.247447220864412065e-01 1.178176921343433575e-01 5.282306379624028825e-01 9.212326051519941217e-01 3.976370590067477284e-01 4.911720541542879404e-01 -7.701406136423428750e-01
-6.350699379770529118e-01 -9.347448213614928392e-02 -7.778877971712126749e-02 1.375851904810912185e-01 -5.465371040498904209e-01 -6.450428641374336136e-01 -4.909146381161678674e-01 -2.403188753602116257e-01 -2.149505986378291711e-01 -4.030187177772591167e-01
-4.437631381146616150e-01 4.616156524496121960e-02 -1.399730563040315900e-01 -2.332274829248675435e-02 9.581948819647917448e-02 -5.259393231123933310e-01 4.935909625052096739e-01 -1.501616695278243929e-01 -1.693730658055195570e-01 5.344748069527613943e-01
4.652980091763665449e-01 1.926505772460073707e-01 -3.018178333844636144e-02 4.441728306230821044e-01 5.589736653526276022e-01 -2.770482973136245697e-01 7.818653998607445477e-01 8.560738434286337961e-01 2.650942337100431478e-01 3.790192557797069650e-01
-1.986629268712028495e-01 1.090126657046153053e-01 9.407166790670367096e-01 5.393686942429557485e-01 4.690669270662498613e-01 2.571395823857352547e-01 -1.702783098421462304e-01 4.461475450622654493e-01 8.859933183469120843e-01 -9.072894726390802189e-01
3.047791144418749987e-01 -6.421207707802077946e-01 -8.998464114588879958e-01 6.199216402206674248e-01 -4.072500508068675473e-01 9.815561374750174650e-01 2.836753789105119980e-02 -6.874089436549737225e-03 -6.755551498789186260e-01 2.937174503284559757e-01
2.138218639268262833e-01 1.965793923819457445e-01 2.072558973503742519e-01 -2.659875568437064519e-01 -2.927265226756544103e-01 -8.929924715882681108e-02 5.106298597080060481e-02 -6.631955285704161929e-01 6.658929742690328224e-01 8.843848559442475388e-01
-9.183120852608500639e-01 -2.027108151518886847e-01 2.108478725326534131e-01 -7.069815946254078831e-01 -4.899005452875430655e-01 2.839909969532214418e-01 1.530311111247746880e-01 8.762904306966590173e-01 7.942302027469650971e-01 1.072753989351495352e-01
