1.599439567246672689e-01 -6.388290659850314190e-01 1.472064670883186377e-01 -2.266041264391034649e-01 -8.745687710491030220e-01 6.119055758986372551e-01 -7.719817187157668181e-01 2.481398860969087627e-01 -9.938305851559349202e-01 -3.949957869000374489e-01
5.876434167873613168e-01 -4.491430786265294128e-01 1.145687434825268664e-01 -9.110487577418464600e-01 -5.802180508737995179e-01 -5.931688992419617001e-01 -1.131087201425394068e-01 -7.098355950851928942e-01 -2.763530041149337424e-01 9.235155729074105979e-01
1.156278035770584162e-01 -2.016186617135019565e-01 -4.147035745020328790e-01 -6.907377286204329225e-01 -5.100460239661942508e-01 3.941352425844422136e-01 1.511590882719653639e-01 7.470969060012029317e-01 3.093285434151699653e-01 3.472498313255961144e-01
1.981548176550254614e-01 -8.186803129191062567e-01 2.711634765777907186e-01 -4.340703054088555085e-02 -3.668512893077748305e-01 -1.837380399354455740e-01 1.002837231289408049e+00 -1.528972180729930574e-01 -1.887162879388737391e-01 9.390166915030999650e-01
5.944877274551479962e-03 -8.703611373855665301e-01 -2.375788919577427882e-01 2.950220368766713896e-01 -4.103857285299858937e-01 -1.733464106461893028e-01 2.921293393361823476e-01 -2.126542902751668296e-01 -9.080990866749267809e-01 -3.418702177811033804e-02
6.036645261505877436e-01 -8.681325407557349827e-01 -5.284403740725001491e-02 1.778396093210709572e-01 6.301774966559058333e-01 4.589977874360858801e-01 -4.959132255226829100e-01 -2.973032825354189890e-01 4.464627213122869254e-01 -9.911449436852955985e-01
-7.639641058609208946e-01 -4.395724875248589458e-01 3.403491532802248032e-01 9.069823716754560339e-01 -5.596274195905590609e-01 1.806116787443521055e-01 -6.825547658792906480e-01 -4.915914910885449407e-01 8.305023412447455344e-01 6.484878514441202446e-01
3.564978105791233864e-01 -5.160085137447975034e-01 -2.654390654958713180e-01 9.075570306727755998e-01 1.203183863990699015e-01 5.034616671124961806e-01 9.510831318843796511e-01 3.450895486740274687e-01 5.229754110383443289e-01 -7.744588594365000578e-01
-6.438348406033510551e-01 -9.327181663191429217e-02 -6.683121105854081256e-02 1.345835483113433928e-01 -5.460905041506269875e-01 -6.508961114077546073e-01 -4.827026225400749548e-01 -2.530082346879592992e-01 -2.062347916758031641e-01 -4.039155907195653983e-01
-4.667512240191612483e-01 4.668182780081435446e-02 -1.113696818691473078e-01 -3.155853005059360700e-02 9.704116684420156791e-02 -5.414297161747829712e-01 5.150047259300394309e-01 -1.836687240181690828e-01 -1.466376949246374073e-01 5.320672178248694317e-01
4.353520566401948289e-01 1.932455193875060317e-01 6.084201192961827959e-03 4.307775319390875768e-01 5.609348448583869606e-01 -2.982464334978254805e-01 8.088484038719705449e-01 8.107650013555055546e-01 2.938010048107873029e-01 3.754768087333391624e-01
-2.345699830657744511e-01 1.097418791845762576e-01 9.843922000459019994e-01 5.238171572973434609e-01 4.713477588034437615e-01 2.319167185369218620e-01 -1.377494882407301335e-01 3.921370758731353434e-01 9.205886332614137135e-01 -9.114593748412814778e-01
2.836188498787989287e-01 -6.417920844397081437e-01 -8.753223449718463556e-01 6.075022517588906101e-01 -4.054546875519853266e-01 9.654481860207694277e-01 4.642375174311182823e-02 -4.072896870642790657e-02 -6.562785198411625887e-01 2.907644021393654410e-01
2.035289086739689723e-01 1.968970727333851922e-01 2.210812975302660910e-01 -2.669458113202679561e-01 -2.925579196646340696e-01 -9.519196353578066039e-02 6.158455493944631209e-02 -6.764993089489240718e-01 6.770040998392596876e-01 8.837225280206266742e-01
-9.548694468174105943e-01 -2.019798108574409612e-01 2.551772125168563776e-01 -7.231825016460838862e-01 -4.875274237427119628e-01 2.581707868366573400e-01 1.860232836777011567e-01 8.210728765273351826e-01 8.293265902381471433e-01 1.029739732096806998e-01
