1.602031972468403731e-01 -6.387445985147421901e-01 1.442151174526929425e-01 -2.227459336991817751e-01 -8.757489578824732002e-01 6.135302832481677182e-01 -7.745729527747663434e-01 2.525435148227553883e-01 -9.958866469713911762e-01 -3.960304367532075931e-01
5.874661858809623327e-01 -4.490427179677120573e-01 1.122418571149120803e-01 -9.071643714181583107e-01 -5.813919270517282634e-01 -5.917686734512610514e-01 -1.151833621839074145e-01 -7.059765021579711419e-01 -2.778747605281520761e-01 9.224843991502499341e-01
1.116240041589825066e-01 -2.007817751079296054e-01 -4.277183895838941874e-01 -6.619891282028711466e-01 -5.186459713590065856e-01 4.030516324772187020e-01 1.390860742885937085e-01 7.721295097768773319e-01 3.014339678478464291e-01 3.396825512316586360e-01
1.855004374502551845e-01 -8.169401576560463285e-01 2.550510535799156986e-01 1.012759200464645459e-02 -3.826958946707606501e-01 -1.699280825831062935e-01 9.866922070792070176e-01 -1.130967628878431080e-01 -1.969133438025719163e-01 9.250497355467496297e-01
2.131164194667552539e-03 -8.696243940146997087e-01 -2.483053471815853119e-01 3.199137580836238781e-01 -4.178205736813829785e-01 -1.658127477300152253e-01 2.820990758697468626e-01 -1.914349554484597038e-01 -9.145003354774948745e-01 -4.073076842693171967e-02
6.119617616839470031e-01 -8.682039084596079315e-01 -7.185622556451058685e-02 1.868606651381538308e-01 6.271666623734252211e-01 4.669299083832785247e-01 -5.113470231746735095e-01 -2.769254546453170929e-01 4.320331306114300607e-01 -9.937484016910401730e-01
-7.705620907411619980e-01 -4.383553503340237301e-01 3.233810524376699580e-01 9.476756842492732869e-01 -5.717701288003009807e-01 1.927325796992732654e-01 -6.985095545702338926e-01 -4.573780259052533936e-01 8.204919851780900775e-01 6.377987529599203897e-01
3.408223573723686006e-01 -5.140940574841754707e-01 -2.787302176720451441e-01 9.639251767913159519e-01 1.037119940114193395e-01 5.167389512237233751e-01 9.369496882140994076e-01 3.839145284585128715e-01 5.172861574703070398e-01 -7.891087306164381587e-01
-6.462520825675218683e-01 -9.285825915706856504e-02 -7.215302045975108269e-02 1.481573593948533052e-01 -5.501337983577929691e-01 -6.469693122269302155e-01 -4.877607863406192568e-01 -2.418795137237428061e-01 -2.093031560793857659e-01 -4.074759007526773669e-01
-4.722923465860722203e-01 4.768633999206420282e-02 -1.251313860666772027e-01 1.887870019254979381e-03 8.706476659729613099e-02 -5.315308728090403223e-01 5.020352787452790899e-01 -1.557030673694626555e-01 -1.547175342114956165e-01 5.232845298913817444e-01
4.291625308044302312e-01 1.943676887952863197e-01 -9.290964981653536750e-03 4.681423615800030524e-01 5.497896293414186175e-01 -2.871874725904028924e-01 7.943585764586642561e-01 8.420079972726540740e-01 2.847736050015935994e-01 3.656651622011751757e-01
-2.437490564945876126e-01 1.112528485039350756e-01 9.658273068411201701e-01 5.729092338256873695e-01 4.567387464974520528e-01 2.458839940494461085e-01 -1.555109195752345796e-01 4.318136385644534281e-01 9.100376922258291978e-01 -9.243253990830605504e-01
2.710639109884856457e-01 -6.404306188049018189e-01 -8.812148604418872377e-01 6.455590054622427632e-01 -4.166019914863188789e-01 9.733526708951865114e-01 3.928503475660594102e-02 -1.710093579708333450e-02 -6.576528221825097553e-01 2.809208376241701388e-01
1.992368684591479255e-01 1.976006318078171176e-01 2.124822449545324676e-01 -2.441127424468300666e-01 -2.993519288568550762e-01 -8.870793284163921988e-02 5.335136727953454505e-02 -6.580753330778092991e-01 6.721252939432332818e-01 8.777389960101957822e-01
-9.666767374122164913e-01 -2.002506817928239313e-01 2.372271972852671162e-01 -6.688811729902777170e-01 -5.036325599776112494e-01 2.727311608299797241e-01 1.683935582856483926e-01 8.627912622198744552e-01 8.197256222811704074e-01 8.878234737206940064e-02
