1.799031376475593302e-01 -6.399342849206554051e-01 1.431346686717348826e-01 -2.470246656726731993e-01 -8.668954276704247119e-01 6.147340476722235048e-01 -7.722779569396239774e-01 2.472497232642472398e-01 -9.994679519088885966e-01 -3.846403744159871407e-01
6.157130403151115372e-01 -4.507239347205947433e-01 1.108823180628813049e-01 -9.411592788460458880e-01 -5.688287858762998139e-01 -5.897299852055090108e-01 -1.117160293726871534e-01 -7.130106951612176225e-01 -2.828182025844206415e-01 9.388943106344816991e-01
1.562540880687572076e-01 -2.037478584682656524e-01 -4.322526956174592150e-01 -7.259833125627512818e-01 -4.971413167831945645e-01 4.023390893532403645e-01 1.423421124112319858e-01 7.540161461616661231e-01 2.912124085713582722e-01 3.646262009206687194e-01
2.360691769969741893e-01 -8.205764128224649623e-01 2.477911224687530112e-01 -7.152668849419337171e-02 -3.568579356592880281e-01 -1.742339800987436071e-01 9.884049838229457263e-01 -1.398454386392518345e-01 -2.106392462377536523e-01 9.524372966311059896e-01
2.412491396476066849e-02 -8.712328130215515332e-01 -2.516701999710152515e-01 2.835067661190757704e-01 -4.064391586429995651e-01 -1.680272453754845519e-01 2.826509400800057970e-01 -2.036767733527025392e-01 -9.206795629164812311e-01 -2.890464714259992005e-02
6.467322379906468299e-01 -8.703544908882659970e-01 -7.415441577132046713e-02 1.423229668834518624e-01 6.430644752093382932e-01 4.684096795432159399e-01 -5.076606739651781108e-01 -2.874164727972508548e-01 4.253168730129178732e-01 -9.738062162114421438e-01
-7.191178505259265830e-01 -4.418759558821309663e-01 3.173713162725821935e-01 8.705363508939225614e-01 -5.464390216894008390e-01 1.906202666126462497e-01 -6.954857283789022127e-01 -4.805540352336077903e-01 8.079185619459354761e-01 6.662278696050997207e-01
4.007535240266294485e-01 -5.183019700626332327e-01 -2.865518356522241961e-01 8.705246915146453990e-01 1.337910352821038706e-01 5.129256843275397104e-01 9.397082736829025507e-01 3.545085836164076909e-01 5.018095338849963838e-01 -7.563279024696740738e-01
-6.372361031927704644e-01 -9.356302242206609998e-02 -7.388226733259191381e-02 1.317252876847584131e-01 -5.452255283933428176e-01 -6.484538829327932685e-01 -4.878604104345410364e-01 -2.479241208451251621e-01 -2.121897286303508212e-01 -4.027722597546964933e-01
-4.271443208639330580e-01 4.462797697839154809e-02 -1.301640223289430021e-01 -6.476951924910473446e-02 1.091280892454303542e-01 -5.329864304779634576e-01 5.049140048625018196e-01 -1.753339986966280517e-01 -1.655080352769525143e-01 5.483338533220376565e-01
4.731536709966405185e-01 1.913222835267694155e-01 -1.469853694480263012e-02 4.010217657682191850e-01 5.716370486866362288e-01 -2.894363948288332100e-01 7.966942494288440368e-01 8.214020679446133455e-01 2.737504978307024328e-01 3.898648176858094394e-01
-1.956305399931839162e-01 1.078117192687497450e-01 9.590650278888714908e-01 4.958399833588814642e-01 4.812235989304552986e-01 2.420272202813930906e-01 -1.537452669018960771e-01 4.067889348859759502e-01 8.971242485053352311e-01 -8.982046958289189309e-01
3.164396167803982807e-01 -6.435496338346975431e-01 -8.866212980586533066e-01 5.770641305867412196e-01 -3.941857712784054280e-01 9.713154035180453505e-01 4.185378457500842087e-02 -3.785286091914971673e-02 -6.688497648949375263e-01 3.059528006688112534e-01
2.308367355460272385e-01 1.954692015474889244e-01 2.090304573210363670e-01 -2.904629939769002855e-01 -2.839584250906693752e-01 -8.961025368685943127e-02 5.543202476811859292e-02 -6.716081529812383266e-01 6.646442099056193431e-01 8.953005718984983208e-01
-9.155037016432417962e-01 -2.039346748434607004e-01 2.298475030376326278e-01 -7.516534474385763165e-01 -4.774629468989571857e-01 2.683193962286152812e-01 1.700960625092736989e-01 8.356261233829495039e-01 8.058023470041626446e-01 1.164835781678536797e-01
