1.634583909772843180e-01 -6.389273922442193498e-01 1.426077937187459621e-01 -2.259502272007811730e-01 -8.746716357021963040e-01 6.140424567449755955e-01 -7.754624649121559798e-01 2.528857233083045553e-01 -9.975128927956151692e-01 -3.947198832485228626e-01
5.927219801586394166e-01 -4.492296836565689011e-01 1.085900985105474059e-01 -9.083166776953401911e-01 -5.806144751900750300e-01 -5.893979404447546866e-01 -1.175273367952805598e-01 -7.018650423626354717e-01 -2.810643264176769796e-01 9.241864520466038790e-01
1.395413818953438190e-01 -2.021092188717547311e-01 -4.438498579488016071e-01 -6.805388389395822246e-01 -5.115430901604307579e-01 4.108728376217060108e-01 1.294412528433756260e-01 7.829686069677833649e-01 2.862345806902332201e-01 3.500028307272343153e-01
2.332955530176419323e-01 -8.193579989490052951e-01 2.288522433601085093e-01 -2.702891769330187724e-02 -3.692440595636018452e-01 -1.586107155150899839e-01 9.713988682932769292e-01 -9.931825681183630017e-02 -2.221779734380529281e-01 9.432740348414664355e-01
2.765028269266919109e-02 -8.707753647426446086e-01 -2.636609179653229273e-01 3.052787441686561354e-01 -4.118831419784503289e-01 -1.577723267708256438e-01 2.727588112185418967e-01 -1.794727138671060596e-01 -9.287194749368081759e-01 -3.153599853215341420e-02
6.322494347857601227e-01 -8.687321104074037237e-01 -8.784227003650207921e-02 1.896060332466446841e-01 6.284468778693442781e-01 4.788426079356230547e-01 -5.220187445376964774e-01 -2.546887338401522816e-01 4.187126009589602904e-01 -9.879188547112720542e-01
-7.331121030860097143e-01 -4.402204229051892015e-01 3.025654066483481897e-01 9.196558023637060320e-01 -5.614916629834642015e-01 2.020203963818545390e-01 -7.107396972470009233e-01 -4.456134543619766908e-01 8.005423948398667777e-01 6.519658143370326009e-01
3.903958143381879853e-01 -5.166190893801430040e-01 -3.057355370926475024e-01 9.247456824861880476e-01 1.178175555902675475e-01 5.282315291648610467e-01 9.212319046656949340e-01 3.976388620579508482e-01 4.911712970537004397e-01 -7.701404183991884533e-01
-6.349847997880131434e-01 -9.347475558700821252e-02 -7.787484652321713385e-02 1.376689500799102295e-01 -5.465490125047274272e-01 -6.449651394601803034e-01 -4.909757298142812254e-01 -2.401616253755965991e-01 -2.150166278529338781e-01 -4.030016899840492273e-01
-4.441397647302013363e-01 4.616277491212322087e-02 -1.395923217564001284e-01 -2.369327642537258360e-02 9.587216774125420504e-02 -5.262831545054261762e-01 4.938612144304329044e-01 -1.508572977784040647e-01 -1.690809717394826939e-01 5.343994809422003556e-01
4.659142432949385237e-01 1.926485979961440054e-01 -3.080473882987742884e-02 4.447790864423842305e-01 5.588874714101345065e-01 -2.764857225335089486e-01 7.814232153467967068e-01 8.572120260322063645e-01 2.646163112215690338e-01 3.791425037282277755e-01
-1.986165933960808427e-01 1.090125168885703183e-01 9.406698402246318480e-01 5.394142774686724318e-01 4.690604463071198493e-01 2.571818813169258200e-01 -1.703115568574588845e-01 4.462331228544674233e-01 8.859573842610466432e-01 -9.072802058594836572e-01
3.057019296613752157e-01 -6.421237347217391145e-01 -9.007792919847115165e-01 6.208295128620898717e-01 -4.073791268829304868e-01 9.823985974322829717e-01 2.770536326131138594e-02 -5.169652441757672384e-03 -6.762708423938468272e-01 2.939020150567620560e-01
2.137455304594636230e-01 1.965796375533835072e-01 2.073330634001602224e-01 -2.660626542902797542e-01 -2.927158457554744353e-01 -8.936893379629590184e-02 5.111775975911653225e-02 -6.633365162600038945e-01 6.659521749519816680e-01 8.843695891114442542e-01
-9.183175208589757776e-01 -2.027107976935777767e-01 2.108533674177945627e-01 -7.069869422082433186e-01 -4.898997849991751363e-01 2.839860346664408453e-01 1.530350114886830926e-01 8.762803911629166720e-01 7.942344183437720639e-01 1.072743118056028455e-01
