1.600528681214941351e-01 -6.388333405871318149e-01 1.470492050562668129e-01 -2.266234016467076340e-01 -8.745664768958664181e-01 6.119566855652740500e-01 -7.721031098707719087e-01 2.482623443255434770e-01 -9.939581908425105805e-01 -3.949932585235547133e-01
5.877677066939758221e-01 -4.491479568111029219e-01 1.143892757330790405e-01 -9.110707546477984087e-01 -5.802154327814801338e-01 -5.931105727868938304e-01 -1.132472519744596035e-01 -7.096958455066856297e-01 -2.764986279828673399e-01 9.235184582957728372e-01
1.157603424967470346e-01 -2.016238636589456901e-01 -4.148949533700251879e-01 -6.907611854419141162e-01 -5.100432321133632207e-01 3.941974401156378427e-01 1.510113622027670632e-01 7.472459306377708943e-01 3.091732546176921836e-01 3.472529082146761370e-01
1.980159014394825001e-01 -8.186748606747676904e-01 2.713640639082053885e-01 -4.338244506156761771e-02 -3.668542154945172440e-01 -1.838032301880151986e-01 1.002992065405441835e+00 -1.530534132387852408e-01 -1.885535272032912435e-01 9.390134665651900248e-01
5.905543000967912459e-03 -8.703595935768065894e-01 -2.375220954426556785e-01 2.950289982811834522e-01 -4.103865570828617026e-01 -1.733648693352597969e-01 2.921731807801515868e-01 -2.126985171018168641e-01 -9.080530008002357656e-01 -3.418793492269567302e-02
6.036637008248610936e-01 -8.681325083629901629e-01 -5.284284568255767645e-02 1.778397553877378856e-01 6.301774792709144979e-01 4.589974001293027350e-01 -4.959123056259032158e-01 -2.973042105184352524e-01 4.464636883025107639e-01 -9.911449628452202454e-01
-7.644488342711482920e-01 -4.395534626923723875e-01 3.410490742894724536e-01 9.070681592147860073e-01 -5.596376301037243595e-01 1.803842066139971778e-01 -6.820144942153909540e-01 -4.921365119423288248e-01 8.310702717221055691e-01 6.484765984811738937e-01
3.564365859330391184e-01 -5.160061107731308550e-01 -2.653506604938660751e-01 9.075678662491996063e-01 1.203170967386297668e-01 5.034329357644233838e-01 9.511513720384818793e-01 3.450207086634619058e-01 5.230471446973237182e-01 -7.744602807657624544e-01
-6.439724377354517637e-01 -9.326641615953920605e-02 -6.663252841164514495e-02 1.346079003384429429e-01 -5.460934025516680501e-01 -6.509606826441609595e-01 -4.825492586564251174e-01 -2.531629466974752440e-01 -2.060735764400783432e-01 -4.039187850349724718e-01
-4.666642879370210273e-01 4.667841569546863495e-02 -1.114952127624636025e-01 -3.157391605316420269e-02 9.704299810061753351e-02 -5.413889190286039765e-01 5.149078281605672380e-01 -1.835709744810819499e-01 -1.467395533046868816e-01 5.320692360447434321e-01
4.349248690303036402e-01 1.932622858335138194e-01 6.701036469674476886e-03 4.308531358713341142e-01 5.609258464076610773e-01 -2.984469030259837008e-01 8.093245413459118076e-01 8.102846784551838155e-01 2.943015177951488481e-01 3.754668915792301331e-01
-2.346291141412906456e-01 1.097441999868703083e-01 9.844775820478229855e-01 5.238276223523298247e-01 4.713465132428116267e-01 2.318889696543846579e-01 -1.376835815517817307e-01 3.920705898397545686e-01 9.206579139951940327e-01 -9.114607475683338400e-01
2.833213736437930619e-01 -6.417804089624299380e-01 -8.748928057448495110e-01 6.075548992903161416e-01 -4.054609537104150729e-01 9.653085871206864566e-01 4.675531469066391416e-02 -4.106344621623025937e-02 -6.559299827705360464e-01 2.907574962329252388e-01
2.035050375536517353e-01 1.968980096375478606e-01 2.211157661074565350e-01 -2.669415865943598476e-01 -2.925584224954628776e-01 -9.520316571514121640e-02 6.161116136403550075e-02 -6.765261492539310639e-01 6.770320683603343603e-01 8.837219738529180635e-01
-9.548746423427048047e-01 -2.019796069411936013e-01 2.551847145679652096e-01 -7.231815821387450605e-01 -4.875275331833354153e-01 2.581683486936022787e-01 1.860290745392151057e-01 8.210670347619838383e-01 8.293326775585891930e-01 1.029738525956370582e-01
