1.602650674695529909e-01 -6.387497427017529983e-01 1.442008789430763993e-01 -2.228689157786157282e-01 -8.757136309884672176e-01 6.135161856117596901e-01 -7.745758454531302961e-01 2.524950776459046753e-01 -9.959088519116752192e-01 -3.959991371683329042e-01
5.876456918679390240e-01 -4.490576429562779248e-01 1.122005464874448882e-01 -9.075211831214519131e-01 -5.812894320436722273e-01 -5.918095753589399655e-01 -1.151917548009367132e-01 -7.061170344343350447e-01 -2.779391844068240247e-01 9.225752096020076731e-01
1.116821661781535191e-01 -2.007866109771154761e-01 -4.277317747057343134e-01 -6.621047393280315996e-01 -5.186127617890982089e-01 4.030383797853245853e-01 1.390833549834564753e-01 7.720839756914148477e-01 3.014130937648729081e-01 3.397119748699729547e-01
1.854030410610826851e-01 -8.169320596531928214e-01 2.550734679072454991e-01 1.032119095975980033e-02 -3.827515064297943859e-01 -1.699058900190292820e-01 9.866967607467928003e-01 -1.130205128612531140e-01 -1.968783886834429286e-01 9.250004635962743027e-01
1.879058974882188288e-03 -8.696034327777735218e-01 -2.482473289227378199e-01 3.204148783771352260e-01 -4.179645216742496894e-01 -1.657553034932033875e-01 2.821108627889264420e-01 -1.912375864302092998e-01 -9.144098560658296959e-01 -4.085830617252331209e-02
6.119057571542878549e-01 -8.681992519744462511e-01 -7.184333695672545650e-02 1.869719877294300503e-01 6.271346846950465181e-01 4.669426694735368533e-01 -5.113444047407301740e-01 -2.768816096228070012e-01 4.320532303812740227e-01 -9.937767338749661228e-01
-7.719694038715125828e-01 -4.382383395716928365e-01 3.237049245794116348e-01 9.504730605572452307e-01 -5.725736817795746836e-01 1.930532475093133526e-01 -6.984437570982817700e-01 -4.562762636682610173e-01 8.209970634314128768e-01 6.370868060032522928e-01
3.408204944414063853e-01 -5.140939025911617222e-01 -2.787297889462501121e-01 9.639288798186129714e-01 1.037109303080454570e-01 5.167393757077838323e-01 9.369497753135124229e-01 3.839159869164353034e-01 5.172868260677188079e-01 -7.891096730563262884e-01
-6.465020588109284816e-01 -9.283747493344780832e-02 -7.209549215308598547e-02 1.486542478312506688e-01 -5.502765307396666472e-01 -6.469123530948035494e-01 -4.877490989595315019e-01 -2.416838114459831932e-01 -2.092134407476169689e-01 -4.076023614684161078e-01
-4.718705970072978317e-01 4.765127370961372288e-02 -1.252284454462925245e-01 1.049540400837462029e-03 8.730557876853425880e-02 -5.316269719009156791e-01 5.020155602793017202e-01 -1.560332481581868935e-01 -1.548688982085997812e-01 5.234978891805186496e-01
4.280015139693096327e-01 1.944642213025348509e-01 -9.023774261351629605e-03 4.704501642414577467e-01 5.491267075532763053e-01 -2.869229254061915757e-01 7.944128586017049631e-01 8.429169382026159285e-01 2.851902886397367776e-01 3.650778143078184379e-01
-2.439558467017748644e-01 1.112700420334088863e-01 9.658748965252129670e-01 5.733202795367169369e-01 4.566206726420417583e-01 2.459311128899133725e-01 -1.555012513126681761e-01 4.319755312067838360e-01 9.101119082864896903e-01 -9.244300123745169406e-01
2.699917925321996259e-01 -6.403414777351756904e-01 -8.809681283584940292e-01 6.476901010260330827e-01 -4.172141537415437473e-01 9.735969618564987993e-01 3.933516054775749310e-02 -1.626159194158736249e-02 -6.572680437664075725e-01 2.803784626148853043e-01
1.995661274553939823e-01 1.975732556359302838e-01 2.124064709039660548e-01 -2.447672245911527711e-01 -2.991639273085995865e-01 -8.878295719761600258e-02 5.333597311522011997e-02 -6.583331045150470073e-01 6.720071243936651673e-01 8.779055651519720449e-01
-9.666740332158869631e-01 -2.002509066326745579e-01 2.372265749547864122e-01 -6.688865482366114223e-01 -5.036310159253529761e-01 2.727305446567228620e-01 1.683934318537418928e-01 8.627891451491721542e-01 8.197246517574615643e-01 8.878371540048149435e-02
