1.797915974344804768e-01 -6.399278608766115761e-01 1.431383833209713130e-01 -2.468975541190893408e-01 -8.669438896153859320e-01 6.147232710144096002e-01 -7.722931888966511060e-01 2.472726485451241796e-01 -9.994501023709999599e-01 -3.847058553341727305e-01
6.159148186875647024e-01 -4.507355559387720700e-01 1.108755981915768574e-01 -9.413892260704070925e-01 -5.687411172937297810e-01 -5.897104900260202731e-01 -1.116884744719623124e-01 -7.130521674314929115e-01 -2.828504927388392765e-01 9.390127668641545799e-01
1.563413338250496665e-01 -2.037528832980162186e-01 -4.322556011828427303e-01 -7.260827380822103549e-01 -4.971034102836207058e-01 4.023475187585223711e-01 1.423540267116799318e-01 7.539982142121645081e-01 2.911984468225900513e-01 3.646774195087647552e-01
2.367620229204039084e-01 -8.206163165720173902e-01 2.477680484624427137e-01 -7.231625773823938119e-02 -3.565569082532881184e-01 -1.741670395467352361e-01 9.884995990208265138e-01 -1.399878418762604826e-01 -2.107501208651176017e-01 9.528440395086300585e-01
2.421233432099747021e-02 -8.712378479072065973e-01 -2.516731113511406770e-01 2.834071416250086850e-01 -4.064011762833152352e-01 -1.680187991009156057e-01 2.826628782238621018e-01 -2.036947411883895109e-01 -9.206935526060990860e-01 -2.885332605367164210e-02
6.467801065377015712e-01 -8.703572478280826585e-01 -7.415600994849529115e-02 1.422684157469963906e-01 6.430852731155705104e-01 4.684143044487762420e-01 -5.076541370254362695e-01 -2.874263114003529074e-01 4.253092127133654698e-01 -9.737781144504105146e-01
-7.189576057426509959e-01 -4.418851850158859174e-01 3.173659796039009495e-01 8.703537354694615980e-01 -5.463693986032236438e-01 1.906357489498964053e-01 -6.954638453146215760e-01 -4.805869709485777741e-01 8.078929183215279863e-01 6.663219430809673716e-01
4.007472173436962271e-01 -5.183016068357053641e-01 -2.865516256193194611e-01 8.705318786289916178e-01 1.337882951571501833e-01 5.129250749960525546e-01 9.397074124408377749e-01 3.545098798527483996e-01 5.018105431297599228e-01 -7.563316048777811718e-01
-6.372429071908131126e-01 -9.356263055278511709e-02 -7.388204073748834422e-02 1.317330415408601574e-01 -5.452284845915564837e-01 -6.484545403132719876e-01 -4.878613395900709970e-01 -2.479227223937334468e-01 -2.121886398013312081e-01 -4.027762541171498456e-01
-4.273240751723649256e-01 4.463832974321568087e-02 -1.301580359300817391e-01 -6.456467071262207702e-02 1.090499896689520881e-01 -5.330037977629908941e-01 5.048894575730006329e-01 -1.752970531153359712e-01 -1.654792695856343310e-01 5.482283265632208469e-01
4.738983937137401514e-01 1.912793919865521663e-01 -1.472333861584185742e-02 4.001730775781328631e-01 5.719606155001752956e-01 -2.893644421073261475e-01 7.967959489335417755e-01 8.212490022744511897e-01 2.736313214727913445e-01 3.903020154099601791e-01
-1.960593353414874229e-01 1.078364152965523431e-01 9.590793081584639834e-01 4.963286397939723482e-01 4.810372961075048970e-01 2.419857914494646656e-01 -1.538038232928022331e-01 4.068770668119175982e-01 8.971928676930229773e-01 -8.984564248900852590e-01
3.170247882089203273e-01 -6.435833361822748122e-01 -8.866407861566238946e-01 5.763972675125264011e-01 -3.939315262417582009e-01 9.713719409055368015e-01 4.193369571922028749e-02 -3.797313341092396072e-02 -6.689434086068904994e-01 3.062963320408422230e-01
2.311388320131470275e-01 1.954518026116549012e-01 2.090203965332725622e-01 -2.908072639958274030e-01 -2.838271703444357197e-01 -8.958106609466191805e-02 5.547327913081172290e-02 -6.716702440080480896e-01 6.645958660645325811e-01 8.954779209773784387e-01
-9.157269866539536896e-01 -2.039218149725356422e-01 2.298549391494317251e-01 -7.513989911862513082e-01 -4.775599596766907373e-01 2.682978231466834895e-01 1.700655706571058412e-01 8.356720159937388592e-01 8.058380788191614741e-01 1.163524962278526809e-01
