1.634323675185209712e-01 -6.389273086608446839e-01 1.426341010199064785e-01 -2.259758292777161726e-01 -8.746679957471199529e-01 6.140186993106654390e-01 -7.754437915376741763e-01 2.528376580565494525e-01 -9.974927102127362222e-01 -3.947250879877758911e-01
5.925260721928313767e-01 -4.492290544301063004e-01 1.087881432786592245e-01 -9.085094134442044389e-01 -5.805870731371378657e-01 -5.895767894851855484e-01 -1.173867612152719869e-01 -7.022268837989724677e-01 -2.809123893215164647e-01 9.241472700958532904e-01
1.396458667391771435e-01 -2.021095544611137829e-01 -4.439554824270244837e-01 -6.804360459544265272e-01 -5.115577046719440579e-01 4.109682243201594476e-01 1.293662787734678465e-01 7.831615901668695923e-01 2.861535471105145501e-01 3.500237278867162072e-01
2.333423884478950383e-01 -8.193581493772534863e-01 2.288048970876604415e-01 -2.698284064030413709e-02 -3.692506105322357346e-01 -1.585679583371243928e-01 9.713652610953990019e-01 -9.923175190998431705e-02 -2.222142968169453225e-01 9.432834020130053121e-01
2.783982776386059732e-02 -8.707759735324615002e-01 -2.638525304376184155e-01 3.054652200533346518e-01 -4.119096540401387951e-01 -1.575992865681919153e-01 2.726228013926494387e-01 -1.791226246784014264e-01 -9.288664772681813897e-01 -3.149808917194027447e-02
6.323348745489777434e-01 -8.687323848268728721e-01 -8.792864170609797358e-02 1.896900895364368456e-01 6.284349272327023339e-01 4.789206079271144390e-01 -5.220800526331615954e-01 -2.545309268489180932e-01 4.186463378569654781e-01 -9.879017666026761457e-01
-7.324576443702059958e-01 -4.402225249266202844e-01 3.019038096373459212e-01 9.202996638328962975e-01 -5.615832034795419370e-01 2.026178673057157653e-01 -7.112093101756346014e-01 -4.444046710398030231e-01 8.000348271336429340e-01 6.520967072747707594e-01
3.903967511860139683e-01 -5.166190923891550435e-01 -3.057364841588358639e-01 9.247466041642146140e-01 1.178174245514217594e-01 5.282323844355184539e-01 9.212312324218380200e-01 3.976405924131285463e-01 4.911705704781493820e-01 -7.701402310279131802e-01
-6.348922855725261938e-01 -9.347505272853744163e-02 -7.796836980736542022e-02 1.377599662697264471e-01 -5.465619526596606770e-01 -6.448806810329906769e-01 -4.910421142486633972e-01 -2.399907518918393545e-01 -2.150883775706990131e-01 -4.029831869720864601e-01
-4.445200360756053626e-01 4.616399628560084040e-02 -1.392079027252010048e-01 -2.406739027125836747e-02 9.592535708194423194e-02 -5.266303132590192115e-01 4.941340816654140045e-01 -1.515596578343174627e-01 -1.687860509906737583e-01 5.343234259790138330e-01
4.664071029817174474e-01 1.926470150061109776e-01 -3.130297422310006350e-02 4.452639655560262089e-01 5.588185341049461963e-01 -2.760357792058658055e-01 7.810695593020001715e-01 8.581223364233185880e-01 2.642340721976736972e-01 3.792410765651957338e-01
-1.985829457861472414e-01 1.090124088175866562e-01 9.406358256143563246e-01 5.394473802435968413e-01 4.690557399462283450e-01 2.572125990201320489e-01 -1.703357010124084414e-01 4.462952698909979365e-01 8.859312887415257132e-01 -9.072734762760803484e-01
3.064179483876468546e-01 -6.421260344645209894e-01 -9.015031204519377006e-01 6.215339375384407727e-01 -4.074792779051739644e-01 9.830522679535199648e-01 2.719157737553840742e-02 -3.847167961406064429e-03 -6.768261531777528539e-01 2.940452201089587270e-01
2.136763767229835909e-01 1.965798596646223251e-01 2.074029714084883458e-01 -2.661306882629274617e-01 -2.927061730791234995e-01 -8.943206588671727408e-02 5.116738166486878292e-02 -6.634642430077795083e-01 6.660058073699698378e-01 8.843557582379225623e-01
-9.183233391835198267e-01 -2.027107790060080350e-01 2.108592492038177668e-01 -7.069926663202441564e-01 -4.898989711780704082e-01 2.839807229796121324e-01 1.530391864814868996e-01 8.762696447346056683e-01 7.942389307653680008e-01 1.072731481300739087e-01
