1.601529737082470761e-01 -6.388372695749501284e-01 1.469046581268252660e-01 -2.266411183964988918e-01 -8.745643682317364442e-01 6.120036628634861753e-01 -7.722146861901696413e-01 2.483749014424969093e-01 -9.940754792301343956e-01 -3.949909345738239486e-01
5.878731123912728229e-01 -4.491520938199761170e-01 1.142370757372135337e-01 -9.110894094144917910e-01 -5.802132124737011676e-01 -5.930611082661234601e-01 -1.133647357246618942e-01 -7.095773290304026037e-01 -2.766221262279036086e-01 9.235209052874923108e-01
1.159012937228089402e-01 -2.016293957742664178e-01 -4.150984791430527010e-01 -6.907861310786753695e-01 -5.100402630603451115e-01 3.942635853528302925e-01 1.508542598918102551e-01 7.474044139367672646e-01 3.090081095686032508e-01 3.472561803953254644e-01
1.978891995735218567e-01 -8.186698878245597388e-01 2.715470143935196923e-01 -4.336002128553151369e-02 -3.668568843933132650e-01 -1.838626885213043294e-01 1.003133285574298039e+00 -1.531958747857151693e-01 -1.884050773709744775e-01 9.390105251832269184e-01
5.866466242851706495e-03 -8.703580598751261554e-01 -2.374656707656577215e-01 2.950359141104458849e-01 -4.103873802113286451e-01 -1.733832071781188089e-01 2.922167352008989694e-01 -2.127424543822036551e-01 -9.080072166427110014e-01 -3.418884208906320527e-02
6.036640676851056098e-01 -8.681325227616814022e-01 -5.284337540845605169e-02 1.778396904605807349e-01 6.301774869986054295e-01 4.589975722885564213e-01 -4.959127145233198641e-01 -2.973037980266574620e-01 4.464632584718893904e-01 -9.911449543285650865e-01
-7.648088805394320788e-01 -4.395393314390829143e-01 3.415689611831554395e-01 9.071318804301083949e-01 -5.596452142623683512e-01 1.802152450059197331e-01 -6.816131915635508243e-01 -4.925413421944893622e-01 8.314921187702746241e-01 6.484682400123272794e-01
3.563770293743954709e-01 -5.160037732712889902e-01 -2.652646641178467712e-01 9.075784066064578326e-01 1.203158422154508439e-01 5.034049872122332570e-01 9.512177529651113517e-01 3.449537442236735307e-01 5.231169239470370158e-01 -7.744616633703993447e-01
-6.441182950327292156e-01 -9.326069148859131297e-02 -6.642191854318572897e-02 1.346337142547777976e-01 -5.460964749481330704e-01 -6.510291301901258709e-01 -4.823866881055159928e-01 -2.533269463042972514e-01 -2.059026832084843162e-01 -4.039221711099932333e-01
-4.665765593665389122e-01 4.667497248619413563e-02 -1.116218879651051377e-01 -3.158944231082064930e-02 9.704484605032498434e-02 -5.413477499854872921e-01 5.148100470944159124e-01 -1.834723338828076478e-01 -1.468423402011442558e-01 5.320712726622227606e-01
4.345620445519410291e-01 1.932765261272066382e-01 7.224934945021015131e-03 4.309173487760260546e-01 5.609182037276885247e-01 -2.986171683855060599e-01 8.097289405527512418e-01 8.098767244281480648e-01 2.947266199241899143e-01 3.754584686142772298e-01
-2.346778959051672442e-01 1.097461145948581407e-01 9.845480202162590899e-01 5.238362557796240049e-01 4.713454856842205221e-01 2.318660774708085626e-01 -1.376292100641992311e-01 3.920157404064716911e-01 9.207150689913946584e-01 -9.114618800362679352e-01
2.831144387037844434e-01 -6.417722870894672083e-01 -8.745940031390945224e-01 6.075915227663289953e-01 -4.054653126707828403e-01 9.652114772120129471e-01 4.698596154774616757e-02 -4.129612054540418575e-02 -6.556875281159668667e-01 2.907526922413227188e-01
2.034734550618040039e-01 1.968992492009904727e-01 2.211613694785447559e-01 -2.669359971050616065e-01 -2.925590877617068042e-01 -9.521798666755690310e-02 6.164636277798326430e-02 -6.765616601014661224e-01 6.770690718849737832e-01 8.837212406658322417e-01
-9.548794205590509510e-01 -2.019794194036702295e-01 2.551916140480386952e-01 -7.231807364870067589e-01 -4.875276338335962079e-01 2.581661063842418113e-01 1.860344002738767155e-01 8.210616622121237329e-01 8.293382759403492566e-01 1.029737416694145452e-01
