1.810110842983003732e-01 -6.399980959703758243e-01 1.430977704709283926e-01 -2.482872849216088418e-01 -8.664140474746550025e-01 6.148410939257820118e-01 -7.721266554914141267e-01 2.470220028084244013e-01 -9.996452542035055844e-01 -3.839899420563151478e-01
6.164201559460978919e-01 -4.507646603193018464e-01 1.108587688292353712e-01 -9.419651098906268727e-01 -5.685215585737500854e-01 -5.896616659601021659e-01 -1.116194655002764047e-01 -7.131560313050652189e-01 -2.829313607620725368e-01 9.393094307019649314e-01
1.552134553259763572e-01 -2.036879242939569068e-01 -4.322180391871308647e-01 -7.247974044405245397e-01 -4.975934504604878073e-01 4.022385467536752079e-01 1.422000033656998508e-01 7.542300313359854291e-01 2.913789387675776998e-01 3.640152859366429516e-01
2.289108036746371755e-01 -8.201641336611138478e-01 2.480295194133339820e-01 -6.336898528546522358e-02 -3.599681026957557983e-01 -1.749255991809591515e-01 9.874274347236529081e-01 -1.383741511590989015e-01 -2.094937073122773163e-01 9.482348942425555816e-01
2.343275528329034907e-02 -8.711929488529941423e-01 -2.516471488520812261e-01 2.842955521801715513e-01 -4.067398874564014388e-01 -1.680941195283779666e-01 2.825564187320442899e-01 -2.035345113671270245e-01 -9.205687982669543690e-01 -2.931098656711559128e-02
6.462746616336140226e-01 -8.703281372478176570e-01 -7.413917700120928322e-02 1.428444222404052777e-01 6.428656676257955560e-01 4.683654699824897349e-01 -5.077231606972237854e-01 -2.873224254019836055e-01 4.253900979628828516e-01 -9.740748414827364865e-01
-7.215089371034421051e-01 -4.417382437058436917e-01 3.174509471759509038e-01 8.732612401623935927e-01 -5.474778999819766012e-01 1.903892474928304546e-01 -6.958122557091949156e-01 -4.800625861868694222e-01 8.083012023343852936e-01 6.648241557315542893e-01
4.007917428923157832e-01 -5.183041712389596656e-01 -2.865531084638525683e-01 8.704811371833462985e-01 1.338076405988254669e-01 5.129293769118209445e-01 9.397134928599482073e-01 3.545007283487291438e-01 5.018034178029817660e-01 -7.563054656610284088e-01
-6.371065042133059464e-01 -9.357048654221737649e-02 -7.388658339705710121e-02 1.315775963080979549e-01 -5.451692202831422973e-01 -6.484413614948635329e-01 -4.878427123682430033e-01 -2.479507578123998079e-01 -2.122104680733769844e-01 -4.026961772375755033e-01
-4.259792397134399278e-01 4.456087532582301419e-02 -1.302028232930670382e-01 -6.609724914133446871e-02 1.096342932146710525e-01 -5.328738640721996100e-01 5.050731086110746837e-01 -1.755734622217747232e-01 -1.656944806813943349e-01 5.490178271229582130e-01
4.633113027096431580e-01 1.918891446222098784e-01 -1.437075430181875869e-02 4.122381575014892885e-01 5.673607406444899359e-01 -2.903873329002298331e-01 7.953501733628696169e-01 8.234250070375671582e-01 2.753255506372453976e-01 3.840867463090057998e-01
-1.946315497274827000e-01 1.077541834501502815e-01 9.590317582874851032e-01 4.947015311255270609e-01 4.816576398017857752e-01 2.421237395183195307e-01 -1.536088445625649890e-01 4.065836086471034116e-01 8.969643822642212605e-01 -8.976182275225480511e-01
3.079467796611099484e-01 -6.430604976011755625e-01 -8.863384591609186902e-01 5.867425926478124776e-01 -3.978757355852511890e-01 9.704948528217691717e-01 4.069400079417446331e-02 -3.610729605937966491e-02 -6.674906746282260883e-01 3.009669865196247796e-01
2.287312140889498913e-01 1.955904668938800994e-01 2.091005779838621959e-01 -2.880635355562491395e-01 -2.848732311695789110e-01 -8.981368242019818759e-02 5.514449427603248383e-02 -6.711753972112473043e-01 6.649811519284642980e-01 8.940645021935619274e-01
-9.139893795261873066e-01 -2.040218906709010405e-01 2.297970712216932943e-01 -7.533791733594075168e-01 -4.768050048611536806e-01 2.684657051769775982e-01 1.703028586841737468e-01 8.353148790441290439e-01 8.055600133268476792e-01 1.173725777485107730e-01
