1.603223359187488373e-01 -6.387545042752460489e-01 1.441876994630479081e-01 -2.229827507166403655e-01 -8.756809316325263604e-01 6.135031365270947612e-01 -7.745785229803262562e-01 2.524502431216368858e-01 -9.959294052964667854e-01 -3.959701655789696351e-01
5.877937702752092930e-01 -4.490699549051582196e-01 1.121664684490367714e-01 -9.078155248846933034e-01 -5.812048816740621460e-01 -5.918433162354723720e-01 -1.151986780539348831e-01 -7.062329625769252495e-01 -2.779923290707129180e-01 9.226501211260536017e-01
1.117550648474129604e-01 -2.007926721220582578e-01 -4.277485512479508034e-01 -6.622496431208486634e-01 -5.185711378309291186e-01 4.030217692271466645e-01 1.390799466814641727e-01 7.720269045256701324e-01 3.013869307655054897e-01 3.397488536459931097e-01
1.853154145042826551e-01 -8.169247739610533410e-01 2.550936338532686087e-01 1.049537000254364277e-02 -3.828015397729513380e-01 -1.698859235911857057e-01 9.867008576359562744e-01 -1.129519114752801923e-01 -1.968469399125199748e-01 9.249561341154418637e-01
1.626795141743268489e-03 -8.695824583529724316e-01 -2.481892741613910547e-01 3.209163139531717168e-01 -4.181085602327695994e-01 -1.656978231150413317e-01 2.821226571239095482e-01 -1.910400932361806248e-01 -9.143193197285566232e-01 -4.098592415917277909e-02
6.118518186001185022e-01 -8.681947672643939296e-01 -7.183092380240713171e-02 1.870792036931451241e-01 6.271038866551749136e-01 4.669549598143779567e-01 -5.113418828993371301e-01 -2.768393820184309462e-01 4.320725886819528072e-01 -9.938040209006179238e-01
-7.730371562721675138e-01 -4.381495615167689817e-01 3.239506518801750778e-01 9.525954775261172847e-01 -5.731833510878254767e-01 1.932965436291312900e-01 -6.983938354375520685e-01 -4.554403379257031537e-01 8.213802748900949080e-01 6.365466397419369260e-01
3.408187009168190951e-01 -5.140937534689268285e-01 -2.787293761932978509e-01 9.639324448838993975e-01 1.037099062345862993e-01 5.167397843770339394e-01 9.369498591679021882e-01 3.839173910372515874e-01 5.172874697554996626e-01 -7.891105803841583777e-01
-6.467694672007873180e-01 -9.281524131757634688e-02 -7.203395209773118257e-02 1.491857868883458837e-01 -5.504292165945199322e-01 -6.468514219054946057e-01 -4.877365965564400829e-01 -2.414744618282985422e-01 -2.091174690981233153e-01 -4.077376409490390263e-01
-4.714423205535976380e-01 4.761566475148273914e-02 -1.253270068888926170e-01 1.982370348661277593e-04 8.755011767952831925e-02 -5.317245581946394850e-01 5.019955366560281407e-01 -1.563685387296337437e-01 -1.550226046712974426e-01 5.237145503565203697e-01
4.270133199715029360e-01 1.945463844903290163e-01 -8.796356141230617445e-03 4.724144395811299413e-01 5.485624648030930084e-01 -2.866977573193333906e-01 7.944590605914765291e-01 8.436905789838504699e-01 2.855449469510906724e-01 3.645778959213815673e-01
-2.441227806887877883e-01 1.112839217256096219e-01 9.659133138942670449e-01 5.736521013396933544e-01 4.565253560421228540e-01 2.459691501645484557e-01 -1.554934464865129762e-01 4.321062210717434571e-01 9.101718201318085288e-01 -9.245144627654464653e-01
2.691431634999703615e-01 -6.402709186478937609e-01 -8.807728290350634870e-01 6.493769571334752078e-01 -4.176987071592868084e-01 9.737903289241631732e-01 3.937483732170467959e-02 -1.559721426986568349e-02 -6.569634746836117145e-01 2.799491488795082805e-01
1.998764329255761918e-01 1.975474553510907505e-01 2.123350587249316634e-01 -2.453840320036620171e-01 -2.989867479164143305e-01 -8.885366283761952921e-02 5.332146510344180912e-02 -6.585760375493560081e-01 6.718957571780141969e-01 8.780625458767086222e-01
-9.666708620728204915e-01 -2.002511702967161022e-01 2.372258451634737531e-01 -6.688928516528817037e-01 -5.036292052540788378e-01 2.727298220858319078e-01 1.683932835902229308e-01 8.627866625135713896e-01 8.197235136487021068e-01 8.878531965301536544e-02
