1.796851105629021783e-01 -6.399217278745826798e-01 1.431419296776195449e-01 -2.467762013682833766e-01 -8.669901559866529661e-01 6.147129825942514447e-01 -7.723077307682063575e-01 2.472945351936543523e-01 -9.994330615083693026e-01 -3.847683696322288793e-01
6.161217849220442799e-01 -4.507474759465359693e-01 1.108687055477163563e-01 -9.416250853975316470e-01 -5.686511946910441928e-01 -5.896904936119335972e-01 -1.116602111156117516e-01 -7.130947059826263645e-01 -2.828836130955431627e-01 9.391342686857223621e-01
1.564217574894536944e-01 -2.037575152163893233e-01 -4.322582795505391928e-01 -7.261743891257678163e-01 -4.970684678436670945e-01 4.023552890351563271e-01 1.423650093856981547e-01 7.539816844329511047e-01 2.911855767983602683e-01 3.647246331122147023e-01
2.373969679659604093e-01 -8.206528855799607447e-01 2.477469027423158943e-01 -7.303984297223932443e-02 -3.562810375964035048e-01 -1.741056931919293393e-01 9.885863072615727054e-01 -1.401183445273582184e-01 -2.108517297408315505e-01 9.532167910341363681e-01
2.429913584239773439e-02 -8.712428471517047468e-01 -2.516760021220679766e-01 2.833082223569342029e-01 -4.063634627947309008e-01 -1.680104126161847400e-01 2.826747318594914904e-01 -2.037125818326174231e-01 -9.207074432649229312e-01 -2.880236825859213562e-02
6.468261759648573639e-01 -8.703599011494360660e-01 -7.415754420916849388e-02 1.422159148928484051e-01 6.431052893409441307e-01 4.684187555291394744e-01 -5.076478457739196370e-01 -2.874357802235533721e-01 4.253018403230604538e-01 -9.737510688826536143e-01
-7.188320932892816595e-01 -4.418924137767627491e-01 3.173617996339492819e-01 8.702107011099106115e-01 -5.463148660051656558e-01 1.906478755607753095e-01 -6.954467053052624248e-01 -4.806127679967241439e-01 8.078728328363915523e-01 6.663956265576570503e-01
4.007405541376083402e-01 -5.183012230751924410e-01 -2.865514037130426073e-01 8.705394720381693929e-01 1.337854001301658768e-01 5.129244312184411125e-01 9.397065025118893633e-01 3.545112493666384146e-01 5.018116094281489525e-01 -7.563355165867573504e-01
-6.372478024569360189e-01 -9.356234861495918431e-02 -7.388187770932062859e-02 1.317386202004746931e-01 -5.452306114847268459e-01 -6.484550132781916609e-01 -4.878620080887331456e-01 -2.479217162512155348e-01 -2.121878564225324337e-01 -4.027791279373770794e-01
-4.275100804148138645e-01 4.464904252416613401e-02 -1.301518413549346831e-01 -6.435269859342132581e-02 1.089691741892858251e-01 -5.330217689932239544e-01 5.048640566545192776e-01 -1.752588227559882805e-01 -1.654495035709305228e-01 5.481191301243161229e-01
4.745334037656191994e-01 1.912428192346364297e-01 -1.474448650088911947e-02 3.994494182627373324e-01 5.722365144009796678e-01 -2.893030894718177648e-01 7.968826660515663241e-01 8.211184862623587266e-01 2.735297021942569295e-01 3.906748050981485587e-01
-1.965496690217179709e-01 1.078646555613953090e-01 9.590956378532043969e-01 4.968874254924050549e-01 4.808242561359286071e-01 2.419384169811839846e-01 -1.538707833724011487e-01 4.069778469434272572e-01 8.972713347262277761e-01 -8.987442807109821130e-01
3.174912346074955094e-01 -6.436102006836581513e-01 -8.866563203277579852e-01 5.758657038302464892e-01 -3.937288648062892693e-01 9.714170074612413774e-01 4.199739374616905108e-02 -3.806900389929938899e-02 -6.690180530103261303e-01 3.065701645683225340e-01
2.314446935470471367e-01 1.954341868306656016e-01 2.090102103566283398e-01 -2.911558246958872442e-01 -2.836942797535676464e-01 -8.955151473378207549e-02 5.551504765188611246e-02 -6.717331088832402264e-01 6.645469197079916235e-01 8.956574803804367990e-01
-9.159583870950079865e-01 -2.039084877017328656e-01 2.298626455312642869e-01 -7.511352865657336952e-01 -4.776604984431931378e-01 2.682754659778883166e-01 1.700339705599129836e-01 8.357195765995488745e-01 8.058751093288406553e-01 1.162166500345333114e-01
