1.634083236810429940e-01 -6.389272314357112847e-01 1.426584071077074689e-01 -2.259994837881531271e-01 -8.746646326857729914e-01 6.139967491196995919e-01 -7.754265386588279352e-01 2.527932491594829245e-01 -9.974740629319486240e-01 -3.947298967991584862e-01
5.923601041795659716e-01 -4.492285213661981746e-01 1.089559215339514914e-01 -9.086726940397243935e-01 -5.805638588473737149e-01 -5.897283056310058669e-01 -1.172676693262238445e-01 -7.025334262310694022e-01 -2.807836722584451938e-01 9.241140761902603140e-01
1.397396171311460489e-01 -2.021098555730530544e-01 -4.440502553708468580e-01 -6.803438136047722518e-01 -5.115708177334421514e-01 4.110538112822541557e-01 1.292990073091723202e-01 7.833347468649511924e-01 2.860808386718304841e-01 3.500424781362316828e-01
2.333839093051116587e-01 -8.193582827359048304e-01 2.287629233552225527e-01 -2.694199210473727235e-02 -3.692564181405315615e-01 -1.585300529592575947e-01 9.713354674187528737e-01 -9.915506300889113944e-02 -2.222464984604546889e-01 9.432917062602362845e-01
2.802676047221523692e-02 -8.707765739317681053e-01 -2.640415020535806234e-01 3.056491258755577589e-01 -4.119358007052266735e-01 -1.574286312537105659e-01 2.724886660919680348e-01 -1.787773605161687429e-01 -9.290114535725786382e-01 -3.146070228906281546e-02
6.324171486818759291e-01 -8.687326490788209732e-01 -8.801181321729305285e-02 1.897710314550100918e-01 6.284234193793297729e-01 4.789957179394123687e-01 -5.221390892011956719e-01 -2.543789667675684374e-01 4.185825298704443642e-01 -9.878853116259223022e-01
-7.319559241951396622e-01 -4.402241363751883130e-01 3.013966171129469074e-01 9.207932599624000236e-01 -5.616533801195785491e-01 2.030758995838077841e-01 -7.115693241460776530e-01 -4.434779953528981689e-01 7.996457163276053937e-01 6.521970522255692293e-01
3.903976500135780126e-01 -5.166190952760519872e-01 -3.057373927900686739e-01 9.247474884376178927e-01 1.178172988305487418e-01 5.282332049965746679e-01 9.212305874597732647e-01 3.976422525449942458e-01 4.911698733893430924e-01 -7.701400512607597948e-01
-6.347920516645468858e-01 -9.347537466453983979e-02 -7.806969698403651292e-02 1.378585771518123781e-01 -5.465759725839717253e-01 -6.447891751149602557e-01 -4.911140380200761379e-01 -2.398056201587660530e-01 -2.151661143225068462e-01 -4.029631400075345815e-01
-4.449011269585977368e-01 4.616522029130800536e-02 -1.388226552175742534e-01 -2.444231038446548904e-02 9.597866105305413731e-02 -5.269782201879642525e-01 4.944075369672016884e-01 -1.522635315737448924e-01 -1.684904946466716236e-01 5.342472071068137263e-01
4.668014959104516692e-01 1.926457482762646833e-01 -3.170166886419836100e-02 4.456519723231471275e-01 5.587633695491475150e-01 -2.756757285230571619e-01 7.807865589937715844e-01 8.588507790020866173e-01 2.639281994063812364e-01 3.793199558708243435e-01
-1.985597597110024259e-01 1.090123343474548034e-01 9.406123866446516324e-01 5.394701908809174107e-01 4.690524968618754453e-01 2.572337661394674124e-01 -1.703523383959275606e-01 4.463380945035593239e-01 8.859133067012634477e-01 -9.072688390187300111e-01
3.069680066958140885e-01 -6.421278011677892250e-01 -9.020591783418742127e-01 6.220750890914489295e-01 -4.075562157000041097e-01 9.835544292627397267e-01 2.679687792883530054e-02 -2.831211884911460225e-03 -6.772527527890407351e-01 2.941552327746084772e-01
2.136136486532897449e-01 1.965800611376009033e-01 2.074663836641635062e-01 -2.661924006156508038e-01 -2.926973991740946524e-01 -8.948933183313527440e-02 5.121239277375178034e-02 -6.635801015679103632e-01 6.660544563399988238e-01 8.843432125094868868e-01
-9.183295480316528980e-01 -2.027107590641361867e-01 2.108655257729387944e-01 -7.069987746323261879e-01 -4.898981027336223870e-01 2.839750547745129028e-01 1.530436416981182934e-01 8.762581770103751166e-01 7.942437460588755993e-01 1.072719063491143487e-01
