1.602451764097273801e-01 -6.388408883868733623e-01 1.467715225265307510e-01 -2.266574364886772552e-01 -8.745624260371436254e-01 6.120469315155553369e-01 -7.723174540616080108e-01 2.484785726819408458e-01 -9.941835082277353797e-01 -3.949887940894590832e-01
5.879640905755932900e-01 -4.491556645715147345e-01 1.141057082719575677e-01 -9.111055107908521133e-01 -5.802112960728277313e-01 -5.930184142523901025e-01 -1.134661387660028248e-01 -7.094750346184228729e-01 -2.767287205239264969e-01 9.235230173447092072e-01
1.160505948867614212e-01 -2.016352556115986461e-01 -4.153140617644766053e-01 -6.908125544927032902e-01 -5.100371181208945837e-01 3.943336490278949169e-01 1.506878508541536210e-01 7.475722857720701331e-01 3.088331813417346527e-01 3.472596464196606170e-01
1.977737037101305329e-01 -8.186653547924378493e-01 2.717137840310386299e-01 -4.333958075488781453e-02 -3.668593172443878059e-01 -1.839168881298655078e-01 1.003262015685781883e+00 -1.533257364829994085e-01 -1.882697570154002187e-01 9.390078439484492723e-01
5.827830147148025525e-03 -8.703565434687567937e-01 -2.374098823808060421e-01 2.950427519509969954e-01 -4.103881940575062615e-01 -1.734013382280281679e-01 2.922597984653414471e-01 -2.127858961888380585e-01 -9.079619487858795468e-01 -3.418973902545927729e-02
6.036656200412124917e-01 -8.681325836892322956e-01 -5.284561692479832623e-02 1.778394157236192485e-01 6.301775196980555771e-01 4.589983007743296262e-01 -4.959144447582291004e-01 -2.973020525823366067e-01 4.464614396588669765e-01 -9.911449182906407751e-01
-7.650797227048031779e-01 -4.395287013074096749e-01 3.419600422869932266e-01 9.071798142471154680e-01 -5.596509193900993662e-01 1.800881448751104341e-01 -6.813113145861511288e-01 -4.928458727833647801e-01 8.318094501191760637e-01 6.484619524154237036e-01
3.563190986937260218e-01 -5.160014995826165407e-01 -2.651810154196788116e-01 9.075886592148081355e-01 1.203146219404160749e-01 5.033778016479735218e-01 9.512823217103627549e-01 3.448886078950149647e-01 5.231847982420694265e-01 -7.744630082303028962e-01
-6.442727666745403647e-01 -9.325462871808440357e-02 -6.619887003776415979e-02 1.346610527432336724e-01 -5.460997288005978723e-01 -6.511016202540478304e-01 -4.822145161238748368e-01 -2.535006317420164801e-01 -2.057216970079205343e-01 -4.039257571668962155e-01
-4.664889637023308389e-01 4.667153449328315801e-02 -1.117483712584393524e-01 -3.160494504664101284e-02 9.704669120044151498e-02 -5.413066433122928345e-01 5.147124141637818839e-01 -1.833738427222172396e-01 -1.469449713783946565e-01 5.320733061942848341e-01
4.342539139405294235e-01 1.932886197721063459e-01 7.669858502148813734e-03 4.309718819256980749e-01 5.609117131412114654e-01 -2.987617671445770839e-01 8.100723787226898898e-01 8.095302673083153433e-01 2.950876401605447286e-01 3.754513153666447778e-01
-2.347184105441283697e-01 1.097477047311142956e-01 9.846065211136537654e-01 5.238434260859440306e-01 4.713446322676561606e-01 2.318470648628396247e-01 -1.375840530011057938e-01 3.919701863959135224e-01 9.207625378373706093e-01 -9.114628205830183072e-01
2.829870063506002009e-01 -6.417672855687773792e-01 -8.744099978706398879e-01 6.076140758244540363e-01 -4.054679969568539821e-01 9.651516760775150638e-01 4.712799590768228936e-02 -4.143940344045789897e-02 -6.555382224106522937e-01 2.907497339011093640e-01
2.034344497399707130e-01 1.969007800989083512e-01 2.212176910055020373e-01 -2.669290939186375056e-01 -2.925599093854113208e-01 -9.523629098697659889e-02 6.168983757682564018e-02 -6.766055170600415725e-01 6.771147723444083111e-01 8.837203351578569732e-01
-9.548837945141215311e-01 -2.019792477327700397e-01 2.551979297971939120e-01 -7.231799623816835831e-01 -4.875277259683357678e-01 2.581640537855968698e-01 1.860392754244433733e-01 8.210567442071612376e-01 8.293434006706905670e-01 1.029736401281116237e-01
