1.603754384216742601e-01 -6.387589194719885954e-01 1.441754787134624793e-01 -2.230883048256541989e-01 -8.756506109643591440e-01 6.134910366873692622e-01 -7.745810057330069220e-01 2.524086700479895029e-01 -9.959484635421735899e-01 -3.959433015040641490e-01
5.879184757344255718e-01 -4.490803235150539474e-01 1.121377693462626834e-01 -9.080634072426156944e-01 -5.811336768788223361e-01 -5.918717313945754954e-01 -1.152045085288861265e-01 -7.063305924240063094e-01 -2.780370852903220613e-01 9.227132084875329099e-01
1.118422053295802104e-01 -2.007999173996218578e-01 -4.277686053311418601e-01 -6.624228559723618348e-01 -5.185213820285061725e-01 4.030019135553847831e-01 1.390758725182181799e-01 7.719586836795097051e-01 3.013556564445476482e-01 3.397929372260746206e-01
1.852366038840627949e-01 -8.169182212681572741e-01 2.551117709428843972e-01 1.065202523233228782e-02 -3.828465393592625499e-01 -1.698679659466155178e-01 9.867045423451099584e-01 -1.128902119406424431e-01 -1.968186551409610019e-01 9.249162645370171409e-01
1.374928321328839492e-03 -8.695615169377131082e-01 -2.481313107666055784e-01 3.214169603700896549e-01 -4.182523721034609454e-01 -1.656404331994765222e-01 2.821344328969727644e-01 -1.908429108568654720e-01 -9.142289258773365068e-01 -4.111334130068348275e-02
6.117999675625476197e-01 -8.681904561204821791e-01 -7.181899105892065871e-02 1.871822702111193004e-01 6.270742805534339492e-01 4.669667744974840828e-01 -5.113394586576266443e-01 -2.767987886963674815e-01 4.320911977824610783e-01 -9.938302518705438571e-01
-7.738472142732834014e-01 -4.380822094099786068e-01 3.241370746556742621e-01 9.542056643505949509e-01 -5.736458810721929424e-01 1.934811219718051700e-01 -6.983559620123288569e-01 -4.548061568780348285e-01 8.216710010060318536e-01 6.361368387415898829e-01
3.408169741979553691e-01 -5.140936099012400895e-01 -2.787289788146871117e-01 9.639358771566010065e-01 1.037089203061121040e-01 5.167401778240533483e-01 9.369499398988593297e-01 3.839187428569688643e-01 5.172880894670114360e-01 -7.891114539155804630e-01
-6.470551957152536060e-01 -9.279148447869213501e-02 -7.196819593874914656e-02 1.497537416381752584e-01 -5.505923629434817945e-01 -6.467863163259160997e-01 -4.877232376148434856e-01 -2.412507696872379370e-01 -2.090149224396016525e-01 -4.078821884146459631e-01
-4.710103536616377373e-01 4.757974895261759402e-02 -1.254264176308542977e-01 -6.604019725706955501e-04 8.779676377093199868e-02 -5.318229853849124611e-01 5.019753404901252658e-01 -1.567067184843226602e-01 -1.551776356154271896e-01 5.239330784917873851e-01
4.261774677838163772e-01 1.946158812494850898e-01 -8.603997218139994296e-03 4.740758986099521399e-01 5.480852067564202512e-01 -2.865073015602260242e-01 7.944981399972529390e-01 8.443449538747257455e-01 2.858449304827497817e-01 3.641550458758486264e-01
-2.442576950249566725e-01 1.112951391504911486e-01 9.659443624179142596e-01 5.739202763175752509e-01 4.564483221436696492e-01 2.459998914997845731e-01 -1.554871387060634269e-01 4.322118432802016241e-01 9.102202402707177953e-01 -9.245827147052421147e-01
2.684747315987134342e-01 -6.402153420142039364e-01 -8.806189993955897410e-01 6.507056277212378559e-01 -4.180803709369586008e-01 9.739426366013349545e-01 3.940608916489885677e-02 -1.507390995974209821e-02 -6.567235775279104404e-01 2.796109952393718845e-01
2.001687085154592316e-01 1.975231541569603400e-01 2.122677958541228926e-01 -2.459650006544226164e-01 -2.988198632935435972e-01 -8.892026022189365719e-02 5.330780006009583349e-02 -6.588048552877704411e-01 6.717908608040350504e-01 8.782104054484258793e-01
-9.666672257468471585e-01 -2.002514726382952637e-01 2.372250083172483814e-01 -6.689000797330484360e-01 -5.036271289709074450e-01 2.727289935192099835e-01 1.683931135775575960e-01 8.627838156939459102e-01 8.197222085879224407e-01 8.878715923736538174e-02
