1.795834060521975806e-01 -6.399158703077179045e-01 1.431453167662094239e-01 -2.466602986099390715e-01 -8.670343445197749022e-01 6.147031562304696717e-01 -7.723216195594660993e-01 2.473154389055085278e-01 -9.994167859565556977e-01 -3.848280763923356274e-01
6.163279575615803196e-01 -4.507593502480140013e-01 1.108618393331298330e-01 -9.418600403415336997e-01 -5.685616168891564071e-01 -5.896705738724462575e-01 -1.116320561327683175e-01 -7.131370814231964284e-01 -2.829166064549730186e-01 9.392553046185838639e-01
1.564959935549304071e-01 -2.037617907663555883e-01 -4.322607518512128766e-01 -7.262589887634610664e-01 -4.970362137890982912e-01 4.023624614858180015e-01 1.423751470797906538e-01 7.539664264142933447e-01 2.911736969621392945e-01 3.647682142171428943e-01
2.379761012487864313e-01 -8.206862401667365248e-01 2.477276157340929374e-01 -7.369982495793001021e-02 -3.560294160107638772e-01 -1.740497391907180891e-01 9.886653938352263360e-01 -1.402373759762633731e-01 -2.109444071814514654e-01 9.535567776458212519e-01
2.438506948351286396e-02 -8.712477964115289408e-01 -2.516788639897795665e-01 2.832102921277751539e-01 -4.063261263824085590e-01 -1.680021099832647580e-01 2.826864669771905203e-01 -2.037302440981355045e-01 -9.207211950387509392e-01 -2.875191996225193170e-02
6.468705209162858294e-01 -8.703624551513805541e-01 -7.415902103923198430e-02 1.421653792562911633e-01 6.431245563168276336e-01 4.684230399961861746e-01 -5.076417900172029984e-01 -2.874448946087505008e-01 4.252947438968582294e-01 -9.737250356874832535e-01
-7.187329463268061769e-01 -4.418981240442633740e-01 3.173584977199732649e-01 8.700977129410206734e-01 -5.462717886745248608e-01 1.906574548224460874e-01 -6.954331657733742178e-01 -4.806331460460401828e-01 8.078569665634627306e-01 6.664538318807328166e-01
4.007335283067460785e-01 -5.183008184296780119e-01 -2.865511697301899030e-01 8.705474786956023392e-01 1.337823475501218606e-01 5.129237524051865060e-01 9.397055430628187267e-01 3.545126934121666240e-01 5.018127337565926327e-01 -7.563396411786258433e-01
-6.372508350811919575e-01 -9.356217395407902260e-02 -7.388177671314116735e-02 1.317420761879608826e-01 -5.452319290980406352e-01 -6.484553062806253099e-01 -4.878624222245956377e-01 -2.479210929445089806e-01 -2.121873711182635514e-01 -4.027809082730543500e-01
-4.277015405450154129e-01 4.466006947377567510e-02 -1.301454651144127450e-01 -6.413451006815749922e-02 1.088859886722784165e-01 -5.330402672572244205e-01 5.048379108153179251e-01 -1.752194712329774584e-01 -1.654188646223948012e-01 5.480067313331046241e-01
4.750758679045130606e-01 1.912115765695537872e-01 -1.476255230822184558e-02 3.988312245408946466e-01 5.724722039923549888e-01 -2.892506783257399738e-01 7.969567450785317586e-01 8.210069915609722324e-01 2.734428928370473688e-01 3.909932646825177160e-01
-1.971010884265455287e-01 1.078964139958242113e-01 9.591140018998074446e-01 4.975158246615403734e-01 4.805846756643692430e-01 2.418851406060202602e-01 -1.539460853325321787e-01 4.070911822544125980e-01 8.973595771751822214e-01 -8.990679975834605653e-01
3.178654540000513395e-01 -6.436317534653275274e-01 -8.866687830418091831e-01 5.754392423142069557e-01 -3.935662741216846561e-01 9.714531633392841092e-01 4.204849723206707107e-02 -3.814591862312075032e-02 -6.690779385264256085e-01 3.067898542098519976e-01
2.317527196000850886e-01 1.954164463864190848e-01 2.089999520945080291e-01 -2.915068520882975744e-01 -2.835604487233330806e-01 -8.952175424400210524e-02 5.555711176018936909e-02 -6.717964186402183291e-01 6.644976269681571734e-01 8.958383104884424242e-01
-9.161980252889866394e-01 -2.038946859860088501e-01 2.298706262568672998e-01 -7.508621941778509390e-01 -4.777646163451284012e-01 2.682523129038140719e-01 1.700012455132953182e-01 8.357688303418016051e-01 8.059134581082172399e-01 1.160759677770682868e-01
