1.633860783258534455e-01 -6.389271599870282037e-01 1.426808950968604939e-01 -2.260213689380169144e-01 -8.746615211818685731e-01 6.139764408059804612e-01 -7.754105762976479799e-01 2.527521620539106006e-01 -9.974568104702805638e-01 -3.947343459108006436e-01
5.922170062377490884e-01 -4.492280617574662682e-01 1.091005802699427374e-01 -9.088134748847670474e-01 -5.805438434418709326e-01 -5.898589431447792686e-01 -1.171649880693082513e-01 -7.027977277085021290e-01 -2.806726921578835410e-01 9.240854563407016053e-01
1.398231600371562244e-01 -2.021101239001065475e-01 -4.441347094938833395e-01 -6.802616234575479259e-01 -5.115825030527377804e-01 4.111300795876959291e-01 1.292390603212101585e-01 7.834890503665051797e-01 2.860160466839618554e-01 3.500591868699238218e-01
2.334207581744126014e-01 -8.193584010888446123e-01 2.287256725688863179e-01 -2.690573990646536601e-02 -3.692615722682011103e-01 -1.584964127502530851e-01 9.713090261704183659e-01 -9.908700325572977752e-02 -2.222750767276797657e-01 9.432990761013563263e-01
2.821070051548488222e-02 -8.707771647190915010e-01 -2.642274483629385440e-01 3.058300874910770406e-01 -4.119615287800507120e-01 -1.572607080143471336e-01 2.723566782059074209e-01 -1.784376237975413282e-01 -9.291541089052842706e-01 -3.142391394466483717e-02
6.324963459812641409e-01 -8.687329034484496670e-01 -8.809187433541930401e-02 1.898489463613421135e-01 6.284123418890329438e-01 4.790680190372359482e-01 -5.221959179587742916e-01 -2.542326895886570792e-01 4.185211081327259164e-01 -9.878694720214865610e-01
-7.315665833409552565e-01 -4.402253868785428459e-01 3.010030296502553826e-01 9.211762964601005743e-01 -5.617078380312462427e-01 2.034313381076279514e-01 -7.118486992913010125e-01 -4.427588839409566379e-01 7.993437616900924692e-01 6.522749211070664188e-01
3.903985120882940141e-01 -5.166190980449042458e-01 -3.057382642675837703e-01 9.247483365532893629e-01 1.178171782503727033e-01 5.282339920050819204e-01 9.212299688700558153e-01 3.976438447944578569e-01 4.911692048043343473e-01 -7.701398788442430643e-01
-6.346837571570047576e-01 -9.347572248995682231e-02 -7.817917267863379316e-02 1.379651181131405779e-01 -5.465911199610384852e-01 -6.446903104839180054e-01 -4.911917457495535988e-01 -2.396056005220205676e-01 -2.152501025000075618e-01 -4.029414809083571858e-01
-4.452801471303159953e-01 4.616643764620685653e-02 -1.384395010068301124e-01 -2.481519331614993884e-02 9.603167538948934046e-02 -5.273242367153482268e-01 4.946795064108866491e-01 -1.529635807155427518e-01 -1.681965442499145091e-01 5.341714023806479750e-01
4.671188636102572289e-01 1.926447289396886475e-01 -3.202249814878072726e-02 4.459642010833973491e-01 5.587189786716517670e-01 -2.753859960033004373e-01 7.805588288537941288e-01 8.594369562096899617e-01 2.636820637960975433e-01 3.793834299900737395e-01
-1.985453597902769041e-01 1.090122880971089170e-01 9.405978296614827538e-01 5.394843576326019408e-01 4.690504827151388278e-01 2.572469121695097338e-01 -1.703626711927575532e-01 4.463646911147638452e-01 8.859021387932564107e-01 -9.072659590083008707e-01
3.073921268266759932e-01 -6.421291633768680951e-01 -9.024879244248713572e-01 6.224923417064356368e-01 -4.076155382611346134e-01 9.839416186152460941e-01 2.649254659068206452e-02 -2.047863251293819548e-03 -6.775816806141069515e-01 2.942400575749233860e-01
2.135566547002469007e-01 1.965802441934726419e-01 2.075239992601786987e-01 -2.662484717007398971e-01 -2.926894273118381129e-01 -8.954136296811253393e-02 5.125328931398656640e-02 -6.636853692314609310e-01 6.660986581961526598e-01 8.843318136148478059e-01
-9.183361551889996921e-01 -2.027107378429559847e-01 2.108722049957015843e-01 -7.070052748040464019e-01 -4.898971785768397313e-01 2.839690229434610469e-01 1.530483827252246409e-01 8.762459736101987362e-01 7.942488702624628250e-01 1.072705849055849842e-01
