1.603302754348366888e-01 -6.388442283906018426e-01 1.466486442419413228e-01 -2.266724973677375354e-01 -8.745606334772318968e-01 6.120868665722268842e-01 -7.724123042724105881e-01 2.485742566615522509e-01 -9.942832142258437589e-01 -3.949868185168370904e-01
5.880437882627983504e-01 -4.491587925811726389e-01 1.139906292205004890e-01 -9.111196157377281502e-01 -5.802096172888585590e-01 -5.929810139219980902e-01 -1.135549687193679186e-01 -7.093854238165622217e-01 -2.768220980619123806e-01 9.235248675253507900e-01
1.162081142537427364e-01 -2.016414380005549789e-01 -4.155415110164440429e-01 -6.908404323694793403e-01 -5.100338000699273788e-01 3.944075693206265942e-01 1.505122819196744455e-01 7.477493980231126880e-01 3.086486242838119010e-01 3.472633032294588085e-01
1.976684047491201190e-01 -8.186612219727971151e-01 2.718658299056110894e-01 -4.332094487844960484e-02 -3.668615353038309768e-01 -1.839663025616995462e-01 1.003379380469177518e+00 -1.534441329467130521e-01 -1.881463838275895528e-01 9.390053994346111432e-01
5.789812697685692289e-03 -8.703550513432853908e-01 -2.373549872869034627e-01 2.950494803031467050e-01 -4.103889948722719283e-01 -1.734191789611838619e-01 2.923021721951349905e-01 -2.128286423995561782e-01 -9.079174057639199935e-01 -3.419062159999191469e-02
6.036683509970195427e-01 -8.681326908749793514e-01 -5.284956027390756012e-02 1.778389323973405267e-01 6.301775772240013618e-01 4.589995823504086081e-01 -4.959174886442625496e-01 -2.972989819394070699e-01 4.464582399433099091e-01 -9.911448548915416934e-01
-7.652875249558640514e-01 -4.395205453938437201e-01 3.422600972419282406e-01 9.072165912203846716e-01 -5.596552966198541368e-01 1.799906279568856404e-01 -6.810797010360187809e-01 -4.930795223031820829e-01 8.320529209559404116e-01 6.484571282892078736e-01
3.562627524740454854e-01 -5.159992880815613692e-01 -2.650996545955265904e-01 9.075986314042546743e-01 1.203134350411014797e-01 5.033513596355851938e-01 9.513451244370422222e-01 3.448252531088917827e-01 5.232508161084982179e-01 -7.744643163069678815e-01
-6.444361848020734307e-01 -9.324821481199599416e-02 -6.596290330187876139e-02 1.346899745863672226e-01 -5.461031711054172844e-01 -6.511783087023093053e-01 -4.820323725114708524e-01 -2.536843764648604727e-01 -2.055302286862358552e-01 -4.039295509163342013e-01
-4.664024505302071799e-01 4.666813898649459919e-02 -1.118732914930870292e-01 -3.162025620233051976e-02 9.704851354851169731e-02 -5.412660446282637761e-01 5.146159877640366087e-01 -1.832765686983731102e-01 -1.470463342572881360e-01 5.320753145963089681e-01
4.339914181105128943e-01 1.932989223231620091e-01 8.048887959453035479e-03 4.310183386030175257e-01 5.609061838240275710e-01 -2.988849505281033769e-01 8.103649529887272385e-01 8.092351212051125398e-01 2.953951925525663547e-01 3.754452215297942042e-01
-2.347522508564707511e-01 1.097490329104824081e-01 9.846553846526339138e-01 5.238494151657353548e-01 4.713439194417780032e-01 2.318311843660955107e-01 -1.375463350512799721e-01 3.919321368912094261e-01 9.208021867301054986e-01 -9.114636061853738092e-01
2.829265509138905732e-01 -6.417649127873764625e-01 -8.743227035644191014e-01 6.076247752657184531e-01 -4.054692704143600945e-01 9.651233057020848216e-01 4.719537871152405112e-02 -4.150737856433374395e-02 -6.554673899933540770e-01 2.907483304290313098e-01
2.033883405250446752e-01 1.969025898135269848e-01 2.212842701610986951e-01 -2.669209334807397527e-01 -2.925608806483621094e-01 -9.525792900349661085e-02 6.174123027785900775e-02 -6.766573615221280757e-01 6.771687960572567722e-01 8.837192647331075790e-01
-9.548877772573353129e-01 -2.019790914163238083e-01 2.552036806580696982e-01 -7.231792575132812706e-01 -4.875278098624322709e-01 2.581621847738690967e-01 1.860437145356190203e-01 8.210522660745389611e-01 8.293480670389224985e-01 1.029735476687862333e-01
