1.604247622195017764e-01 -6.387630204890688557e-01 1.441641275765358776e-01 -2.231863478414452540e-01 -8.756224478755350038e-01 6.134797978565141863e-01 -7.745833118162331887e-01 2.523700552602358704e-01 -9.959661656278834263e-01 -3.959183490418172191e-01
5.880253400761654703e-01 -4.490892087288868018e-01 1.121131761107639901e-01 -9.082758260506997861e-01 -5.810726590723859220e-01 -5.918960813091027617e-01 -1.152095048608158673e-01 -7.064142547544933759e-01 -2.780754384143741542e-01 9.227672701893938623e-01
1.119430025520435495e-01 -2.008082981640636200e-01 -4.277918023095660383e-01 -6.626232149087969425e-01 -5.184638284488044535e-01 4.029789460836200599e-01 1.390711598481841615e-01 7.718797711966308706e-01 3.013194807818869725e-01 3.398439296272863785e-01
1.851656863728468605e-01 -8.169123248461948039e-01 2.551280915511052183e-01 1.079299099284242169e-02 -3.828870321083112649e-01 -1.698518068115057456e-01 9.867078580201039673e-01 -1.128346917908519542e-01 -1.967932031701646878e-01 9.248803880108938946e-01
1.124005305113858627e-03 -8.695406539948609126e-01 -2.480735645742897511e-01 3.219157307471626206e-01 -4.183956450772572944e-01 -1.655832583374198530e-01 2.821461645434453769e-01 -1.906464673662906228e-01 -9.141388707531320490e-01 -4.124028098020438016e-02
6.117502207912565160e-01 -8.681863199353598848e-01 -7.180754258095556342e-02 1.872811539892968447e-01 6.270458759536201576e-01 4.669781097063032682e-01 -5.113371327987128456e-01 -2.767598427696658092e-01 4.321090516714146679e-01 -9.938554183112321416e-01
-7.744691199288622485e-01 -4.380305011914678581e-01 3.242801969731526901e-01 9.554418527362434910e-01 -5.740009791179584431e-01 1.936228282632659614e-01 -6.983268854556995420e-01 -4.543192771982310085e-01 8.218942001047093715e-01 6.358222223074251334e-01
3.408153118179270136e-01 -5.140934716829926865e-01 -2.787285962427004105e-01 9.639391815402565955e-01 1.037079711140697219e-01 5.167405566109428694e-01 9.369500176217206988e-01 3.839200443068731539e-01 5.172886860876092507e-01 -7.891122948985688224e-01
-6.473600916695888552e-01 -9.276613396694106950e-02 -7.189802867916110507e-02 1.503597963254086900e-01 -5.507664535898283420e-01 -6.467168432883537710e-01 -4.877089825193917094e-01 -2.410120716736588453e-01 -2.089054966744753605e-01 -4.080364325143477355e-01
-4.705776482215834888e-01 4.754377174732222350e-02 -1.255259983386522726e-01 -1.520509023541546934e-03 8.804383156132272736e-02 -5.319215808594107697e-01 5.019551097941689077e-01 -1.570454764361327304e-01 -1.553329316210939892e-01 5.241519802518410653e-01
4.254713120984626729e-01 1.946745944194865630e-01 -8.441486012008052320e-03 4.754795543716632267e-01 5.476820033096821971e-01 -2.863463982102278926e-01 7.945311555770119272e-01 8.448977915131882233e-01 2.860983665322262559e-01 3.637978081152684617e-01
-2.443666189700286206e-01 1.113041956096217366e-01 9.659694296404225389e-01 5.741367890870107127e-01 4.563861283371249966e-01 2.460247107117807253e-01 -1.554820460795070247e-01 4.322971180401654068e-01 9.102593325769966492e-01 -9.246378183417605090e-01
2.679466855158985084e-01 -6.401714377306699788e-01 -8.804974774598589571e-01 6.517552474325354339e-01 -4.183818766885137319e-01 9.740629562212722581e-01 3.943077741414070803e-02 -1.466051139129959796e-02 -6.565340642011103789e-01 2.793438615123192692e-01
2.004439745146357477e-01 1.975002672217695820e-01 2.122044474870968811e-01 -2.465121586165563150e-01 -2.986626908711730866e-01 -8.898298183176910070e-02 5.329493028259602028e-02 -6.590203564981834683e-01 6.716920690944540029e-01 8.783496600223806849e-01
-9.666631262873011110e-01 -2.002518134870205913e-01 2.372240648877340097e-01 -6.689082284035627879e-01 -5.036247882459752301e-01 2.727280594238145617e-01 1.683929219115604115e-01 8.627806062946853372e-01 8.197207373106192296e-01 8.878923311679197405e-02
