1.794862261258425851e-01 -6.399102733296428980e-01 1.431485531715314674e-01 -2.465495520811744612e-01 -8.670765672133877722e-01 6.146937670175229851e-01 -7.723348904724515185e-01 2.473354126624683902e-01 -9.994012344641423073e-01 -3.848851269450581647e-01
6.165294299194177263e-01 -4.507709538415937689e-01 1.108551296531001401e-01 -9.420896388307423708e-01 -5.684740812636882579e-01 -5.896511082591086028e-01 -1.116045430214694378e-01 -7.131784907971331355e-01 -2.829488476385377260e-01 9.393735811989852857e-01
1.565646256474834130e-01 -2.037657435612554024e-01 -4.322630375214941423e-01 -7.263372020971935461e-01 -4.970063945463331634e-01 4.023690924985808826e-01 1.423845194940580872e-01 7.539523202013364012e-01 2.911627139175262391e-01 3.648085054476625233e-01
2.385026012945721252e-01 -8.207165633962684170e-01 2.477100815826055458e-01 -7.429982595249944033e-02 -3.558006624918614857e-01 -1.739988704441389755e-01 9.887372928019830809e-01 -1.403455895173547907e-01 -2.110286618395356695e-01 9.538658653324159076e-01
2.446989065510054434e-02 -8.712526815998129504e-01 -2.516816888086639281e-01 2.831136296721485923e-01 -4.062892733153795621e-01 -1.679939148335841959e-01 2.826980501757961894e-01 -2.037476777135938388e-01 -9.207347687864982921e-01 -2.870212475347629771e-02
6.469132132285815295e-01 -8.703649139712711369e-01 -7.416044283107631196e-02 1.421167269721310411e-01 6.431431052547543770e-01 4.684271647905379199e-01 -5.076359599452645588e-01 -2.874536693207906946e-01 4.252879119389048057e-01 -9.736999726924303600e-01
-7.186537734779151476e-01 -4.419026839232013670e-01 3.173558610084720177e-01 8.700074873304860512e-01 -5.462373896883702118e-01 1.906651042492950032e-01 -6.954223539110087060e-01 -4.806494187404214413e-01 8.078442967045211809e-01 6.665003111790742674e-01
4.007261333043846130e-01 -5.183003925221101316e-01 -2.865509234527343074e-01 8.705559060619572076e-01 1.337791345725997949e-01 5.129230379237650350e-01 9.397045331996036754e-01 3.545142133349060698e-01 5.018139171627490347e-01 -7.563439824967140845e-01
-6.372520535671012398e-01 -9.356210377663420896e-02 -7.388173613362614134e-02 1.317434647780726942e-01 -5.452324585052871209e-01 -6.484554240068276521e-01 -4.878625886213103224e-01 -2.479208425045022479e-01 -2.121871761266116152e-01 -4.027816235987107252e-01
-4.278975375565836625e-01 4.467135772040909530e-02 -1.301389377810925896e-01 -6.391115129959730468e-02 1.088008319729590889e-01 -5.330592038601583704e-01 5.048111454185587599e-01 -1.751791872276199924e-01 -1.653874996465939662e-01 5.478916691154087637e-01
4.755412821844243743e-01 1.911847715119852076e-01 -1.477805210647195611e-02 3.983008370640676588e-01 5.726744169933400963e-01 -2.892057114900319359e-01 7.970203021591195647e-01 8.209113332078403769e-01 2.733684136013183053e-01 3.912664912932983241e-01
-1.977124217819609120e-01 1.079316231127181447e-01 9.591343612744152036e-01 4.982125019442846248e-01 4.803190638047065142e-01 2.418260755370218729e-01 -1.540295691554684765e-01 4.072168319057399288e-01 8.974574075234381665e-01 -8.994268876046028760e-01
3.181690687137653240e-01 -6.436492398430151418e-01 -8.866788943920866917e-01 5.750932420970132908e-01 -3.934343597283079808e-01 9.714824976196003714e-01 4.208995892686259732e-02 -3.820832170088196700e-02 -6.691265253292152382e-01 3.069680945922206305e-01
2.320613489205417268e-01 1.953986711976050117e-01 2.089896737416348516e-01 -2.918585669660255233e-01 -2.834263555857236550e-01 -8.949193546845810032e-02 5.559925825082940448e-02 -6.718598523890253471e-01 6.644482376887488329e-01 8.960194947512715169e-01
-9.164459979649353105e-01 -2.038804042543535533e-01 2.298788845476302523e-01 -7.505796037898990747e-01 -4.778723554092917380e-01 2.682283545788103907e-01 1.699673823079122792e-01 8.358197971015827177e-01 8.059531406366301498e-01 1.159303926695993553e-01
