1.637677882439050880e-01 -6.389283859809814503e-01 1.422950218022512592e-01 -2.256458398134036647e-01 -8.747149117386943118e-01 6.143249128667510606e-01 -7.756844757937906287e-01 2.534571791492708503e-01 -9.977528469090504171e-01 -3.946580032304587426e-01
5.985218673437000536e-01 -4.492483120083146098e-01 1.027269509458085955e-01 -9.026107045087419234e-01 -5.814257174232286829e-01 -5.841030855194995208e-01 -1.216890997009468095e-01 -6.911526677995114554e-01 -2.855624488565590702e-01 9.253464400700961434e-01
1.382762121014754209e-01 -2.021051553396227551e-01 -4.425708887276403325e-01 -6.817835226187582975e-01 -5.113661282409748265e-01 4.097178340327391477e-01 1.303490871769559800e-01 7.806318420816010795e-01 2.872157874718846982e-01 3.497497944591579921e-01
2.326508658118499606e-01 -8.193559283121718551e-01 2.295039622815374658e-01 -2.766316587651949238e-02 -3.691538858288679337e-01 -1.591992657951073475e-01 9.718614695841664153e-01 -1.005089921837735573e-01 -2.216779840600004436e-01 9.431450962235664592e-01
2.609212456686687415e-02 -8.707703601767423640e-01 -2.620857647374623123e-01 3.037458163370236330e-01 -4.116651991741767658e-01 -1.591948063749085429e-01 2.738768820503039159e-01 -1.823506273401756250e-01 -9.275110400474104733e-01 -3.184763300140541764e-02
6.314419340905609301e-01 -8.687295168385109623e-01 -8.702596179058015580e-02 1.888116079125047309e-01 6.285598246640566877e-01 4.781054213496261363e-01 -5.214393149156452134e-01 -2.561801852479034247e-01 4.193388608982646648e-01 -9.880803563242354093e-01
-7.429124632701084030e-01 -4.401889456452152127e-01 3.124726610678769667e-01 9.100141333716761372e-01 -5.601208663062569038e-01 1.930734145295676663e-01 -7.037073577936735491e-01 -4.637146907818869845e-01 8.081430978616030991e-01 6.500057244117065647e-01
3.903867735910338532e-01 -5.166190603426440431e-01 -3.057263977364895191e-01 9.247367881302803738e-01 1.178188201382969619e-01 5.282232756518064898e-01 9.212383919377650221e-01 3.976221638245618917e-01 4.911783086362262463e-01 -7.701422265651212129e-01
-6.354857852889836956e-01 -9.347314649810116449e-02 -7.736839668613225418e-02 1.371760767283775884e-01 -5.464789386250782366e-01 -6.454225010368206394e-01 -4.906162430160576071e-01 -2.410869441216084430e-01 -2.146280868259162200e-01 -4.031018879986875136e-01
-4.414122106109719668e-01 4.615401442490731088e-02 -1.423496257834586387e-01 -2.100988790888451765e-02 9.549065909735671154e-02 -5.237931054921797225e-01 4.919040326449242162e-01 -1.458195133467279359e-01 -1.711963357104531736e-01 5.349449967446253673e-01
4.574664235310780813e-01 1.926757311028793884e-01 -2.226477722451866703e-02 4.364680570171976526e-01 5.600690854574156274e-01 -2.841979380744524830e-01 7.874850268622943794e-01 8.416089277882725650e-01 2.711680468721055504e-01 3.774529243557288027e-01
-1.998505372919157363e-01 1.090164801278873385e-01 9.419172429614511843e-01 5.382003140658089269e-01 4.692330405955435491e-01 2.560553845927863170e-01 -1.694261289569668483e-01 4.439540321100626796e-01 8.869143736901641262e-01 -9.075269968909569496e-01
2.961010824097811134e-01 -6.420928982668301366e-01 -8.910737266199907358e-01 6.113841262126170628e-01 -4.060362364928187806e-01 9.736337556802457938e-01 3.459454035730240296e-02 -2.290238906245098752e-02 -6.688248723125818085e-01 2.919818280821060430e-01
2.146328943702507652e-01 1.965767874760407652e-01 2.064360208566483612e-01 -2.651896589163786899e-01 -2.928399631835618688e-01 -8.855883818174201116e-02 5.048102354513409051e-02 -6.616975577280801435e-01 6.652639768213616245e-01 8.845470635132988146e-01
-9.182841393052642021e-01 -2.027109049100294935e-01 2.108196217656627125e-01 -7.069541011814565179e-01 -4.899044541462317937e-01 2.840165094805953694e-01 1.530110582448462320e-01 8.763420467943878744e-01 7.942085291650684553e-01 1.072809881772762014e-01
