1.633654699756889039e-01 -6.389270937961553098e-01 1.427017282258895847e-01 -2.260416435898690568e-01 -8.746586386492475329e-01 6.139576269530746533e-01 -7.753957885846244347e-01 2.527140984918021527e-01 -9.974408275934856238e-01 -3.947384676184497732e-01
5.920917489455014282e-01 -4.492276594501757869e-01 1.092272037652926714e-01 -9.089367039628828415e-01 -5.805263234449745680e-01 -5.899732935053328964e-01 -1.170751085361540073e-01 -7.030290775586812702e-01 -2.805755484344083506e-01 9.240604046536211591e-01
1.398970648356822888e-01 -2.021103612710309916e-01 -4.442094203849187295e-01 -6.801889153538737132e-01 -5.115928402699774225e-01 4.111975490356333807e-01 1.291860292467698346e-01 7.836255523118985655e-01 2.859587295634758997e-01 3.500739679645267777e-01
2.334535183077819376e-01 -8.193585063093891119e-01 2.286925551150365554e-01 -2.687351023774415051e-02 -3.692661544959074393e-01 -1.584665052455054846e-01 9.712855188325182354e-01 -9.902649538580181321e-02 -2.223004839617013229e-01 9.433056281878270388e-01
2.839129785856251559e-02 -8.707777447701724460e-01 -2.644100155126912766e-01 3.060077605326882999e-01 -4.119867893044756313e-01 -1.570958364054741707e-01 2.722270889054089205e-01 -1.781040610363318066e-01 -9.292941717953681069e-01 -3.138779414640665427e-02
6.325725555673836764e-01 -8.687331482219998735e-01 -8.816891515276782665e-02 1.899239219326049055e-01 6.284016822963790494e-01 4.791375925805724245e-01 -5.222506028549538382e-01 -2.540919307073609690e-01 4.184620035263009741e-01 -9.878542299651580372e-01
-7.312594715872643425e-01 -4.402263732745864688e-01 3.006925681751781987e-01 9.214784353424503305e-01 -5.617507943883170984e-01 2.037117077303030876e-01 -7.120690701819102353e-01 -4.421916494356462057e-01 7.991055801140646286e-01 6.523363440183728157e-01
3.903993386092737272e-01 -5.166191006995634050e-01 -3.057390998035717233e-01 9.247491496909242548e-01 1.178170626431714052e-01 5.282347465557379884e-01 9.212293757922519477e-01 3.976453713762750919e-01 4.911685637931480497e-01 -7.701397135385384951e-01
-6.345670744723720391e-01 -9.347609725691739813e-02 -7.829712804163002637e-02 1.380799114269776195e-01 -5.466074406098082594e-01 -6.445837880865495917e-01 -4.912754724933924289e-01 -2.393900879468733589e-01 -2.153405961570785399e-01 -4.029181441584508416e-01
-4.456542576696944091e-01 4.616763923211653770e-02 -1.380613099786408837e-01 -2.518324611414494985e-02 9.608400300548046447e-02 -5.276657711226242498e-01 4.949479529022967617e-01 -1.536545617808566799e-01 -1.679064015353915751e-01 5.340965795899118573e-01
4.673764129861817107e-01 1.926439017304320545e-01 -3.228285666060511788e-02 4.462175801210164772e-01 5.586829547070115698e-01 -2.751508730538191339e-01 7.803740219075726570e-01 8.599126491491162483e-01 2.634823204924777174e-01 3.794349403353611261e-01
-1.985384323671385010e-01 1.090122658472839207e-01 9.405908266797337047e-01 5.394911728842471943e-01 4.690495137621165656e-01 2.572532363788181398e-01 -1.703676420295565097e-01 4.463774860449147286e-01 8.858967662064339832e-01 -9.072645735110286269e-01
3.077226604040927960e-01 -6.421302250002320910e-01 -9.028220631895851334e-01 6.228175231573557236e-01 -4.076617706772006633e-01 9.842433705777421382e-01 2.625536915297021351e-02 -1.437368706486336078e-03 -6.778380270660193663e-01 2.943061648937266295e-01
2.135047646043746195e-01 1.965804108565347152e-01 2.075764553303642013e-01 -2.662995215722718800e-01 -2.926821693366550292e-01 -8.958873467051547967e-02 5.129052353411570758e-02 -6.637812100858369035e-01 6.661389017383374522e-01 8.843214355009587635e-01
-9.183431683095018006e-01 -2.027107153178841492e-01 2.108792946095304766e-01 -7.070121743654107505e-01 -4.898961976371496996e-01 2.839626204989914582e-01 1.530534150549626993e-01 8.762330203972692466e-01 7.942543093121703368e-01 1.072691822686835800e-01
