1.604089779269794458e-01 -6.388473173404090044e-01 1.465350021971001393e-01 -2.266864261843647421e-01 -8.745589756564497996e-01 6.121237998799807789e-01 -7.725000249949551812e-01 2.486627484820387590e-01 -9.943754257467468660e-01 -3.949849914396343364e-01
5.881144793370303159e-01 -4.491615670953483797e-01 1.138885552199317835e-01 -9.111321266885679115e-01 -5.802081282237885329e-01 -5.929478401923108377e-01 -1.136337600249574392e-01 -7.093059399059437053e-01 -2.769049230308776033e-01 9.235265086176041027e-01
1.163736455905982625e-01 -2.016479348468064314e-01 -4.157805291096886013e-01 -6.908697282097296943e-01 -5.100303132516214033e-01 3.944852494504489382e-01 1.503277829530293430e-01 7.479355188046420411e-01 3.084546800272450762e-01 3.472671460370203023e-01
1.975723282547568738e-01 -8.186574511205577664e-01 2.720045590485308251e-01 -4.330394119996704844e-02 -3.668635590975469762e-01 -1.840113890975590416e-01 1.003486466017241341e+00 -1.535521598167738644e-01 -1.880338161130601093e-01 9.390031690202012005e-01
5.752585359144904084e-03 -8.703535902284328385e-01 -2.373012330694627137e-01 2.950560688209678539e-01 -4.103897790438250093e-01 -1.734366489130716449e-01 2.923436652780895262e-01 -2.128705002222203990e-01 -9.078737884728715901e-01 -3.419148583211108205e-02
6.036722535767145015e-01 -8.681328440451326900e-01 -5.285519538309680493e-02 1.778382417163282270e-01 6.301776594295014355e-01 4.590014137432016916e-01 -4.959218384062752949e-01 -2.972945939413602634e-01 4.464536674984060927e-01 -9.911447642932111890e-01
-7.654504079885765533e-01 -4.395141524893906859e-01 3.424952913304940560e-01 9.072454183620998203e-01 -5.596587276532221100e-01 1.799141906165771243e-01 -6.808981538329916816e-01 -4.932626653739878297e-01 8.322437623355055658e-01 6.484533469619883084e-01
3.562079501393260461e-01 -5.159971371755779357e-01 -2.650205230558506653e-01 9.076083303559685511e-01 1.203122806627973940e-01 5.033256421336521624e-01 9.514062063706358874e-01 3.447636342422688571e-01 5.233150250870951536e-01 -7.744655885423659125e-01
-6.446088467348958240e-01 -9.324143810099773388e-02 -6.571358902252183443e-02 1.347205324039827401e-01 -5.461068081254496498e-01 -6.512593350602895459e-01 -4.818399258799760942e-01 -2.538785147741843828e-01 -2.053279298899187699e-01 -4.039335592605766689e-01
-4.663179637010388401e-01 4.666482301049992149e-02 -1.119952858006042912e-01 -3.163520873456757143e-02 9.705029321288315136e-02 -5.412263968613650889e-01 5.145218198984663482e-01 -1.831815730620636462e-01 -1.471453229779981497e-01 5.320772759568110910e-01
4.337666639401632773e-01 1.933077435730647109e-01 8.373420548062619068e-03 4.310581157376389139e-01 5.609014495122627286e-01 -2.989904226004161947e-01 8.106154609165093783e-01 8.089824112190030503e-01 2.956585250508521612e-01 3.754400038650202998e-01
-2.347806693200638339e-01 1.097501482907613096e-01 9.846964193419560640e-01 5.238544446833204304e-01 4.713433208238911321e-01 2.318178482209087843e-01 -1.375146602199992796e-01 3.919001836263213967e-01 9.208354831312524080e-01 -9.114642659195900665e-01
2.829214068854347119e-01 -6.417647108922994725e-01 -8.743152758718959472e-01 6.076256856591143451e-01 -4.054693787702335350e-01 9.651208917253366604e-01 4.720111217536557269e-02 -4.151316242746564550e-02 -6.554613630090163623e-01 2.907482110104859796e-01
2.033354681410435572e-01 1.969046649719612130e-01 2.213606149587019900e-01 -2.669115760929196002e-01 -2.925619943734121264e-01 -9.528274082300607073e-02 6.180016111474809920e-02 -6.767168103831022741e-01 6.772307438153236658e-01 8.837180373014871249e-01
-9.548913819560892469e-01 -2.019789499375317376e-01 2.552088856436588449e-01 -7.231786195514254834e-01 -4.875278857932490162e-01 2.581604931698955330e-01 1.860477322836043834e-01 8.210482130090469566e-01 8.293522904725831868e-01 1.029734639857574352e-01
