1.604706515457468563e-01 -6.387668359477119973e-01 1.441535668320551022e-01 -2.232775640116481386e-01 -8.755962458142980687e-01 6.134693415981066211e-01 -7.745854573242878516e-01 2.523341292636345767e-01 -9.959826350974322340e-01 -3.958951340476136727e-01
5.881182648951844838e-01 -4.490969349439546399e-01 1.120917908486587788e-01 -9.084605366751801192e-01 -5.810196005074078629e-01 -5.919172549893382262e-01 -1.152138494647573647e-01 -7.064870040625659264e-01 -2.781087887074029652e-01 9.228142800130590961e-01
1.120567822591141960e-01 -2.008177583545322498e-01 -4.278179870133260176e-01 -6.628493796833757612e-01 -5.183988620808898107e-01 4.029530204465273102e-01 1.390658401954905088e-01 7.717906949406911910e-01 3.012786457648097271e-01 3.399014897497869003e-01
1.851017962891435553e-01 -8.169070127182551655e-01 2.551427949016238372e-01 1.091998803608144192e-02 -3.829235123101928928e-01 -1.698372489332463930e-01 9.867108451349826392e-01 -1.127846732981480221e-01 -1.967702733109986113e-01 9.248480665966521963e-01
8.745582691884207921e-04 -8.695199137720879268e-01 -2.480161580568388813e-01 3.224115672552877454e-01 -4.185380752902397861e-01 -1.655264197895472411e-01 2.821578271819839001e-01 -1.904511793963390431e-01 -9.140493453515106115e-01 -4.136647397467518861e-02
6.117025905611028769e-01 -8.681823597296173256e-01 -7.179658119338742928e-02 1.873758306284196706e-01 6.270186798644783455e-01 4.669889626439087671e-01 -5.113349058964939964e-01 -2.767225538481097313e-01 4.321261459434231345e-01 -9.938795140129433880e-01
-7.749546255323885857e-01 -4.379901339273818972e-01 3.243919288516170507e-01 9.564069129232068978e-01 -5.742781949455906254e-01 1.937334546869718122e-01 -6.983041861426314556e-01 -4.539391828693447040e-01 8.220684458478344503e-01 6.355766094232550012e-01
3.408137114371586063e-01 -5.140933386196611110e-01 -2.787282279389193262e-01 9.639423626853399485e-01 1.037070573225995079e-01 5.167409212707937405e-01 9.369500924458706859e-01 3.839212972185794270e-01 5.172892604569558905e-01 -7.891131045166936975e-01
-6.476849298413136502e-01 -9.273912536360470749e-02 -7.182327201546838402e-02 1.510054910083550028e-01 -5.509519309189614411e-01 -6.466428262534110738e-01 -4.876937950461620042e-01 -2.407577612270201117e-01 -2.087889137386318983e-01 -4.082007652010693488e-01
-4.701471638269831832e-01 4.750797921039677518e-02 -1.256250679059424114e-01 -2.376201207772522805e-03 8.828963117077125167e-02 -5.320196702505319841e-01 5.019349829408988883e-01 -1.573824955680916682e-01 -1.554874305036939852e-01 5.243697584051313365e-01
4.248734256697293543e-01 1.947243055642947918e-01 -8.303891361595087950e-03 4.766679987160856724e-01 5.473406198529980893e-01 -2.862101648961061784e-01 7.945591091394967886e-01 8.453658669364769729e-01 2.863129452401182440e-01 3.634953427902530843e-01
-2.444543231462103228e-01 1.113114877554088333e-01 9.659896134493894948e-01 5.743111224171486562e-01 4.563360506745595679e-01 2.460446948258353805e-01 -1.554779455613295724e-01 4.323657801930719247e-01 9.102908092051610334e-01 -9.246821870895345352e-01
2.675266802687435441e-01 -6.401365164803151098e-01 -8.804008195121675318e-01 6.525901097686259700e-01 -4.186216928746797628e-01 9.741586578529176643e-01 3.945041432569465489e-02 -1.433169621102852939e-02 -6.563833262366556287e-01 2.791313846647379693e-01
2.007033065566173335e-01 1.974787051121902060e-01 2.121447660828326420e-01 -2.470276439726522832e-01 -2.985146164800078772e-01 -8.904207275914127750e-02 5.328280548080843726e-02 -6.592233832763293444e-01 6.715989960093176059e-01 8.784808537518169480e-01
-9.666585661911459848e-01 -2.002521926352825721e-01 2.372230154495695575e-01 -6.689172927011034497e-01 -5.036221845050079526e-01 2.727270203685992489e-01 1.683927087089742980e-01 8.627770362706214113e-01 8.197191007129415175e-01 8.879154002810384083e-02
