1.793933272739590135e-01 -6.399049229156562602e-01 1.431516470032508925e-01 -2.464436842774189729e-01 -8.671169298675612813e-01 6.146847914282674852e-01 -7.723475767609272458e-01 2.473545065140380361e-01 -9.993863680627725898e-01 -3.849396642455690243e-01
6.167237624420093267e-01 -4.507821462236936694e-01 1.108486577526372335e-01 -9.423111007427885655e-01 -5.683896477508408873e-01 -5.896323324737635652e-01 -1.115780049277058927e-01 -7.132184326937904828e-01 -2.829799462497850637e-01 9.394876662599813688e-01
1.566281911773082236e-01 -2.037694045526771691e-01 -4.322651544588775874e-01 -7.264096415611983604e-01 -4.969787766216155478e-01 4.023752339962953228e-01 1.423932000173597223e-01 7.539392553381351059e-01 2.911525416639353381e-01 3.648458222963845143e-01
2.389802829753915336e-01 -8.207440749821962589e-01 2.476941732402962448e-01 -7.484419339533891768e-02 -3.555931195556789048e-01 -1.739527183714818237e-01 9.888025251216466804e-01 -1.404437692356847733e-01 -2.111051042007713041e-01 9.541462936568479991e-01
2.455336145919359211e-02 -8.712574890150677209e-01 -2.516844686559506217e-01 2.830185060992748136e-01 -4.062530069554528556e-01 -1.679858501520819780e-01 2.827094489679077838e-01 -2.037648337829255640e-01 -9.207481264378700736e-01 -2.865312229290326723e-02
6.469543219465189177e-01 -8.703672815856707823e-01 -7.416181188411541392e-02 1.420698793567407858e-01 6.431609661532691202e-01 4.684311365830794438e-01 -5.076303461293341091e-01 -2.874621185507068577e-01 4.252813334001148693e-01 -9.736758393639950437e-01
-7.185898868633242564e-01 -4.419063634071705438e-01 3.173537333779291036e-01 8.699346819573412493e-01 -5.462096322588783082e-01 1.906712767691901567e-01 -6.954136295402979506e-01 -4.806625495973863571e-01 8.078340730684330229e-01 6.665378165241665487e-01
4.007183621173577293e-01 -5.182999449485726773e-01 -2.865506646471147056e-01 8.705647621294589911e-01 1.337757581505221727e-01 5.129222870965872705e-01 9.397034719645246392e-01 3.545158105762992728e-01 5.018151607689197435e-01 -7.563485446581791338e-01
-6.372515115198207347e-01 -9.356213499529077160e-02 -7.388175418555074925e-02 1.317428470594038115e-01 -5.452322229968121770e-01 -6.484553716359571229e-01 -4.878625145992096512e-01 -2.479209539135251716e-01 -2.121872628692599017e-01 -4.027813053838476542e-01
-4.280970581463510727e-01 4.468284890391092945e-02 -1.301322931012414974e-01 -6.368377705099893815e-02 1.087141443508627542e-01 -5.330784808999220470e-01 5.047838988411541550e-01 -1.751381790079394873e-01 -1.653555708002317215e-01 5.477745383420824510e-01
4.759428700471455276e-01 1.911616424713783458e-01 -1.479142627894697998e-02 3.978431863592511997e-01 5.728488987193746107e-01 -2.891669113581392114e-01 7.970751430895673950e-01 8.208287933390745472e-01 2.733041483684182094e-01 3.915022478985379917e-01
-1.983812500179840399e-01 1.079701435882255006e-01 9.591566354141866091e-01 4.989747005614018072e-01 4.800284715934499680e-01 2.417614554969752527e-01 -1.541209044924599092e-01 4.073542986968282098e-01 8.975644386524841423e-01 -8.998195306325689202e-01
3.184186633536448818e-01 -6.436636149900176740e-01 -8.866872066994855306e-01 5.748088033142142450e-01 -3.933259159539367888e-01 9.715066126535593094e-01 4.212404362801128871e-02 -3.825962182903010211e-02 -6.691664674169910398e-01 3.071146218915899451e-01
2.323690916525656125e-01 1.953809470709413632e-01 2.089794249150190852e-01 -2.922092714849781614e-01 -2.832926476526844151e-01 -8.946220235224625061e-02 5.564128366875013831e-02 -6.719231039139663686e-01 6.643989902881605181e-01 8.962001585325360953e-01
-9.167023719728675246e-01 -2.038656386566090606e-01 2.298874226298744938e-01 -7.502874392194068820e-01 -4.779837446806489143e-01 2.682035845440433053e-01 1.699323718147106588e-01 8.358724906188278458e-01 8.059941676119417586e-01 1.157798854670852445e-01
