1.633463546759134355e-01 -6.389270324007321200e-01 1.427210520195689447e-01 -2.260604493673768478e-01 -8.746559649526768343e-01 6.139401761413719738e-01 -7.753820722237715346e-01 2.526787925893686504e-01 -9.974260026570510584e-01 -3.947422907132958625e-01
5.919806853446348827e-01 -4.492273027308539834e-01 1.093394787561975251e-01 -9.090459691793140173e-01 -5.805107887490892349e-01 -5.900746861075164551e-01 -1.169954138180486769e-01 -7.032342117026481043e-01 -2.804894126770632878e-01 9.240381917307244342e-01
1.399619376836706008e-01 -2.021105696327098467e-01 -4.442750008123587668e-01 -6.801250929519289112e-01 -5.116019141695884453e-01 4.112567730011565392e-01 1.291394791323058622e-01 7.837453722712277582e-01 2.859084172032696491e-01 3.500869426525362593e-01
2.334827097625402914e-01 -8.193586000678829695e-01 2.286630452639969724e-01 -2.684479146222074411e-02 -3.692702375651450986e-01 -1.584398556723205787e-01 9.712645722330932596e-01 -9.897257885476665185e-02 -2.223231234947616042e-01 9.433114665320615488e-01
2.856823557743781716e-02 -8.707783130670995186e-01 -2.645888831220831183e-01 3.061818332081363558e-01 -4.120115379496836483e-01 -1.569343057545567743e-01 2.721001256022389514e-01 -1.777772575902545615e-01 -9.294313964513248871e-01 -3.135240627966882215e-02
6.326458663818126382e-01 -8.687333836851380831e-01 -8.824302558101818073e-02 1.899960456702005640e-01 6.283914281609253027e-01 4.792045197663035716e-01 -5.223032077105898008e-01 -2.539565258488467592e-01 4.184051470722228161e-01 -9.878395676684587068e-01
-7.310130534112931899e-01 -4.402271647321290282e-01 3.004434622732436999e-01 9.217208634207764151e-01 -5.617852614089652308e-01 2.039366687426610869e-01 -7.122458898322441279e-01 -4.417365157897772399e-01 7.989144696508233556e-01 6.523856281033517668e-01
3.904001307102029639e-01 -5.166191032436705521e-01 -3.057399005440837869e-01 9.247499289658513977e-01 1.178169518503738578e-01 5.282354696835114272e-01 9.212288074128750504e-01 3.976468343843604369e-01 4.911679494765501808e-01 -7.701395551169067932e-01
-6.344417025023288970e-01 -9.347649993253547007e-02 -7.842386746558614730e-02 1.382032533259821283e-01 -5.466249766469254423e-01 -6.444693330339096304e-01 -4.913654343146636738e-01 -2.391585262871434026e-01 -2.154378288193121160e-01 -4.028930695356019442e-01
-4.460207845371308433e-01 4.616881646043029253e-02 -1.376907853388243397e-01 -2.554383803792357327e-02 9.613526987756994269e-02 -5.280003822154543114e-01 4.952109576594851403e-01 -1.543315358264106818e-01 -1.676221403637060958e-01 5.340232735474065295e-01
4.675874776132988297e-01 1.926432238230884331e-01 -3.249622340637076112e-02 4.464252271087150725e-01 5.586534326604649658e-01 -2.749581871368729225e-01 7.802225705245013909e-01 8.603024848942887326e-01 2.633186285955499417e-01 3.794771536460388450e-01
-1.985378910208647762e-01 1.090122641085623789e-01 9.405902794289018320e-01 5.394917054648343813e-01 4.690494380428920085e-01 2.572537305867039770e-01 -1.703680304776019894e-01 4.463784859098892110e-01 8.858963463634709212e-01 -9.072644652407857446e-01
3.079838166430813873e-01 -6.421310637941819444e-01 -9.030860679051573303e-01 6.230744506543284267e-01 -4.076982991412481661e-01 9.844817863182813156e-01 2.606797406866484881e-02 -9.550139015948588828e-04 -6.780405676846842367e-01 2.943583966182103939e-01
2.134574072452775084e-01 1.965805629611386274e-01 2.076243292244250860e-01 -2.663461121028415923e-01 -2.926755453647527094e-01 -8.963196832973359396e-02 5.132450524688218080e-02 -6.638686789887278117e-01 6.661756299009384819e-01 8.843119639426983980e-01
-9.183505947818120241e-01 -2.027106914651894409e-01 2.108868020836676127e-01 -7.070194805854320697e-01 -4.898951588810861457e-01 2.839558406958273551e-01 1.530587439891288870e-01 8.762193037247666405e-01 7.942600689382930401e-01 1.072676969606660702e-01
