1.604819097234465586e-01 -6.388501797994302622e-01 1.464296927175803842e-01 -2.266993336996368236e-01 -8.745574393919101075e-01 6.121580251301681486e-01 -7.725813137789362406e-01 2.487447518248175338e-01 -9.944608760506868927e-01 -3.949832983290471611e-01
5.881778419909904354e-01 -4.491640539804825361e-01 1.137970630528281624e-01 -9.111433406509723554e-01 -5.802067935274951571e-01 -5.929181055252743526e-01 -1.137043831734295823e-01 -7.092346959535968942e-01 -2.769791616798841782e-01 9.235279795806881076e-01
1.165469037160185573e-01 -2.016547349574323300e-01 -4.160307042581756209e-01 -6.909003915418866493e-01 -5.100266636731496384e-01 3.945665555881934794e-01 1.501346718134098646e-01 7.481303274633654965e-01 3.082516827037948826e-01 3.472711682218652118e-01
1.974845573688861211e-01 -8.186540062504704673e-01 2.721312953522527223e-01 -4.328840745330646278e-02 -3.668654079386026723e-01 -1.840525779983350207e-01 1.003584294247546804e+00 -1.536508479937928329e-01 -1.879309796379141639e-01 9.390011314203707826e-01
5.716311878021943307e-03 -8.703521665509930116e-01 -2.372488561693660292e-01 2.950624885245025086e-01 -4.103905431229438183e-01 -1.734536712411471893e-01 2.923840952045973496e-01 -2.129112855428952622e-01 -9.078312887657882246e-01 -3.419232792044425706e-02
6.036773208372994137e-01 -8.681330429271907345e-01 -5.286251222706108560e-02 1.778373449093584857e-01 6.301777661683056753e-01 4.590037916945162166e-01 -4.959274863056965521e-01 -2.972888963947918350e-01 4.464477304588966300e-01 -9.911446466568308855e-01
-7.655807223767152614e-01 -4.395090378533333952e-01 3.426834580979892242e-01 9.072684814845861645e-01 -5.596614726476306645e-01 1.798530370079575724e-01 -6.807529071962682421e-01 -4.934091887829425427e-01 8.323964447677727474e-01 6.484503217153756438e-01
3.561546519955688384e-01 -5.159950453067387866e-01 -2.649435634847125964e-01 9.076177630950185149e-01 1.203111579693735417e-01 5.033006305146741077e-01 9.514656117535325031e-01 3.447037066638502512e-01 5.233774716852060971e-01 -7.744668258579929798e-01
-6.447909998034389023e-01 -9.323428887775676854e-02 -6.545057006823276624e-02 1.347527699687757208e-01 -5.461106450705619508e-01 -6.513448153945921026e-01 -4.816369005582706309e-01 -2.540833247643603521e-01 -2.051145108350675983e-01 -4.039377879413959538e-01
-4.662364113657377906e-01 4.666162220880302330e-02 -1.121130428613130725e-01 -3.164964191823181616e-02 9.705201106390173860e-02 -5.411881261863749071e-01 5.144309227796707296e-01 -1.830898769236157242e-01 -1.472408735084397569e-01 5.320791691930810696e-01
4.335730418984904966e-01 1.933153429355753683e-01 8.653000065088723575e-03 4.310923830885197150e-01 5.608973709801118313e-01 -2.990812850656104915e-01 8.108312693989813136e-01 8.087647056992990358e-01 2.958853816910541612e-01 3.754355089321577132e-01
-2.348046807593508478e-01 1.097510907022242188e-01 9.847310905319764940e-01 5.238586942429681592e-01 4.713428150373273895e-01 2.318065801930146719e-01 -1.374878973978033714e-01 3.918731855489142046e-01 9.208636160565950579e-01 -9.114648233448016112e-01
2.829614938608153718e-01 -6.417662842434285198e-01 -8.743731592467386404e-01 6.076185910409642732e-01 -4.054685343621459714e-01 9.651397036404151253e-01 4.715643178025639287e-02 -4.146808927498151637e-02 -6.555083307843385665e-01 2.907491416290325370e-01
2.032761874031894511e-01 1.969069916482681093e-01 2.214462130647596450e-01 -2.669010845505984109e-01 -2.925632430865915401e-01 -9.531055993870915510e-02 6.186623461529373869e-02 -6.767834646944166366e-01 6.773001999004991669e-01 8.837166611000257799e-01
-9.548946220109572058e-01 -2.019788227704422678e-01 2.552135641036486491e-01 -7.231780461244743385e-01 -4.875279540430610403e-01 2.581589726850885280e-01 1.860513436044960445e-01 8.210445699432946665e-01 8.293560866724117853e-01 1.029733887679311066e-01
