1.605134126684351625e-01 -6.387703913125103439e-01 1.441437259969987894e-01 -2.233625621182747378e-01 -8.755718299065713417e-01 6.134595981264715503e-01 -7.745874565764159225e-01 2.523006522860001821e-01 -9.959979818690154474e-01 -3.958735015832351989e-01
5.882000691526901859e-01 -4.491037365422103633e-01 1.120729648180401605e-01 -9.086231424854313010e-01 -5.809728916027452339e-01 -5.919358947586551567e-01 -1.152176741383305197e-01 -7.065510472664565667e-01 -2.781381478817077091e-01 9.228556640454522730e-01
1.121827827693352986e-01 -2.008282346411788544e-01 -4.278469841527868800e-01 -6.630998362693929504e-01 -5.183269178325241588e-01 4.029243101994577914e-01 1.390599491717670610e-01 7.716920512195394322e-01 3.012334247573112966e-01 3.399652322658310299e-01
1.850441396331770072e-01 -8.169022188673895624e-01 2.551560637216546135e-01 1.103459462925489992e-02 -3.829564333259055653e-01 -1.698241113924928158e-01 9.867135408123851592e-01 -1.127395348532026498e-01 -1.967495806005704895e-01 9.248188986170022829e-01
6.270994437811688166e-04 -8.694993388586716998e-01 -2.479592090964056195e-01 3.229034517126013748e-01 -4.186793702672532147e-01 -1.654700342717068118e-01 2.821693968637931094e-01 -1.902574479636078564e-01 -9.139605335095611904e-01 -4.149166115146610267e-02
6.116570849842687396e-01 -8.681785761777405241e-01 -7.178610876311400379e-02 1.874662840035578870e-01 6.269926969179329124e-01 4.669993314618735014e-01 -5.113327783302467067e-01 -2.766869282825925591e-01 4.321424776870615436e-01 -9.939025348717983599e-01
-7.753404396382787001e-01 -4.379580554924730751e-01 3.244807182177460447e-01 9.571738120701149821e-01 -5.744984885444690548e-01 1.938213655873607943e-01 -6.982861478025751412e-01 -4.536371353696082021e-01 8.222069127678877098e-01 6.353814295641290188e-01
3.408121708373112457e-01 -5.140932105268019026e-01 -2.787278733928262309e-01 9.639454250013377301e-01 1.037061776650659434e-01 5.167412723090726301e-01 9.369501644750254377e-01 3.839225033287886890e-01 5.172898133712030555e-01 -7.891138838921922805e-01
-6.480303739401951368e-01 -9.271040348467021741e-02 -7.174377320476027498e-02 1.516921449712147485e-01 -5.511491738983966826e-01 -6.465641139893878453e-01 -4.876776441640896520e-01 -2.404873187398924028e-01 -2.086649354296678527e-01 -4.083755222395661355e-01
-4.697217599621369422e-01 4.747260909307840504e-02 -1.257229682650320979e-01 -3.221794606410227635e-03 8.853252988010584801e-02 -5.321166020013845532e-01 5.019150936225503790e-01 -1.577155372371063513e-01 -1.556401060073751008e-01 5.245849663644691629e-01
4.243650364690295662e-01 1.947665754803865334e-01 -8.186893164308338411e-03 4.776785456047600853e-01 5.470503378624141932e-01 -2.860943242575726408e-01 7.945828783515167526e-01 8.457638764561397071e-01 2.864954038017275550e-01 3.632381533016912356e-01
-2.445247084450005715e-01 1.113173399266781383e-01 9.660058115768529463e-01 5.744510302763301546e-01 4.562958618101766728e-01 2.460607326919899418e-01 -1.554746547693777736e-01 4.324208836825328972e-01 9.103160701673491673e-01 -9.247177943742156403e-01
2.671897443501636271e-01 -6.401085020122913027e-01 -8.803232787323461705e-01 6.532598516587662107e-01 -4.188140778211143500e-01 9.742354314584533714e-01 3.946616741658416638e-02 -1.406791463792175095e-02 -6.562624014747331369e-01 2.789609318375370628e-01
2.009478009123212006e-01 1.974583766790010964e-01 2.120884993509178640e-01 -2.475136358271506076e-01 -2.983750141671291933e-01 -8.909778279830733727e-02 5.327137439971857402e-02 -6.594147938746268700e-01 6.715112481020018009e-01 8.786045412302551094e-01
-9.666535485742733247e-01 -2.002526098240109964e-01 2.372218607198310625e-01 -6.689272664320801143e-01 -5.036193195271292389e-01 2.727258770635454521e-01 1.683924741154795568e-01 8.627731080611342751e-01 8.197172999131683291e-01 8.879407839499972588e-02
