1.793044806690033133e-01 -6.398998058866707250e-01 1.431546058820637457e-01 -2.463424344261335996e-01 -8.671555319031903908e-01 6.146762073541196525e-01 -7.723597096736349865e-01 2.473727674920059572e-01 -9.993721501336718660e-01 -3.849918226296135115e-01
6.169095390214592856e-01 -4.507928458350334844e-01 1.108424707927063435e-01 -9.425228122769658823e-01 -5.683089316205783836e-01 -5.896143833362165187e-01 -1.115526352354960227e-01 -7.132566160551692125e-01 -2.830096756720461015e-01 9.395967284597386282e-01
1.566871855772494215e-01 -2.037728022745668999e-01 -4.322671191628766896e-01 -7.264768717521965513e-01 -4.969531447594910945e-01 4.023809338460944129e-01 1.424012563061182179e-01 7.539271299965072393e-01 2.911431009183253482e-01 3.648804556126507004e-01
2.394132448019205828e-01 -8.207690109740342077e-01 2.476797542135261987e-01 -7.533759796122146968e-02 -3.554050064830178712e-01 -1.739108869877840635e-01 9.888616504877728586e-01 -1.405327575136177953e-01 -2.111743901409145197e-01 9.544004686952298755e-01
2.463525275819252597e-02 -8.712622054603482713e-01 -2.516871959006178328e-01 2.829251825350334593e-01 -4.062174268582364745e-01 -1.679779380772984110e-01 2.827206320624421898e-01 -2.037816652106152482e-01 -9.207612313244745161e-01 -2.860504709829993913e-02
6.469939133543445298e-01 -8.703695618121524147e-01 -7.416313040582869776e-02 1.420247608723989308e-01 6.431781678115232603e-01 4.684349617779821062e-01 -5.076249395176198886e-01 -2.874702559221504194e-01 4.252749976731645676e-01 -9.736525967892758482e-01
-7.185378800955654066e-01 -4.419093586835595722e-01 3.173520013846433119e-01 8.698754148924484619e-01 -5.461870363802514561e-01 1.906763014963686331e-01 -6.954065274841895183e-01 -4.806732387446047694e-01 8.078257505384148773e-01 6.665683476735224655e-01
4.007102072433754714e-01 -5.182994752769789493e-01 -2.865503930634806240e-01 8.705740554477389148e-01 1.337722150242972585e-01 5.129214991988058081e-01 9.397023583330671448e-01 3.545174866783202261e-01 5.018164657756801761e-01 -7.563533320673233584e-01
-6.372492706099692761e-01 -9.356226405819272063e-02 -7.388182881508424671e-02 1.317402933119723174e-01 -5.452312493672405447e-01 -6.484551551264311486e-01 -4.878622085800474184e-01 -2.479214144961827127e-01 -2.121876214771932501e-01 -4.027799898328854322e-01
-4.282990260787757908e-01 4.469448103960019930e-02 -1.301255669169779361e-01 -6.345361380353872760e-02 1.086263934083558924e-01 -5.330979943940876709e-01 5.047563180540762806e-01 -1.750966677766878643e-01 -1.653232503109428042e-01 5.476559708291275363e-01
4.762915863154426610e-01 1.911415585159642883e-01 -1.480303965661593918e-02 3.974457882783287710e-01 5.730004088172557797e-01 -2.891332195102048752e-01 7.971227638629795331e-01 8.207571203686148120e-01 2.732483440618679316e-01 3.917069656483437301e-01
-1.991034207255039656e-01 1.080117362686071752e-01 9.591806860304908922e-01 4.997976884153045307e-01 4.797147031675671469e-01 2.416916816783369615e-01 -1.542195242895678386e-01 4.075027291673642416e-01 8.976800060613144838e-01 -9.002434889495727344e-01
3.186266739175129814e-01 -6.436755951448603907e-01 -8.866941341228866680e-01 5.745717538662592494e-01 -3.932355396114567414e-01 9.715267099674036455e-01 4.215244959822216086e-02 -3.830237502512336134e-02 -6.691997548954573549e-01 3.072367367982986042e-01
2.326745563452873866e-01 1.953633541456122613e-01 2.089692519544674165e-01 -2.925573799436686495e-01 -2.831599294812048861e-01 -8.943268933288886502e-02 5.568299799710239167e-02 -6.719858872248937187e-01 6.643501074372508697e-01 8.963794849655828401e-01
-9.169671798053183887e-01 -2.038503873214011775e-01 2.298962415857063180e-01 -7.499856634377862763e-01 -4.780987982765430022e-01 2.681779996601882377e-01 1.698962095965024788e-01 8.359269175718502254e-01 8.060365442338618402e-01 1.156244270944231378e-01
