1.633286040308093434e-01 -6.389269753883713987e-01 1.427389962740507889e-01 -2.260779125872252882e-01 -8.746534821331813925e-01 6.139239711553683421e-01 -7.753693350835498821e-01 2.526460072000972223e-01 -9.974122360832368139e-01 -3.947458408747167580e-01
5.918811224179293395e-01 -4.492269829499409561e-01 1.094401276330852907e-01 -9.091439199449123931e-01 -5.804968626763187256e-01 -5.901655794707870717e-01 -1.169239715154793829e-01 -7.034181041352833841e-01 -2.804121963070883017e-01 9.240182789636520733e-01
1.400184166441933165e-01 -2.021107510345042657e-01 -4.443320957987407227e-01 -6.800695285204033658e-01 -5.116098139987745874e-01 4.113083339872163346e-01 1.290989521297359610e-01 7.838496887451090744e-01 2.858646147513346780e-01 3.500982385477313108e-01
2.335087902904751378e-01 -8.193586838345551238e-01 2.286366802712015422e-01 -2.681913324020016379e-02 -3.692738855026046485e-01 -1.584160461382067286e-01 9.712458579080975873e-01 -9.892440819641974692e-02 -2.223433503378325904e-01 9.433166826852530384e-01
2.874123192123041390e-02 -8.707788687049317078e-01 -2.647637663671277841e-01 3.063520283287591850e-01 -4.120357353065955408e-01 -1.567763732786733311e-01 2.719759904693579977e-01 -1.774577338523565806e-01 -9.295655643602908080e-01 -3.131780669514168391e-02
6.327163667528596935e-01 -8.687336101215614725e-01 -8.831429491189107805e-02 1.900654044721916958e-01 6.283815671280084114e-01 4.792688812314424007e-01 -5.223537959064800118e-01 -2.538263118709886412e-01 4.183504702671682618e-01 -9.878254674655655432e-01
-7.308121017721496138e-01 -4.402278101580999747e-01 3.002403188195728601e-01 9.219185611738826003e-01 -5.618133689309381396e-01 2.041201222724121356e-01 -7.123900845468886800e-01 -4.413653587036318049e-01 7.987586209164738715e-01 6.524258187979756762e-01
3.904008894620428216e-01 -5.166191056806656023e-01 -3.057406675717621036e-01 9.247506754316903166e-01 1.178168457221824977e-01 5.282361623661082639e-01 9.212282629634467312e-01 3.976482357967758841e-01 4.911673610239531418e-01 -7.701394033651538518e-01
-6.343073825212772743e-01 -9.347693134779816448e-02 -7.855965249806520778e-02 1.383353983463678494e-01 -5.466437642608752423e-01 -6.443467091292476301e-01 -4.914618168643226093e-01 -2.389104376774127680e-01 -2.155420011422349846e-01 -4.028662052942186267e-01
-4.463773184650245973e-01 4.616996159294859542e-02 -1.373303626332824934e-01 -2.589459883167045257e-02 9.618513901650846409e-02 -5.283258705161563151e-01 4.954667918901132229e-01 -1.549900529420362161e-01 -1.673456292506257381e-01 5.339519661110496695e-01
4.677622282644798291e-01 1.926426625506887924e-01 -3.267288009334003845e-02 4.465971481303080415e-01 5.586289899249451407e-01 -2.747986531120593656e-01 7.800971765720640105e-01 8.606252488327705841e-01 2.631831001274598791e-01 3.795121040952457725e-01
-1.985427784424932673e-01 1.090122798062141268e-01 9.405952201584892869e-01 5.394868971822119885e-01 4.690501216566778653e-01 2.572492687432825775e-01 -1.703645234628293481e-01 4.463694588565239596e-01 8.859001368201114834e-01 -9.072654427340324235e-01
3.081932065518077080e-01 -6.421317363225859109e-01 -9.032977416660868952e-01 6.232804500413189341e-01 -4.077275869414647702e-01 9.846729433449858959e-01 2.591772439532593481e-02 -5.682713563618865815e-04 -6.782029607480085653e-01 2.944002749821530984e-01
2.134140677944393050e-01 1.965807021608349248e-01 2.076681413862019043e-01 -2.663887497846643693e-01 -2.926694833860004064e-01 -8.967153394496134300e-02 5.135560387226837525e-02 -6.639487268268883247e-01 6.662092419609810801e-01 8.843032959734237197e-01
-9.183584415819843194e-01 -2.027106662624658107e-01 2.108947344702560567e-01 -7.070272003272054517e-01 -4.898940613328939819e-01 2.839486771653630393e-01 1.530643745334555605e-01 8.762048107079396519e-01 7.942661545511338073e-01 1.072661275863089209e-01
