1.605496251005705532e-01 -6.388528375221455002e-01 1.463319154590203286e-01 -2.267113180097282132e-01 -8.745560130081145855e-01 6.121898024321937859e-01 -7.726567884131818609e-01 2.488208899093113102e-01 -9.945402145537397542e-01 -3.949817263175586790e-01
5.882351394125905353e-01 -4.491663028147263037e-01 1.137143287457246105e-01 -9.111534811847337156e-01 -5.802055865916827537e-01 -5.928912171352394012e-01 -1.137682460967735648e-01 -7.091702716512842120e-01 -2.770462940189717949e-01 9.235293097394916551e-01
1.167275211635743770e-01 -2.016618239099496612e-01 -4.162915058607094543e-01 -6.909323573315101497e-01 -5.100228590749721347e-01 3.946513152901377497e-01 1.499333580738778371e-01 7.483334108259209749e-01 3.080400628543171204e-01 3.472753612532656908e-01
1.974042456786731514e-01 -8.186508541421541052e-01 2.722472609900866147e-01 -4.327419383979128065e-02 -3.668670996561768094e-01 -1.840902664665157451e-01 1.003673808560276104e+00 -1.537411491707924571e-01 -1.878368827052857848e-01 9.389992669856583873e-01
5.681147258904051950e-03 -8.703507863946537970e-01 -2.371980804046625313e-01 2.950687119809410897e-01 -4.103912838445497591e-01 -1.734701732052472967e-01 2.924232892086630620e-01 -2.129508240769077965e-01 -9.077900882532941029e-01 -3.419314426656221845e-02
6.036835459679538163e-01 -8.681332872538392031e-01 -5.287150097135257659e-02 1.778362431818145961e-01 6.301778972969483972e-01 4.590067130081876279e-01 -4.959344247512790793e-01 -2.972818969576789816e-01 4.464404368046572258e-01 -9.911445021405138611e-01
-7.656869349153404558e-01 -4.395048691771991090e-01 3.428368231280983780e-01 9.072872790465660309e-01 -5.596637099510382019e-01 1.798031938547160757e-01 -6.806345241517441913e-01 -4.935286124586806822e-01 8.325208883458471432e-01 6.484478559928464891e-01
3.561028192651286561e-01 -5.159930109530818099e-01 -2.648687198893376893e-01 9.076269364842967091e-01 1.203100661440020952e-01 5.032763065811753922e-01 9.515233838067659322e-01 3.446454267726731802e-01 5.234382013365338482e-01 -7.744680291540712025e-01
-6.449828238190838947e-01 -9.322676008495744959e-02 -6.517358680132417925e-02 1.347867191038776835e-01 -5.461146857283732947e-01 -6.514348340866500386e-01 -4.814230961310454471e-01 -2.542990086124229387e-01 -2.048897608462578179e-01 -4.039422411331105578e-01
-4.661586384246971804e-01 4.665856974242377220e-02 -1.122253426857854480e-01 -3.166340622231954283e-02 9.705364930424754955e-02 -5.411516290960265430e-01 5.143442381220855175e-01 -1.830024302754868215e-01 -1.473319959237943122e-01 5.320809746907686488e-01
4.334051346129138005e-01 1.933219330341006126e-01 8.895448896849428300e-03 4.311220994256711458e-01 5.608938341138712813e-01 -2.991600801746784888e-01 8.110184165656119104e-01 8.085759134391163894e-01 2.960821097202717134e-01 3.754316109669814661e-01
-2.348251330064328180e-01 1.097518934209559816e-01 9.847606224453467894e-01 5.238623138945377455e-01 4.713423842230122229e-01 2.317969824138952362e-01 -1.374651016026151307e-01 3.918501893701649696e-01 9.208875788658780204e-01 -9.114652981434181456e-01
2.830383307905466328e-01 -6.417692999728268344e-01 -8.744841075226603699e-01 6.076049923927475671e-01 -4.054669158383168437e-01 9.651757614817281228e-01 4.707079038808920091e-02 -4.138169506296363737e-02 -6.555983565250635969e-01 2.907509253972312413e-01
2.032108606042548615e-01 1.969095556230226196e-01 2.215405413485500574e-01 -2.668895229725793405e-01 -2.925646191564205689e-01 -9.534121633476390356e-02 6.193904697292110934e-02 -6.768569170998854911e-01 6.773767398336256740e-01 8.837151445393449656e-01
-9.548975111688635664e-01 -2.019787093755101015e-01 2.552177358878376934e-01 -7.231775347994884307e-01 -4.875280149014390996e-01 2.581576168683258898e-01 1.860545638204281760e-01 8.210413214204607124e-01 8.293594717449479514e-01 1.029733216961726122e-01
