1.588321084387328552e-01 -6.387854276775913887e-01 1.488119145058865722e-01 -2.264073508292031023e-01 -8.745921914662309060e-01 6.113838105287998648e-01 -7.707424678058316658e-01 2.468897417082318024e-01 -9.925278917002607892e-01 -3.950215984417164150e-01
5.849062934058510965e-01 -4.490356508118404921e-01 1.185209982280718277e-01 -9.105643399219128797e-01 -5.802757067357877663e-01 -5.944533696247565890e-01 -1.100579598148470201e-01 -7.129131727365680682e-01 -2.731460623391775977e-01 9.234520306281841506e-01
1.149286856587219685e-01 -2.015912224279059750e-01 -4.136940869030791834e-01 -6.906139982909327291e-01 -5.100607504657321822e-01 3.938071622844270814e-01 1.519383155527110896e-01 7.463108290213771312e-01 3.101476626677540094e-01 3.472336013133580090e-01
1.995261815069702405e-01 -8.187341368068976610e-01 2.691833030392755677e-01 -4.364973537910451368e-02 -3.668224023509363274e-01 -1.830944897528861415e-01 1.001308727874981708e+00 -1.513552785421852509e-01 -1.903230419698656029e-01 9.390485276948441484e-01
6.211681132338513558e-03 -8.703716090199787869e-01 -2.379641419688280635e-01 2.949748177618839451e-01 -4.103801084667814125e-01 -1.732212056022158220e-01 2.918319634012462860e-01 -2.123543002946008118e-01 -9.084116865537814611e-01 -3.418082793045819356e-02
6.037041309038403414e-01 -8.681340951803991901e-01 -5.290122448001637057e-02 1.778326000468967716e-01 6.301783309062736205e-01 4.590163730551758414e-01 -4.959573684395961468e-01 -2.972587515857650908e-01 4.464163185309646398e-01 -9.911440242615287000e-01
-7.568653262760168809e-01 -4.398511035284033421e-01 3.300989082633068450e-01 9.057260251936212203e-01 -5.594778880572722768e-01 1.839429761905663208e-01 -6.904669686243158910e-01 -4.836097371237366715e-01 8.221850790557270194e-01 6.486526495082477473e-01
3.569767711271780719e-01 -5.160273121977088095e-01 -2.661306580312189918e-01 9.074722639333255847e-01 1.203284754156787179e-01 5.036864325149839061e-01 9.505492890008597762e-01 3.456280842360489047e-01 5.224142384580829912e-01 -7.744477403743895705e-01
-6.430725593638439985e-01 -9.330173497914399927e-02 -6.793190299907717056e-02 1.344486392974813538e-01 -5.460744471536213007e-01 -6.505383899830935457e-01 -4.835522507956888649e-01 -2.521511378823796945e-01 -2.071279160297742616e-01 -4.038978943717511094e-01
-4.672751710087243993e-01 4.670239190124249318e-02 -1.106131314009062838e-01 -3.146580158239247610e-02 9.703013021519044101e-02 -5.416755927015024508e-01 5.155887100866802797e-01 -1.842578416138454522e-01 -1.460238141253784871e-01 5.320550544031780182e-01
4.401472423589679051e-01 1.930573158427645042e-01 -8.397817158150699263e-04 4.299288769505123509e-01 5.610358525688456943e-01 -2.959961607927760752e-01 8.035037553794797116e-01 8.161566313061242584e-01 2.881827409400669615e-01 3.755881288995922551e-01
-2.334184828599582262e-01 1.096966846012555757e-01 9.827294974495643931e-01 5.236133640656891464e-01 4.713720144644761856e-01 2.324570916600863235e-01 -1.390329346388590737e-01 3.934318042448679553e-01 9.192394817617883795e-01 -9.114326427808630005e-01
2.868804505613206102e-01 -6.419200971687206714e-01 -8.800319159260269197e-01 6.069250116159018438e-01 -4.053859838902934554e-01 9.669787817935077134e-01 4.278841618088320004e-02 -3.706167718568537800e-02 -6.600999637538744746e-01 2.908401201514557721e-01
2.034664592582813847e-01 1.968995237753445038e-01 2.211714710318243571e-01 -2.669347589833481194e-01 -2.925592351241111388e-01 -9.522126964065537325e-02 6.165416020501609390e-02 -6.765695260707973446e-01 6.770772684955917997e-01 8.837210782583558855e-01
-9.548202440102493416e-01 -2.019817419907196376e-01 2.551061663852092209e-01 -7.231912095898838100e-01 -4.875263873150966765e-01 2.581938766063680557e-01 1.859684429010256823e-01 8.211281993749375285e-01 8.292689419279409835e-01 1.029751154521285489e-01
