1.605533183945151432e-01 -6.387737092659417915e-01 1.441345422889138417e-01 -2.234418844313272035e-01 -8.755490443840104886e-01 6.134505052803137515e-01 -7.745893223274246120e-01 2.522694107512724049e-01 -9.960123038518005067e-01 -3.958533136381193751e-01
5.882728350217396596e-01 -4.491097866455068810e-01 1.120562188378126656e-01 -9.087677823056091730e-01 -5.809313434713427871e-01 -5.919524750572188188e-01 -1.152210762313861381e-01 -7.066080144651074590e-01 -2.781642632196864584e-01 9.228924756390498585e-01
1.123201578864170547e-01 -2.008396566671859784e-01 -4.278785989884845709e-01 -6.633729026464072476e-01 -5.182484788680687959e-01 4.028930081551588827e-01 1.390535263400473898e-01 7.715845025062937346e-01 3.011841214553742097e-01 3.400347290923858568e-01
1.849920000301199519e-01 -8.168978837307595553e-01 2.551680628741868073e-01 1.113823474114847972e-02 -3.829862041938602579e-01 -1.698122309573799060e-01 9.867159785456768306e-01 -1.126987156179797833e-01 -1.967308679352275380e-01 9.247925216644123925e-01
3.821163505343047606e-04 -8.694789697894995673e-01 -2.479028298888296955e-01 3.233904150515505282e-01 -4.188192516413445365e-01 -1.654142128696932112e-01 2.821808507953020295e-01 -1.900656547407493790e-01 -9.138726101965740645e-01 -4.161559587779727759e-02
6.116137083151472753e-01 -8.681749696334598587e-01 -7.177612626922050265e-02 1.875525056580724659e-01 6.269679295431732635e-01 4.670092151907992428e-01 -5.113307502988809761e-01 -2.766529694038087350e-01 4.321580453754475526e-01 -9.939244787355380195e-01
-7.756523060647577683e-01 -4.379321254222415805e-01 3.245524896276070215e-01 9.577937222620045432e-01 -5.746765592173904702e-01 1.938924269040268045e-01 -6.982715668098973261e-01 -4.533929802883614468e-01 8.223188402036225586e-01 6.352236591657504094e-01
3.408106879155619051e-01 -5.140930872295764731e-01 -2.787275321204877310e-01 9.639483726681211673e-01 1.037053309407911378e-01 5.167416102049250393e-01 9.369502338075003101e-01 3.839236642837663416e-01 5.172903455850442755e-01 -7.891146340888640642e-01
-6.483969313848200189e-01 -9.267992614092301906e-02 -7.165941547221182928e-02 1.524207668315459285e-01 -5.513584722559199403e-01 -6.464805908768076481e-01 -4.876605061493426985e-01 -2.402003469626337040e-01 -2.085333796373705917e-01 -4.085609603283017477e-01
-4.693040976531909769e-01 4.743788264584168635e-02 -1.258190870204148604e-01 -4.051999784334847643e-03 8.877100828654285736e-02 -5.322117697753914189e-01 5.018955662526526362e-01 -1.580425181696988868e-01 -1.557900031020100773e-01 5.247962579408470551e-01
4.239303683782543741e-01 1.948027158698745764e-01 -8.086860781699168471e-03 4.785425539002437501e-01 5.468021494302842678e-01 -2.859952815770510082e-01 7.946032008091805654e-01 8.461041709348264828e-01 2.866514041937719415e-01 3.630182586544274392e-01
-2.445810802431161446e-01 1.113220269483005537e-01 9.660187847059993338e-01 5.745630829027751352e-01 4.562636744274642386e-01 2.460735774673706855e-01 -1.554720191641770499e-01 4.324650162334596759e-01 9.103363017481642672e-01 -9.247463123559247489e-01
2.669169430576632807e-01 -6.400858200046329882e-01 -8.802604975808265841e-01 6.538021104183604493e-01 -4.189698429359355325e-01 9.742975914647488134e-01 3.947892195926885894e-02 -1.385434300571170702e-02 -6.561644943371184313e-01 2.788229241363495148e-01
2.011785464917283661e-01 1.974391913850045699e-01 2.120353966949500291e-01 -2.479722986528446194e-01 -2.982432621825934493e-01 -8.915036006631485432e-02 5.326058612846487628e-02 -6.595954407827392396e-01 6.714284345676891919e-01 8.787212733273844778e-01
-9.666480773511761937e-01 -2.002530647277361575e-01 2.372206015993807704e-01 -6.689381418154878300e-01 -5.036161955474511842e-01 2.727246304006025190e-01 1.683922183140942608e-01 8.627688247308160641e-01 8.197153363161935324e-01 8.879684623717301606e-02
