1.792194721323604745e-01 -6.398949099072887003e-01 1.431574369408094016e-01 -2.462455584487412974e-01 -8.671924663765098185e-01 6.146679941018280413e-01 -7.723713184588555380e-01 2.473902396173110751e-01 -9.993585464023020393e-01 -3.850417278331211834e-01
6.170860469256498337e-01 -4.508030116265386855e-01 1.108365925095882998e-01 -9.427239612016646841e-01 -5.682322425404523480e-01 -5.895973297083595410e-01 -1.115285312757009900e-01 -7.132928943907476116e-01 -2.830379218483489168e-01 9.397003493809685803e-01
1.567420660901380769e-01 -2.037759630613559525e-01 -4.322689468611540242e-01 -7.265394137454579404e-01 -4.969293002972865470e-01 4.023862362253147196e-01 1.424087508015192127e-01 7.539158501976086502e-01 2.911343185091196384e-01 3.649126738259322877e-01
2.398056148241326513e-01 -8.207916091225816446e-01 2.476666870249026875e-01 -7.578474398798988598e-02 -3.552345297204587138e-01 -1.738729774540909156e-01 9.889152326278111138e-01 -1.406134028048414975e-01 -2.112371802628311146e-01 9.546308138650457797e-01
2.471534603700557831e-02 -8.712668183505025699e-01 -2.516898632654073764e-01 2.828339079998632988e-01 -4.061826279640757265e-01 -1.679701997214611275e-01 2.827315696189285354e-01 -2.037981270844315129e-01 -9.207740484778161871e-01 -2.855802745137253976e-02
6.470320510201149622e-01 -8.703717583118530943e-01 -7.416440051323769378e-02 1.419812990767619354e-01 6.431947378485394218e-01 4.684386465169877445e-01 -5.076197314292533180e-01 -2.874780945005038779e-01 4.252688945853959623e-01 -9.736302076499406821e-01
-7.184952656975933660e-01 -4.419118130160546998e-01 3.173505821875975408e-01 8.698268513996797457e-01 -5.461685212945073253e-01 1.906804187628881875e-01 -6.954007080522489614e-01 -4.806819974426199682e-01 8.078189310489213293e-01 6.665933649281082785e-01
4.007016606668784564e-01 -5.182989830456812275e-01 -2.865501084348880956e-01 8.705837951513523132e-01 1.337685017113281472e-01 5.129206734559831338e-01 9.397011912106245646e-01 3.545192432884370914e-01 5.018178334657427131e-01 -7.563583494297698717e-01
-6.372454037869594856e-01 -9.356248676389354590e-02 -7.388195759277565999e-02 1.317358866691424879e-01 -5.452295693116022690e-01 -6.484547815263881354e-01 -4.878616805258121913e-01 -2.479222092589068727e-01 -2.121882402764757314e-01 -4.027777197715851076e-01
-4.285023375737599949e-01 4.470619055639552669e-02 -1.301187959877430633e-01 -6.322191942824979816e-02 1.085380587153521592e-01 -5.331176376989605892e-01 5.047285537897876484e-01 -1.750548803979536661e-01 -1.652907148142575000e-01 5.475366145628826064e-01
4.765963727033435404e-01 1.911240046569048501e-01 -1.481319002742696213e-02 3.970984528177992634e-01 5.731328322791414687e-01 -2.891037720264847954e-01 7.971643855618701924e-01 8.206944764722368113e-01 2.731995697586045990e-01 3.918858938750283682e-01
-1.998726761404326646e-01 1.080560407443659221e-01 9.592063047195790171e-01 5.006743341397058566e-01 4.793804773977725087e-01 2.416173586862121747e-01 -1.543245739850961917e-01 4.076608371354821791e-01 8.978031083335422657e-01 -9.006950888658573628e-01
3.188023940958740754e-01 -6.436857155681052767e-01 -8.866999861721911458e-01 5.743715026362232745e-01 -3.931591927821183052e-01 9.715436874877161344e-01 4.217644598599764455e-02 -3.833849145643970779e-02 -6.692278750137076182e-01 3.073398952763506942e-01
2.329764711411861644e-01 1.953459656729456817e-01 2.089591972169418665e-01 -2.929014429295401234e-01 -2.830287536674070958e-01 -8.940351929318232638e-02 5.572422755073199591e-02 -6.720479409121319359e-01 6.643017926686147767e-01 8.965567273923593650e-01
-9.172404149970350140e-01 -2.038346506210895470e-01 2.299053411998119301e-01 -7.496742838128582775e-01 -4.782175133879535966e-01 2.681516005518972401e-01 1.698588965361841341e-01 8.359830766318220308e-01 8.060802694677700053e-01 1.154640213471114230e-01
