1.633121034280305139e-01 -6.389269223909556095e-01 1.427556768517779795e-01 -2.260941460059133767e-01 -8.746511741596951772e-01 6.139089073627280735e-01 -7.753574949228062563e-01 2.526155306353221053e-01 -9.973994389840440400e-01 -3.947491410253909372e-01
5.917910367557995821e-01 -4.492266936085541618e-01 1.095311958752218096e-01 -9.092325469054389764e-01 -5.804842622081735071e-01 -5.902478208138688398e-01 -1.168593297121095775e-01 -7.035844920881363374e-01 -2.803423300622256420e-01 9.240002616667936097e-01
1.400671672821091063e-01 -2.021109076141069383e-01 -4.443813781683549902e-01 -6.800215672715202997e-01 -5.116166328514709649e-01 4.113528396037983703e-01 1.290639706568156020e-01 7.839397310298780175e-01 2.858268060265574673e-01 3.501079887642985500e-01
2.335321591261864116e-01 -8.193587588916859676e-01 2.286130565475290866e-01 -2.679614280164232393e-02 -3.692771541500565746e-01 -1.583947121724044171e-01 9.712290893830369809e-01 -9.888124602562992083e-02 -2.223614741186802912e-01 9.433213564950502228e-01
2.891004158879140196e-02 -8.707794108957994661e-01 -2.649344172711339818e-01 3.065181045654181702e-01 -4.120593470644315914e-01 -1.566222629190755777e-01 2.718548595248833077e-01 -1.771459428931379809e-01 -9.296964852781169908e-01 -3.128404445350277396e-02
6.327841440231968262e-01 -8.687338278118011958e-01 -8.838281144072034079e-02 1.901320842669643463e-01 6.283720869808278042e-01 4.793307567131913083e-01 -5.224024301161700468e-01 -2.537011274521283055e-01 4.182979053722277185e-01 -9.878119118877849436e-01
-7.306457885737186464e-01 -4.402283443306901356e-01 3.000721916141202428e-01 9.220821813651974841e-01 -5.618366315024664326e-01 2.042719535459782132e-01 -7.125094241267577733e-01 -4.410581787155498090e-01 7.986296361438610658e-01 6.524590817412317945e-01
3.904016158755622690e-01 -5.166191080137948477e-01 -3.057414019084003232e-01 9.247513900828433497e-01 1.178167441172190133e-01 5.282368255262832601e-01 9.212277417186806039e-01 3.976495774804086336e-01 4.911667976514516587e-01 -7.701392580811240451e-01
-6.341639169207101689e-01 -9.347739213739379716e-02 -7.870468290292471913e-02 1.384765408968891276e-01 -5.466638310915689081e-01 -6.442157359710586340e-01 -4.915647619381884326e-01 -2.386454571353503196e-01 -2.156532663818039319e-01 -4.028375119122387660e-01
-4.467217924608742341e-01 4.617106799080723800e-02 -1.369821313995640277e-01 -2.623349497241975886e-02 9.623332130777376148e-02 -5.286403490181252884e-01 4.957139724045180884e-01 -1.556262953986657926e-01 -1.670784712592886245e-01 5.338830706831145800e-01
4.679083869849186006e-01 1.926421931112034802e-01 -3.282063299239868642e-02 4.467409401926707435e-01 5.586085464019971969e-01 -2.746652213407004828e-01 7.799922990250267585e-01 8.608952035593108176e-01 2.630697462295190081e-01 3.795413361061156787e-01
-1.985521961357168685e-01 1.090123100544062723e-01 9.406047405721331689e-01 5.394776319838902046e-01 4.690514389289347497e-01 2.572406711071978935e-01 -1.703577657096068398e-01 4.463520644048539765e-01 8.859074407444569310e-01 -9.072673262898671709e-01
3.083635779107160579e-01 -6.421322835293675757e-01 -9.034699712950799988e-01 6.234480626818198479e-01 -4.077514171363041395e-01 9.848284794097496020e-01 2.579547284472353402e-02 -2.535959578204224907e-04 -6.783350928409261904e-01 2.944343495649120457e-01
2.133742843714899751e-01 1.965808299391128000e-01 2.077083587338743043e-01 -2.664278890191661420e-01 -2.926639187962341015e-01 -8.970785317777148216e-02 5.138415083682268403e-02 -6.640222066920026256e-01 6.662400961313733605e-01 8.842953392162175019e-01
-9.183667151126307937e-01 -2.027106396891490969e-01 2.109030982417423039e-01 -7.070353398896696007e-01 -4.898929040970265159e-01 2.839411240625017152e-01 1.530703112821965028e-01 8.761895295211825641e-01 7.942725711162603730e-01 1.072644728650780227e-01
