1.606126154828523556e-01 -6.388553097961980898e-01 1.462409608316262155e-01 -2.267224660872565745e-01 -8.745546861535007377e-01 6.122193624005124457e-01 -7.727269966327271478e-01 2.488917152853508397e-01 -9.946140170318359397e-01 -3.949802639967562867e-01
5.882873400769889072e-01 -4.491683516092159767e-01 1.136389538740681521e-01 -9.111627196911955551e-01 -5.802044870160032453e-01 -5.928667205386172201e-01 -1.138264282441702191e-01 -7.091115780610628416e-01 -2.771074547589341686e-01 9.235305215771513199e-01
1.169150464098906023e-01 -2.016691839827716715e-01 -4.165622819425147116e-01 -6.909655456677089580e-01 -5.100189089681578247e-01 3.947393166665267850e-01 1.497243449962186723e-01 7.485442612066637302e-01 3.078203495047169835e-01 3.472797146491133358e-01
1.973306226287962484e-01 -8.186479645525169824e-01 2.723535686012900636e-01 -4.326116398605536761e-02 -3.668686504815548144e-01 -1.841248161063663846e-01 1.003755867805864233e+00 -1.538239297478237455e-01 -1.877506224965192483e-01 9.389975578276333890e-01
5.647236927436285678e-03 -8.703494554671444838e-01 -2.371491157619387835e-01 2.950747134527614279e-01 -4.103919981453387766e-01 -1.734860865603906344e-01 2.924610852008494577e-01 -2.129889523099940118e-01 -9.077503573228771216e-01 -3.419393149441075225e-02
6.036909223771751432e-01 -8.681335767663720393e-01 -5.288215209820602836e-02 1.778349377002648446e-01 6.301780526765833335e-01 4.590101745909719866e-01 -4.959426463962239851e-01 -2.972736030414016573e-01 4.464317942586008003e-01 -9.911443308972818222e-01
-7.657749399375898269e-01 -4.395014151176248607e-01 3.429638975117986210e-01 9.073028542308304578e-01 -5.596655637240363079e-01 1.797618950790086378e-01 -6.805364349562297299e-01 -4.936275638948903199e-01 8.326239991461253931e-01 6.484458129575435548e-01
3.560524141149229993e-01 -5.159910326297179051e-01 -2.647959376408479115e-01 9.076358572195258878e-01 1.203090043897518530e-01 5.032526525789419169e-01 9.515795646985728551e-01 3.445887520298263618e-01 5.234972583680874703e-01 -7.744691993088952398e-01
-6.451844114140025122e-01 -9.321884808693178814e-02 -6.488250546606463831e-02 1.348223962033887335e-01 -5.461189320501247391e-01 -6.515294346066562436e-01 -4.811984093517474581e-01 -2.545256704725009089e-01 -2.046535713913045784e-01 -4.039469209861750731e-01
-4.660854034768796561e-01 4.665569538518579001e-02 -1.123310898990848850e-01 -3.167636738950854736e-02 9.705519195448852887e-02 -5.411172615837351874e-01 5.142626114497508283e-01 -1.829200860741894696e-01 -1.474178014140355431e-01 5.320826748390099503e-01
4.332585483279375871e-01 1.933276863166762949e-01 9.107111383218388645e-03 4.311480423587080724e-01 5.608907463617177624e-01 -2.992288698181588824e-01 8.111817996362510330e-01 8.084110941702122854e-01 2.962538570679502103e-01 3.754282079685219986e-01
-2.348427543718525079e-01 1.097525850320070773e-01 9.847860667222009257e-01 5.238654325348879315e-01 4.713420130395210017e-01 2.317887131038089965e-01 -1.374454610694534618e-01 3.918303761893749959e-01 9.209082248817982430e-01 -9.114657072231583390e-01
2.831448139329801883e-01 -6.417734792697376012e-01 -8.746378632896989469e-01 6.075861469391352632e-01 -4.054646728348024198e-01 9.652257316232448758e-01 4.695210573225718637e-02 -4.126196712464144656e-02 -6.557231171552166948e-01 2.907533974018237655e-01
2.031398520595227297e-01 1.969123425974192987e-01 2.216430737589585864e-01 -2.668769558356106075e-01 -2.925661149088161772e-01 -9.537453904620976641e-02 6.201819212679300641e-02 -6.769367579692451287e-01 6.774599367658777904e-01 8.837134960770186565e-01
-9.549000636329008085e-01 -2.019786091952860685e-01 2.552214215047053925e-01 -7.231770830627954894e-01 -4.875280686675627639e-01 2.581564190544162196e-01 1.860574087619734640e-01 8.210384514708157777e-01 8.293624623311990351e-01 1.029732624407573571e-01
