-9.466606802847961077e-01 -3.115686892319056711e-01
3.114969166220520336e-01 2.238386843952900052e-01
3.517155827881927599e-01 -4.228123026226202619e-01
5.389944599084899313e-01 8.381245878661219839e-01
-4.137092274958827920e-01 -5.024918687596100497e-01
-4.158107109528429435e-01 2.539181167649620652e-01
1.826540252569670841e-01 -4.799255523334467477e-01
-3.347277549818507558e-01 6.588279838094841523e-01
7.684932256256391536e-01 -5.340851604200045344e-01
-5.076412535344254628e-01 -4.413672965313508723e-01
