1.605906120611977628e-01 -6.387768100402290150e-01 1.441259597073678844e-01 -2.235160146425541616e-01 -8.755277503050138410e-01 6.134420076132589550e-01 -7.745910659542938337e-01 2.522402141547625543e-01 -9.960256883784007753e-01 -3.958344471101768458e-01
5.883381320360523414e-01 -4.491152157524042066e-01 1.120411917031837734e-01 -9.088975759648029173e-01 -5.808940599348951794e-01 -5.919673535161276146e-01 -1.152241291258522954e-01 -7.066591344205789271e-01 -2.781876980198208504e-01 9.229255088067342960e-01
1.124679813968818276e-01 -2.008519474227235257e-01 -4.279126183661919880e-01 -6.636667377404011914e-01 -5.181640740404017675e-01 4.028593253589489720e-01 1.390466150044861182e-01 7.714687739182081172e-01 3.011310682727843524e-01 3.401095116664482609e-01
1.849447387836482271e-01 -8.168939542040897228e-01 2.551789393456600497e-01 1.123217793567571343e-02 -3.830131895993024171e-01 -1.698014620957250254e-01 9.867181881964447454e-01 -1.126617155676620657e-01 -1.967139060897767910e-01 9.247686126282013142e-01
1.400676976923143080e-04 -8.694588447037745471e-01 -2.478471259989767639e-01 3.238715454782012393e-01 -4.189574574975437060e-01 -1.653590601039326147e-01 2.821921675300804733e-01 -1.898761588428820868e-01 -9.137857400408424535e-01 -4.173804609732557902e-02
6.115724612457008602e-01 -8.681715401543086408e-01 -7.176663387095169599e-02 1.876344942165207863e-01 6.269443781352987966e-01 4.670186136730166693e-01 -5.113288218347484815e-01 -2.766206777534839789e-01 4.321728487602390367e-01 -9.939453452541049394e-01
-7.759083759966571847e-01 -4.379108345401376834e-01 3.246114203058557690e-01 9.583027233828149694e-01 -5.748227709965906262e-01 1.939507745329293320e-01 -6.982595945246975466e-01 -4.531925073623923605e-01 8.224107425323531340e-01 6.350941157082367061e-01
3.408092606792207935e-01 -5.140929685623027989e-01 -2.787272036633159922e-01 9.639512096466446023e-01 1.037045160119815512e-01 5.167419354124016539e-01 9.369503005364613335e-01 3.839247816435564786e-01 5.172908578136469204e-01 -7.891153561147924433e-01
-6.487849019531308770e-01 -9.264766840738741793e-02 -7.157012982839759674e-02 1.531919524707452684e-01 -5.515799971598758233e-01 -6.463921886088140889e-01 -4.876423669861130183e-01 -2.398966112040375742e-01 -2.083941387728060202e-01 -4.087572311222201771e-01
-4.688965585203339059e-01 4.740399788800999520e-02 -1.259128760777009914e-01 -4.862082693560428048e-03 8.900370652357014745e-02 -5.323046309009081822e-01 5.018765121813978380e-01 -1.583615738347069202e-01 -1.559362670349933866e-01 5.250024282941987419e-01
4.235564587189556973e-01 1.948338045120067974e-01 -8.000811046524163028e-03 4.792857900711330887e-01 5.465886530773909069e-01 -2.859100832022086758e-01 7.946206825691313202e-01 8.463968986396829264e-01 2.867855986623277786e-01 3.628291011469292893e-01
-2.446263358045088487e-01 1.113257897126946755e-01 9.660291995989452873e-01 5.746530393115613089e-01 4.562378342356820937e-01 2.460838893172717368e-01 -1.554699032871435793e-01 4.325004460660115679e-01 9.103525437624029326e-01 -9.247692067342340172e-01
2.666939435236929112e-01 -6.400672787539997133e-01 -8.802091775617656433e-01 6.542453760992982259e-01 -4.190971720541211143e-01 9.743484037329328551e-01 3.948934807216818166e-02 -1.367976034880558078e-02 -6.560844608231259922e-01 2.787101106933959072e-01
2.013966032463922751e-01 1.974210611007456151e-01 2.119852141828770797e-01 -2.484057393606265984e-01 -2.981187553112497057e-01 -8.920004608179678274e-02 5.325039111010717446e-02 -6.597661538192544084e-01 6.713501749946093611e-01 8.788315862630885489e-01
-9.666421574216494950e-01 -2.002535569390656300e-01 2.372192392158334051e-01 -6.689499091117958596e-01 -5.036128153636770799e-01 2.727232814962286533e-01 1.683919415339032721e-01 8.627641901156350990e-01 8.197132116805309066e-01 8.879984107586195996e-02
