-7.840194840871842485e-01 -1.509901681775665527e-01
3.208029484793153419e-01 2.329614059056598907e-01
5.028980210922611160e-01 -2.744665572300841183e-01
6.985737699248675270e-01 9.936637735742201993e-01
-3.663770773815150927e-01 -4.558247709753205923e-01
-1.957825867247517393e-01 4.698599632712692209e-01
3.688859461535900497e-01 -2.970479580772191763e-01
-1.632863283270801769e-01 8.268397690462578886e-01
1.008947178585025473e+00 -2.982271141854373475e-01
-3.096720631074947327e-01 -2.466035141649644546e-01
