1.791381017974563450e-01 -6.398902234664001210e-01 1.431601468356901441e-01 -2.461528285767085877e-01 -8.672278201254649543e-01 6.146601323609252043e-01 -7.723824304104138783e-01 2.474069639692845490e-01 -9.993455248844494987e-01 -3.850894971899792574e-01
6.172530482531519702e-01 -4.508126298965208223e-01 1.108310308261687971e-01 -9.429142764037197200e-01 -5.681596838737754673e-01 -5.895811945754662053e-01 -1.115057255361943528e-01 -7.133272188037474981e-01 -2.830646467078450357e-01 9.397983893610009076e-01
1.567932550825564264e-01 -2.037789112388139201e-01 -4.322706516198804860e-01 -7.265977488711771182e-01 -4.969070597253464339e-01 4.023911819416614022e-01 1.424157411820399233e-01 7.539053291308417393e-01 2.911261268459119922e-01 3.649427248912120447e-01
2.401613811665158915e-01 -8.208120991197738192e-01 2.476548388570033732e-01 -7.619017635399419341e-02 -3.550799565093477050e-01 -1.738386044505993988e-01 9.889638161609540790e-01 -1.406865248036306693e-01 -2.112941127774154715e-01 9.548396704389732204e-01
2.479343502650968242e-02 -8.712713158056719642e-01 -2.516924638808915038e-01 2.827449175586612129e-01 -4.061486998926926995e-01 -1.679626550136315566e-01 2.827422334692080708e-01 -2.038141770091031757e-01 -9.207865448890956150e-01 -2.851218444469565474e-02
6.470687958508273274e-01 -8.703738745926486997e-01 -7.416562423474208632e-02 1.419394245600374138e-01 6.432107027271642963e-01 4.684421966847352459e-01 -5.076147135467612426e-01 -2.874856468042121249e-01 4.252630143899945869e-01 -9.736086361898617092e-01
-7.184602067792138502e-01 -4.419138321984606432e-01 3.173494146124173354e-01 8.697868981535886723e-01 -5.461532889103652977e-01 1.906838060431907678e-01 -6.953959203983308690e-01 -4.806892032344048937e-01 8.078133206464066518e-01 6.666139466546686654e-01
4.006927138333014615e-01 -5.182984677619878466e-01 -2.865498104764424570e-01 8.705939909891066142e-01 1.337646144948309024e-01 5.129198090416046130e-01 9.396999694289835947e-01 3.545210821649019128e-01 5.018192652080758487e-01 -7.563636017675707812e-01
-6.372399986740807654e-01 -9.356279806581987990e-02 -7.388213760048654988e-02 1.317297269866714582e-01 -5.452272209004274117e-01 -6.484542593017094125e-01 -4.878609424023603314e-01 -2.479233201921523522e-01 -2.121891052449427773e-01 -4.027745466401697616e-01
-4.287058967764854067e-01 4.471791433966386398e-02 -1.301120168090405815e-01 -6.298994276449333685e-02 1.084496163983929840e-01 -5.331373049365613070e-01 5.047007556984732801e-01 -1.750130421069127085e-01 -1.652581396774406852e-01 5.474171128770631833e-01
4.768644828489542187e-01 1.911085631283613306e-01 -1.482211896094951138e-02 3.967929137104275195e-01 5.732493206626710913e-01 -2.890778680837187142e-01 7.972009987447192803e-01 8.206393707823298467e-01 2.731566646746864668e-01 3.920432909072273930e-01
-2.006804865904066593e-01 1.081025657577801696e-01 9.592332074158205213e-01 5.015949172949925039e-01 4.790295002525342682e-01 2.415393106302003712e-01 -1.544348887650346946e-01 4.078268694654355597e-01 8.979323804842366252e-01 -9.011693229427353291e-01
3.189528106834816912e-01 -6.436943786570222814e-01 -8.867049955302234165e-01 5.742000874523373044e-01 -3.930938398462697214e-01 9.715582202562079717e-01 4.219698690962839921e-02 -3.836940714526861085e-02 -6.692519458533220389e-01 3.074281990010345744e-01
2.332736988491110885e-01 1.953288471482982902e-01 2.089492985745795006e-01 -2.932401644962256415e-01 -2.828996142976247796e-01 -8.937480210489003041e-02 5.576481703455511696e-02 -6.721090312444927273e-01 6.642542279644807479e-01 8.967312182121982556e-01
-9.175220274938055143e-01 -2.038184314384950402e-01 2.299147198052244878e-01 -7.493533573865492903e-01 -4.783398682673477564e-01 2.681243920552476845e-01 1.698204394691702201e-01 8.360409575109123415e-01 8.061253353035995328e-01 1.152986976100297822e-01
