1.632967504500242584e-01 -6.389268730795353290e-01 1.427711972873893509e-01 -2.261092503826094835e-01 -8.746490267068627311e-01 6.138948912640316280e-01 -7.753464782508746600e-01 2.525871737301246811e-01 -9.973875319291876096e-01 -3.947522116490158051e-01
5.917088825650219652e-01 -4.492264297418418484e-01 1.096142461360668646e-01 -9.093133708240406232e-01 -5.804727711313537597e-01 -5.903228213281529468e-01 -1.168003792096577037e-01 -7.037362306367425102e-01 -2.802786150972281787e-01 9.239838306786827271e-01
1.401088784251859898e-01 -2.021110415839273977e-01 -4.444235442621341514e-01 -6.799805315312748011e-01 -5.116224670754442316e-01 4.113909186981517530e-01 1.290340404387834983e-01 7.840167713883950951e-01 2.857944568061952517e-01 3.501163310690488806e-01
2.335531623013084868e-01 -8.193588263506763614e-01 2.285918242871178840e-01 -2.677547971798982518e-02 -3.692800919076620891e-01 -1.583755378744064468e-01 9.712140183596988940e-01 -9.884245322298679248e-02 -2.223777632033279439e-01 9.433255571684115992e-01
2.907445624618693394e-02 -8.707799389705658255e-01 -2.651006252278333419e-01 3.066798569576024702e-01 -4.120823440830929663e-01 -1.564721648687656952e-01 2.717368822607635903e-01 -1.768422695047615067e-01 -9.298239976307048904e-01 -3.125116122191912149e-02
6.328492842344209945e-01 -8.687340370322099714e-01 -8.844866214757364509e-02 1.901961697028969611e-01 6.283629756845671155e-01 4.793902247609700407e-01 -5.224491720796065053e-01 -2.535808136736893426e-01 4.182473856575450455e-01 -9.877988837266402644e-01
-7.305063152337750720e-01 -4.402287922977544676e-01 2.999311970141662065e-01 9.222193962993109340e-01 -5.618561399273979129e-01 2.043992820745130778e-01 -7.126095045169421605e-01 -4.408005718671107465e-01 7.985214671157389033e-01 6.524869766637999557e-01
3.904023109037080275e-01 -5.166191102461191731e-01 -3.057421045173391305e-01 9.247520738568267840e-01 1.178166469021927343e-01 5.282374600340045134e-01 9.212272429947807595e-01 3.976508611953485373e-01 4.911662586199845859e-01 -7.701391190742262749e-01
-6.340111905676365511e-01 -9.347788267111196980e-02 -7.885907506893130581e-02 1.386267942462594271e-01 -5.466851932428962169e-01 -6.440763084516973880e-01 -4.916743521510078541e-01 -2.383633720106604348e-01 -2.157717138298058390e-01 -4.028069663628540131e-01
-4.470525316509615377e-01 4.617213027456767288e-02 -1.366477847795264933e-01 -2.655887870665106162e-02 9.627958248330988067e-02 -5.289422886893173636e-01 4.959512973815109471e-01 -1.562371697094705747e-01 -1.668219653437630068e-01 5.338169222414019810e-01
4.680318270929535451e-01 1.926417966404310733e-01 -3.294541948319120589e-02 4.468623815111178454e-01 5.585912805784203350e-01 -2.745525299308250733e-01 7.799037234292781617e-01 8.611231970755965914e-01 2.629740118295051388e-01 3.795660243530367683e-01
-1.985652584351496608e-01 1.090123520085168746e-01 9.406179453443408445e-01 5.394647811942212545e-01 4.690532659798107296e-01 2.572287462234406630e-01 -1.703483927353562077e-01 4.463279383762408514e-01 8.859175712556732751e-01 -9.072699387735961851e-01
3.085042171768810904e-01 -6.421327352412088407e-01 -9.036121445382159223e-01 6.235864246630300478e-01 -4.077710886417511005e-01 9.849568723400563552e-01 2.569455583335243654e-02 6.164352918655580105e-06 -6.784441661071363150e-01 2.944624776748525630e-01
2.133376443730757854e-01 1.965809476211911877e-01 2.077453983711326779e-01 -2.664639357286688326e-01 -2.926587938837680869e-01 -8.974130270357681682e-02 5.141044220791289587e-02 -6.640898806612508531e-01 6.662685124080643950e-01 8.842880111496560502e-01
-9.183754210292207620e-01 -2.027106117270748020e-01 2.109118991152807709e-01 -7.070439048367179735e-01 -4.898916863824415713e-01 2.839331762242309765e-01 1.530765582934861813e-01 8.761734497188603532e-01 7.942793230197914278e-01 1.072627316658692070e-01
