1.606713171539116414e-01 -6.388576137450383552e-01 1.461561988659864364e-01 -2.267328551459716623e-01 -8.745534496380158451e-01 6.122469097732051724e-01 -7.727924247133342028e-01 2.489577185032440521e-01 -9.946827946552702082e-01 -3.949789012383221332e-01
5.883351994284031772e-01 -4.491702300139563953e-01 1.135698476181998817e-01 -9.111711898693513056e-01 -5.802034788874772531e-01 -5.928442612224437136e-01 -1.138797716234237756e-01 -7.090577657735653849e-01 -2.771635290135504581e-01 9.235316326312936752e-01
1.171089441059842973e-01 -2.016767941642875206e-01 -4.168422594892753907e-01 -6.909998618040826823e-01 -5.100148246295118648e-01 3.948303084901350624e-01 1.495082292730950946e-01 7.487622766677796138e-01 3.075931698949024296e-01 3.472842159812891683e-01
1.972629937836706815e-01 -8.186453102260474735e-01 2.724512209124313467e-01 -4.324919499045156573e-02 -3.668700750426057700e-01 -1.841565528008731745e-01 1.003831245992726551e+00 -1.538999705371256466e-01 -1.876713853784030550e-01 9.389959878249840575e-01
5.614716084531398005e-03 -8.703481790748894831e-01 -2.371021574638334795e-01 2.950804690120207296e-01 -4.103926831773848094e-01 -1.735013478598325942e-01 2.924973324880661973e-01 -2.130255182244149836e-01 -9.077122543822501166e-01 -3.419468646530263861e-02
6.036994437685860859e-01 -8.681339112176662542e-01 -5.289445651600093584e-02 1.778334295790460762e-01 6.301782321745813542e-01 4.590141734881212354e-01 -4.959521442226751953e-01 -2.972640217255055894e-01 4.464218101978573716e-01 -9.911441330733049559e-01
-7.658489196149490530e-01 -4.394985115309163470e-01 3.430707200733578710e-01 9.073159472007227278e-01 -5.596671220615583309e-01 1.797271780819092446e-01 -6.804539782185220487e-01 -4.937107454581455279e-01 8.327106771963305176e-01 6.484440955204168189e-01
3.560033996791249211e-01 -5.159891088897208267e-01 -2.647251635070285714e-01 9.076445318252432948e-01 1.203079719300662875e-01 5.032296512076711581e-01 9.516341955191003343e-01 3.445336409839649394e-01 5.235546859735938918e-01 -7.744703371783046020e-01
-6.453957467688747895e-01 -9.321055350456337873e-02 -6.457734890467706212e-02 1.348597984675956318e-01 -5.461233837025917248e-01 -6.516286095309598014e-01 -4.809628578523746922e-01 -2.547632925576044927e-01 -2.044059610048629960e-01 -4.039518271333442101e-01
-4.660173617013534941e-01 4.665302485184348591e-02 -1.124293384588813532e-01 -3.168840946579471601e-02 9.705662521367065809e-02 -5.410853311102875596e-01 5.141867730163052208e-01 -1.828435809925647859e-01 -1.474975223407228586e-01 5.320842544278325814e-01
4.331297330639799492e-01 1.933327421144525327e-01 9.293113498327346816e-03 4.311708401652527001e-01 5.608880329454607461e-01 -2.992893199215496125e-01 8.113253753696424431e-01 8.082662563524544153e-01 2.964047830562089869e-01 3.754252175240552214e-01
-2.348581834288365200e-01 1.097531905983785833e-01 9.848083454269521697e-01 5.238681631791103355e-01 4.713416880356917638e-01 2.317814725947167642e-01 -1.374282640533238675e-01 3.918130280050452496e-01 9.209263022866155390e-01 -9.114660654084902891e-01
2.832749602429274205e-01 -6.417785873089886239e-01 -8.748257873615835623e-01 6.075631135632330038e-01 -4.054619313808601744e-01 9.652868063565530621e-01 4.680704643318991942e-02 -4.111563270011087123e-02 -6.558756026592131860e-01 2.907564187465036531e-01
2.030635238075820803e-01 1.969153383620093622e-01 2.217532875322906216e-01 -2.668634472135096858e-01 -2.925677227176528006e-01 -9.541035817648739481e-02 6.210326655364405840e-02 -6.770225802321098163e-01 6.775493665159111334e-01 8.837117241177674387e-01
-9.549022941671115872e-01 -2.019785216503045544e-01 2.552246422727127984e-01 -7.231766883014461023e-01 -4.875281156524277626e-01 2.581553723149265789e-01 1.860598948849321865e-01 8.210359434939069612e-01 8.293650757294078746e-01 1.029732106589383162e-01
