1.606255110527661789e-01 -6.387797117097437916e-01 1.441179282246081994e-01 -2.235853848559630763e-01 -8.755078235466799974e-01 6.134340555925199556e-01 -7.745926976206013448e-01 2.522128923099009046e-01 -9.960382134670423548e-01 -3.958167920266690287e-01
5.883971657588290549e-01 -4.491201240992080401e-01 1.120276059717510569e-01 -9.090149198123841368e-01 -5.808603526363617098e-01 -5.919808048328196737e-01 -1.152268891865913386e-01 -7.067053509484161333e-01 -2.782088849532361463e-01 9.229553734320016245e-01
1.126252535266102639e-01 -2.008650237817768414e-01 -4.279488122027966246e-01 -6.639793542577338004e-01 -5.180742742043350502e-01 4.028234896175402202e-01 1.390392619084895587e-01 7.713456481619501703e-01 3.010746240239057792e-01 3.401890742113532484e-01
1.849017912313308254e-01 -8.168903833386380597e-01 2.551888230847168537e-01 1.131754661642422194e-02 -3.830377119553246001e-01 -1.697916761445737166e-01 9.867201961648975894e-01 -1.126280926373460639e-01 -1.966984924094513920e-01 9.247468858507633671e-01
-9.862000603767448470e-05 -8.694389990634759924e-01 -2.477921955814689214e-01 3.243459952030128268e-01 -4.190937443062942580e-01 -1.653046731579232986e-01 2.822033271271543464e-01 -1.896892941766378238e-01 -9.137000761143931893e-01 -4.185879604316197766e-02
6.115333411895018667e-01 -8.681682875252386689e-01 -7.175763097307986949e-02 1.877122548200549634e-01 6.269220412175012802e-01 4.670275274978645252e-01 -5.113269928169236200e-01 -2.765900513067469091e-01 4.321868887696930783e-01 -9.939651357359492456e-01
-7.761216121168470483e-01 -4.378931050665458846e-01 3.246604934207533710e-01 9.587265819099320963e-01 -5.749445253638114650e-01 1.939993621274085367e-01 -6.982496248901259861e-01 -4.530255683210935302e-01 8.224872720017427641e-01 6.349862414878184591e-01
3.408078872406708482e-01 -5.140928543680355345e-01 -2.787268875869040596e-01 9.639539396890048906e-01 1.037037318008384584e-01 5.167422483616114226e-01 9.369503647501622456e-01 3.839258568859431620e-01 5.172913507344680806e-01 -7.891160509249058874e-01
-6.491943217131835864e-01 -9.261362728519226262e-02 -7.147590797279207431e-02 1.540057735828255780e-01 -5.518137692045393949e-01 -6.462988989670052087e-01 -4.876232249880759761e-01 -2.395760832270178164e-01 -2.082471998913136280e-01 -4.089643528678239548e-01
-4.685011864615995503e-01 4.737112475906723325e-02 -1.260038650642211766e-01 -5.647980590826679609e-03 8.922945755855017647e-02 -5.323947196590468334e-01 5.018580269691276241e-01 -1.586711040980726684e-01 -1.560781642606580699e-01 5.252024434350348603e-01
4.232327775665037928e-01 1.948607169152124230e-01 -7.926320653572366953e-03 4.799291848975428820e-01 5.464038363875027837e-01 -2.858363298035729860e-01 7.946358159471198501e-01 8.466503032750173352e-01 2.869017663492399728e-01 3.626653537857705278e-01
-2.446630818073011748e-01 1.113288449515797696e-01 9.660376561438094312e-01 5.747260809079246524e-01 4.562168528638868570e-01 2.460922621946285971e-01 -1.554681852657338881e-01 4.325292139054950913e-01 9.103657317349349576e-01 -9.247877962039785515e-01
2.665098270882671483e-01 -6.400519704306406599e-01 -8.801668059083039841e-01 6.546113521875338570e-01 -4.192022995534878116e-01 9.743903561690091530e-01 3.949795624595309196e-02 -1.353561862839739588e-02 -6.560183822755680794e-01 2.786169678575571851e-01
2.016029863825662682e-01 1.974039014171079243e-01 2.119377181801108678e-01 -2.488159759192483111e-01 -2.980009138867877883e-01 -8.924707216780342067e-02 5.324074187972558519e-02 -6.599277277724029389e-01 6.712761050298758914e-01 8.789359936210090485e-01
-9.666357948625391439e-01 -2.002540859527412731e-01 2.372177749676845082e-01 -6.689625562417981230e-01 -5.036091824455874999e-01 2.727218317350829646e-01 1.683916440590232377e-01 8.627592089730540259e-01 8.197109281871328701e-01 8.880305983684527726e-02
