1.790601835755590843e-01 -6.398857358464156153e-01 1.431627417640615740e-01 -2.460640327427714991e-01 -8.672616740018098680e-01 6.146526041521144235e-01 -7.723930709406299222e-01 2.474229787954456139e-01 -9.993330558007390563e-01 -3.851352399456400843e-01
6.174106182674972132e-01 -4.508217049797056952e-01 1.108257832359292178e-01 -9.430938436536719927e-01 -5.680912229200804076e-01 -5.895659706658153976e-01 -1.114842077389710390e-01 -7.133596047633663506e-01 -2.830898622947936594e-01 9.398908925841259476e-01
1.568411428785015660e-01 -2.037816692872506663e-01 -4.322722464381055230e-01 -7.266523219437244219e-01 -4.968862534558644017e-01 4.023958087069877676e-01 1.424222807504146315e-01 7.538954865714425635e-01 2.911184634660014536e-01 3.649708379525180568e-01
2.404842889742930256e-01 -8.208306966634041357e-01 2.476440849844000480e-01 -7.655816303770167364e-02 -3.549396596605604581e-01 -1.738074061333842180e-01 9.890079125250905712e-01 -1.407528932638147101e-01 -2.113457870121183135e-01 9.550292370460192748e-01
2.486932706652384556e-02 -8.712756867297913876e-01 -2.516949913308640929e-01 2.826584307675338859e-01 -4.061157263510019044e-01 -1.679553225680187611e-01 2.827525973035623919e-01 -2.038297753864562745e-01 -9.207986897273229276e-01 -2.846763118156361155e-02
6.471042061563178072e-01 -8.703759140128344285e-01 -7.416680351224766432e-02 1.418990708721652727e-01 6.432260877818308797e-01 4.684456179149339983e-01 -5.076098779073388023e-01 -2.874929248179158847e-01 4.252573477557641812e-01 -9.735878481776036875e-01
-7.184313284695914570e-01 -4.419154954150513737e-01 3.173484528714646258e-01 8.697539883473434097e-01 -5.461407418745217734e-01 1.906865961728888836e-01 -6.953919767697591681e-01 -4.806951387023501998e-01 8.078086993132790328e-01 6.666308999863642670e-01
4.006833576216092263e-01 -5.182979289005823498e-01 -2.865494988843838020e-01 8.706046533553603028e-01 1.337605494119019911e-01 5.129189050744248357e-01 9.396986917425734775e-01 3.545230051823954898e-01 5.018207624622991192e-01 -7.563690944353309575e-01
-6.372331610242554234e-01 -9.356319187324074749e-02 -7.388236531630312798e-02 1.317219347808994412e-01 -5.452242500812013448e-01 -6.484535986699032639e-01 -4.878600086513352196e-01 -2.479247255601219613e-01 -2.121901994591840757e-01 -4.027705325220643506e-01
-4.289086485543981420e-01 4.472959162012916934e-02 -1.301052645201913882e-01 -6.275888624441873509e-02 1.083615248910275164e-01 -5.331568941633650915e-01 5.046730678692761263e-01 -1.749713697689402048e-01 -1.652256937510618862e-01 5.472980851989278639e-01
4.771017953796288236e-01 1.910948953568273601e-01 -1.483002223445538913e-02 3.965224716552590567e-01 5.733524281113901999e-01 -2.890549397077772920e-01 7.972334061982239151e-01 8.205905950424315920e-01 2.731186880661540806e-01 3.921826078582766328e-01
-2.015161763552439922e-01 1.081506964517077590e-01 9.592610385832637254e-01 5.025472717991704696e-01 4.786664101142761862e-01 2.414585689641614852e-01 -1.545490107505919364e-01 4.079986319361718072e-01 8.980661141010984894e-01 -9.016599238803647554e-01
3.190832290812387617e-01 -6.437018899707287467e-01 -8.867093388839634160e-01 5.740514622641901266e-01 -3.930371757155534107e-01 9.715708208637061638e-01 4.221479687587600255e-02 -3.839621253067687645e-02 -6.692728164260767221e-01 3.075047625667450824e-01
2.335652460094187199e-01 1.953120557889582165e-01 2.089395891127941440e-01 -2.935724124942052371e-01 -2.827729430097869479e-01 -8.934663375289791931e-02 5.580463078149547340e-02 -6.721689540324670142e-01 6.642075723060363313e-01 8.969023742036060787e-01
-9.178119191021032464e-01 -2.038017354289730632e-01 2.299243741317824608e-01 -7.490229960604902759e-01 -4.784658202516432479e-01 2.680963836573834747e-01 1.697808518047912718e-01 8.361005400270349330e-01 8.061717260276538566e-01 1.151285135287763994e-01
