1.595915810303832338e-01 -6.386937458095423015e-01 1.443558718091157989e-01 -2.215301980703508478e-01 -8.760981808253330838e-01 6.136696450067462560e-01 -7.745443572902362961e-01 2.530223390703887354e-01 -9.956671407054081824e-01 -3.963398478533847746e-01
5.824429913026533123e-01 -4.486250654820864159e-01 1.133978704792278080e-01 -8.971795533981666848e-01 -5.842600897099324841e-01 -5.906240974716207015e-01 -1.149485079092984752e-01 -7.020439259770984153e-01 -2.760719589419258213e-01 9.199432105436401441e-01
1.116516568930506631e-01 -2.007840742888468422e-01 -4.277247534484915903e-01 -6.620440947213130922e-01 -5.186301820962146980e-01 4.030453315755330723e-01 1.390847814135718064e-01 7.721078609074901733e-01 3.014240434079178965e-01 3.396965404991775239e-01
1.865177067826372381e-01 -8.170247383065858404e-01 2.548169442048935918e-01 8.105522382853606878e-03 -3.821150503759619399e-01 -1.701598757228140746e-01 9.866446457021960104e-01 -1.138931662689370294e-01 -1.972784371186773744e-01 9.255643628814074209e-01
3.845760194334186047e-03 -8.697669537483395663e-01 -2.486999358958222606e-01 3.165055825157484515e-01 -4.168415671660100630e-01 -1.662034324557234710e-01 2.820189117045982519e-01 -1.927772843753989829e-01 -9.151156961488262631e-01 -3.986336985190810228e-02
6.124086813029560039e-01 -8.682410674999047062e-01 -7.195907745374066633e-02 1.859723039576733905e-01 6.274218462295306775e-01 4.668280740918185345e-01 -5.113679184398866040e-01 -2.772753406433768331e-01 4.318727332018723053e-01 -9.935223091066914813e-01
-7.560530410558059522e-01 -4.395617023020166880e-01 3.200420109017876324e-01 9.188354276171946111e-01 -5.634856966795013244e-01 1.894265740293002709e-01 -6.991879102034863624e-01 -4.687369215861247329e-01 8.152847535290622671e-01 6.451387496847883485e-01
3.408375911750141651e-01 -5.140953240955800085e-01 -2.787337235046727923e-01 9.638948959123260218e-01 1.037206922657293029e-01 5.167354800771621903e-01 9.369489759733899970e-01 3.839026021656937737e-01 5.172806901281314929e-01 -7.891010239737599186e-01
-6.449167551071325333e-01 -9.296928468559656489e-02 -7.246032617245702634e-02 1.455030720720688064e-01 -5.493713480288923146e-01 -6.472735775131518432e-01 -4.878232181969183179e-01 -2.429249195670816763e-01 -2.097823990046183695e-01 -4.068003706939598563e-01
-4.748836759351862669e-01 4.790179554069167595e-02 -1.245350302392810304e-01 7.038765844094248270e-03 8.558515955473164349e-02 -5.309404172170668623e-01 5.021564336727005751e-01 -1.536743583644149536e-01 -1.537875179463104314e-01 5.219735998616398254e-01
4.403415461658299890e-01 1.934382118499382297e-01 -1.186364875016073135e-02 4.459213561448833740e-01 5.561726658563713732e-01 -2.897347026965071959e-01 7.938359131410056557e-01 8.332561305371531946e-01 2.807615074585269599e-01 3.713205247451975000e-01
-2.396192575941227532e-01 1.109094772191830947e-01 9.648768951765016588e-01 5.647002564831882232e-01 4.590967947091129653e-01 2.449429855839113102e-01 -1.557040040576151141e-01 4.285804871237561264e-01 9.085555262669983145e-01 -9.222361712520766863e-01
2.821487039386406659e-01 -6.413522616471418747e-01 -8.837658603267783963e-01 6.235252899309914332e-01 -4.102727544404659032e-01 9.708269101363218301e-01 3.876677671047319002e-02 -2.577903736096109899e-02 -6.616311037326256805e-01 2.865285339043817658e-01
1.963671079088906701e-01 1.978392374617053695e-01 2.131426775730117240e-01 -2.384083970529639884e-01 -3.009905156007925409e-01 -8.805403442262760283e-02 5.348553997020481787e-02 -6.558286448779369060e-01 6.731552378945254711e-01 8.762872101595137186e-01
-9.666824377415653702e-01 -2.002502078401063035e-01 2.372285091311066019e-01 -6.688698422026054802e-01 -5.036358147732444834e-01 2.727324596966564929e-01 1.683938247986598857e-01 8.627957249136983808e-01 8.197276681033324186e-01 8.877946362711991446e-02
