1.632824534631621693e-01 -6.389268271597972060e-01 1.427856502139771833e-01 -2.261233158671751564e-01 -8.746470269576988033e-01 6.138818392047609152e-01 -7.753362193151942527e-01 2.525607672374630686e-01 -9.973764438518921693e-01 -3.947550710724843648e-01
5.916334599171243491e-01 -4.492261874958171086e-01 1.096904914319212915e-01 -9.093875721994871819e-01 -5.804622216093788811e-01 -5.903916764568742925e-01 -1.167462589883064839e-01 -7.038755360454586052e-01 -2.802201208034457158e-01 9.239687460114349715e-01
1.401442578058558208e-01 -2.021111552170941628e-01 -4.444593095318708498e-01 -6.799457250271102593e-01 -5.116274156626953173e-01 4.114232173760423161e-01 1.290086536356614966e-01 7.840821170003792195e-01 2.857670182059282582e-01 3.501234070097605233e-01
2.335720985460627286e-01 -8.193588871710021371e-01 2.285726815014440250e-01 -2.675685009617563906e-02 -3.692827405594361623e-01 -1.583582505262902118e-01 9.712004304814391142e-01 -9.880747803465053658e-02 -2.223924492730254276e-01 9.433293444519265103e-01
2.923430433697881553e-02 -8.707804523782177730e-01 -2.652622168095918331e-01 3.068371167267815447e-01 -4.121047023666253306e-01 -1.563262357456955132e-01 2.716221817789140625e-01 -1.765470305514636740e-01 -9.299479683668695484e-01 -3.121919131199150932e-02
6.329118718632886775e-01 -8.687342380541140940e-01 -8.851193243061006299e-02 1.902577438888658490e-01 6.283542214232874512e-01 4.794473624956183122e-01 -5.224940824138706308e-01 -2.534652145073512663e-01 4.181988456068814752e-01 -9.877863660866261775e-01
-7.303879774974492145e-01 -4.402291723804882539e-01 2.998115685475397640e-01 9.223358178656091422e-01 -5.618726920716758944e-01 2.045073154079272426e-01 -7.126944188584917184e-01 -4.405820024163566995e-01 7.984296898776394036e-01 6.525106444270658557e-01
3.904029754438179678e-01 -5.166191123805204954e-01 -3.057427763057037895e-01 9.247527276364483351e-01 1.178165539515911853e-01 5.282380667084727310e-01 9.212267661478542591e-01 3.976520885989759946e-01 4.911657432336185014e-01 -7.701389861649913238e-01
-6.338491942502615384e-01 -9.347840297853957092e-02 -7.902283830835440948e-02 1.387861674571126414e-01 -5.467078520033301636e-01 -6.439284181614972624e-01 -4.917905941127899139e-01 -2.380641652891852256e-01 -2.158973506304797951e-01 -4.027745668036886717e-01
-4.473682741609331659e-01 4.617314439128221426e-02 -1.363285984110065852e-01 -2.686950859276470913e-02 9.632374604213748970e-02 -5.292305375346297858e-01 4.961778613514320480e-01 -1.568203451962333905e-01 -1.665770901550402416e-01 5.337537731630856985e-01
4.681370404471567603e-01 1.926414587112079968e-01 -3.305178041777342285e-02 4.469658912103240400e-01 5.585765641686526450e-01 -2.744564781579319490e-01 7.798282266099898496e-01 8.613175258311921434e-01 2.628924132510654377e-01 3.795870672159223913e-01
-1.985810698794588380e-01 1.090124027924609107e-01 9.406339292468269830e-01 5.394492257748845221e-01 4.690554775592745140e-01 2.572143115799545576e-01 -1.703370470866718001e-01 4.462987346851310932e-01 8.859298338756466107e-01 -9.072731010913185346e-01
3.086219677441034981e-01 -6.421331134380452443e-01 -9.037311794313832580e-01 6.237022685678922373e-01 -4.077875586574705169e-01 9.850643696328339471e-01 2.561006282044527363e-02 2.236493040666601151e-04 -6.785354879642198078e-01 2.944860280032260968e-01
2.133037806169874873e-01 1.965810563864033023e-01 2.077796314851065862e-01 -2.664972511498265306e-01 -2.926540572900662163e-01 -8.977221773174728914e-02 5.143474146054281132e-02 -6.641524269190929308e-01 6.662947755604784472e-01 8.842812383366271956e-01
-9.183845640547941835e-01 -2.027105823610731716e-01 2.109211418654265424e-01 -7.070528998149135935e-01 -4.898904075285178128e-01 2.839248293387753863e-01 1.530831189563857941e-01 8.761565625775320498e-01 7.942864139246967881e-01 1.072609030440658390e-01
