1.607261180394685962e-01 -6.388597645941445080e-01 1.460770694188209540e-01 -2.267425538412118080e-01 -8.745522952902374803e-01 6.122726265950788616e-01 -7.728535050317111299e-01 2.490193357404519026e-01 -9.947470019359606619e-01 -3.949776290365662468e-01
5.883793163437351925e-01 -4.491719615339298532e-01 1.135061452330032306e-01 -9.111789977088120551e-01 -5.802025495911222741e-01 -5.928235581472710569e-01 -1.139289437345475248e-01 -7.090081614212039307e-01 -2.772152184550098486e-01 9.235326568048372042e-01
1.173085976934334917e-01 -2.016846302555427850e-01 -4.171305482247381624e-01 -6.910351966217337383e-01 -5.100106190464676059e-01 3.949240014239756014e-01 1.492856981121010174e-01 7.489867639608630556e-01 3.073592464135586066e-01 3.472888509363986076e-01
1.972007377921628501e-01 -8.186428667756848743e-01 2.725411151201742044e-01 -4.323817688586492625e-02 -3.668713864277185488e-01 -1.841857681361348253e-01 1.003900635670348152e+00 -1.539699701759519312e-01 -1.875984433468869672e-01 9.389945425530527023e-01
5.583709250004580474e-03 -8.703469621050969884e-01 -2.370573853100713391e-01 2.950859566211238016e-01 -4.103933363177525995e-01 -1.735158986692272309e-01 2.925318922822284784e-01 -2.130603818120867243e-01 -9.076759253246526882e-01 -3.419540628851219094e-02
6.037091042062944224e-01 -8.681342903747474304e-01 -5.290840565363756631e-02 1.778317198686961975e-01 6.301784356659062558e-01 4.590187069140548859e-01 -4.959629116145684580e-01 -2.972531596842126200e-01 4.464104915771958115e-01 -9.911439088063850322e-01
-7.659119004320131818e-01 -4.394960396322835638e-01 3.431616608891068787e-01 9.073270935853928743e-01 -5.596684487146865727e-01 1.796976226023317968e-01 -6.803837806602376359e-01 -4.937815600792077597e-01 8.327844684673703091e-01 6.484426334216707444e-01
3.559557400769063351e-01 -5.159872383248241823e-01 -2.646563456779487677e-01 9.076529666516606198e-01 1.203069680091373023e-01 5.032072856292981733e-01 9.516873162606293013e-01 3.444800532912609126e-01 5.236105261927097576e-01 -7.744714435952723131e-01
-6.456166836049345159e-01 -9.320188207906517086e-02 -6.425832833560750357e-02 1.348989000079902079e-01 -5.461280376044997942e-01 -6.517322902142290708e-01 -4.807166046732413989e-01 -2.550117103942340924e-01 -2.041471010739772385e-01 -4.039569561787584862e-01
-4.659550543160369540e-01 4.665057938435424045e-02 -1.125193068764409332e-01 -3.169943666608999316e-02 9.705793768136317112e-02 -5.410560916570684720e-01 5.141173260558467017e-01 -1.827735235673638992e-01 -1.475705245876290650e-01 5.320857008928704390e-01
4.330158195449700376e-01 1.933372130420305257e-01 9.457598318094711382e-03 4.311910006515912164e-01 5.608856334255213349e-01 -2.993427769715155118e-01 8.114523418216960104e-01 8.081381738178260443e-01 2.965382494630959265e-01 3.754225730233792802e-01
-2.348719849557692196e-01 1.097537322867393472e-01 9.848282740683440561e-01 5.238706057820392559e-01 4.713413973148066760e-01 2.317749958488374284e-01 -1.374128810599548889e-01 3.917975097894142444e-01 9.209424728011011974e-01 -9.114663858107360239e-01
2.834236867659608028e-01 -6.417844245925629076e-01 -8.750405402333093496e-01 6.075367918495168107e-01 -4.054587985458758537e-01 9.653566003655710270e-01 4.664127788245123890e-02 -4.094840698184538941e-02 -6.560498576099036416e-01 2.907598714305583143e-01
2.029822324016099244e-01 1.969185289226379476e-01 2.218706678254830089e-01 -2.668490602092823960e-01 -2.925694350723516135e-01 -9.544850640321780877e-02 6.219387284417428330e-02 -6.771139829858032755e-01 6.776446113293466134e-01 8.837098369389679853e-01
-9.549042181942100083e-01 -2.019784461352481242e-01 2.552274204614060626e-01 -7.231763477859184386e-01 -4.875281561809043374e-01 2.581544694123243389e-01 1.860620393792509764e-01 8.210337801486814469e-01 8.293673300095479872e-01 1.029731659926774040e-01
