1.606582098874503317e-01 -6.387824304476644732e-01 1.441104030751633458e-01 -2.236503817237326108e-01 -8.754891530422538315e-01 6.134266048955265838e-01 -7.745942264208459660e-01 2.521872929315737144e-01 -9.960499489294293296e-01 -3.958002499825866716e-01
5.884508784561386374e-01 -4.491245900304379202e-01 1.120152447950227004e-01 -9.091216868307901988e-01 -5.808296835570948558e-01 -5.919930437103276821e-01 -1.152294004682801742e-01 -7.067474017331821790e-01 -2.782281621949198036e-01 9.229825461987152257e-01
1.127909096226850649e-01 -2.008787972239969577e-01 -4.279869354842975593e-01 -6.643086359424114073e-01 -5.179796872594221169e-01 4.027857435208098691e-01 1.390315168288053793e-01 7.712159587367279912e-01 3.010151708078067645e-01 3.402728781288400506e-01
1.848626610321091324e-01 -8.168871298662285785e-01 2.551978283168542250e-01 1.139532738167702702e-02 -3.830600546646236726e-01 -1.697827600085551891e-01 9.867220256569489978e-01 -1.125974582498038140e-01 -1.966844487597128599e-01 9.247270902376557578e-01
-3.335550878093042348e-04 -8.694194654341623751e-01 -2.477381287739740534e-01 3.248129856811700633e-01 -4.192278884287515828e-01 -1.652511412775275468e-01 2.822143112742642179e-01 -1.895053673762275848e-01 -9.136157589868211248e-01 -4.197764757156364351e-02
6.114963425531034780e-01 -8.681652112811840682e-01 -7.174911628835660415e-02 1.877857985870076962e-01 6.269009155960132418e-01 4.670359579398553063e-01 -5.113252629838905827e-01 -2.765610856845802101e-01 4.322001674112720959e-01 -9.939838530107452108e-01
-7.763014186663994565e-01 -4.378781550877661188e-01 3.247018732182175849e-01 9.590839910542713342e-01 -5.750471919882248484e-01 1.940403325207292196e-01 -6.982412182206039208e-01 -4.528848007392467512e-01 8.225518037509500502e-01 6.348952789841779687e-01
3.408065658126142039e-01 -5.140927444981701067e-01 -2.787265834799319553e-01 9.639565663478901758e-01 1.037029772868437311e-01 5.167425494598048008e-01 9.369504265321663139e-01 3.839268914101725549e-01 5.172918249889608688e-01 -7.891167194233822402e-01
-6.496249047033152424e-01 -9.257782655056151500e-02 -7.137681571520988755e-02 1.548616617495976733e-01 -5.520596251104376018e-01 -6.462007871100855505e-01 -4.876030935250736942e-01 -2.392389869062436503e-01 -2.080926656232278404e-01 -4.091821808996998211e-01
-4.681196540149188401e-01 4.733940232183752456e-02 -1.260916690702987841e-01 -6.406368901181846987e-03 8.944730639944284412e-02 -5.324816549483564199e-01 5.018401888136255762e-01 -1.589697995574374523e-01 -1.562150945127814550e-01 5.253954572415761026e-01
4.229508107905884939e-01 1.948841609851143519e-01 -7.861430202651229979e-03 4.804896622792782512e-01 5.462428379302607384e-01 -2.857720813668982451e-01 7.946489990125156222e-01 8.468710504130139149e-01 2.870029629369807989e-01 3.625227093495998476e-01
-2.446936935981606775e-01 1.113313901626685753e-01 9.660447009912243033e-01 5.747869292697058707e-01 4.561993740276452658e-01 2.460992373416123202e-01 -1.554667540430677841e-01 4.325531793716364537e-01 9.103767181668276365e-01 -9.248032824315071121e-01
2.663561931757494339e-01 -6.400391965704130826e-01 -8.801314493531648964e-01 6.549167368654065235e-01 -4.192900220265172173e-01 9.744253629128619698e-01 3.950513924086145046e-02 -1.341534117238356999e-02 -6.559632437662256121e-01 2.785392458537620519e-01
2.017986556307545809e-01 1.973876325374950835e-01 2.118926878189801299e-01 -2.492049160259496021e-01 -2.978891899186508208e-01 -8.929165700678172446e-02 5.323159356611158188e-02 -6.600809139993664143e-01 6.712058802305951311e-01 8.790349809201088993e-01
-9.666289971218771093e-01 -2.002546511494980308e-01 2.372162105689876177e-01 -6.689760684007239888e-01 -5.036053010458879653e-01 2.727202828142604729e-01 1.683913262376792175e-01 8.627538871340143523e-01 8.197084885090640816e-01 8.880649875223103895e-02
