1.789855445008972090e-01 -6.398814370855492317e-01 1.431652274862423857e-01 -2.459789738346302157e-01 -8.672941031556403724e-01 6.146453927639972115e-01 -7.724032636697489851e-01 2.474383196461019396e-01 -9.993211114718340005e-01 -3.851790576415766165e-01
6.175590320988361137e-01 -4.508302527219317235e-01 1.108208405761472309e-01 -9.432629764906469427e-01 -5.680267401409347938e-01 -5.895516313972138933e-01 -1.114639403121947397e-01 -7.133901088181421324e-01 -2.831136126376749829e-01 9.399780205685475121e-01
1.568860901224743420e-01 -2.037842579776158736e-01 -4.322737433264554618e-01 -7.267035439546295494e-01 -4.968667247961690570e-01 4.024001513656093043e-01 1.424284187563389925e-01 7.538862483947861293e-01 2.911112706562323793e-01 3.649972247302012418e-01
2.407777860326648089e-01 -8.208476003251210518e-01 2.476343105847133297e-01 -7.689263314522745696e-02 -3.548121411818301318e-01 -1.737790493884920906e-01 9.890479925505568648e-01 -1.408132168216957580e-01 -2.113927547085122094e-01 9.552015377466945845e-01
2.494284419646308065e-02 -8.712799208734035572e-01 -2.516974396886630938e-01 2.825746504308853102e-01 -4.060837846592436073e-01 -1.679482195786039800e-01 2.827626368196533568e-01 -2.038448856395802256e-01 -9.208104545138522390e-01 -2.842447213570999803e-02
6.471383377201278542e-01 -8.703778797852060878e-01 -7.416794020352648897e-02 1.418601744420583399e-01 6.432409172493487315e-01 4.684489155972109686e-01 -5.076052168931729502e-01 -2.874999400070168964e-01 4.252518857557858190e-01 -9.735678108648202489e-01
-7.184075874049354882e-01 -4.419168627572931385e-01 3.173476622173564965e-01 8.697269329605115118e-01 -5.461304268667149797e-01 1.906888899584472663e-01 -6.953887346845359918e-01 -4.807000182929528354e-01 8.078049000822985493e-01 6.666448374414709610e-01
4.006735823149531472e-01 -5.182973659018326185e-01 -2.865491733351096526e-01 8.706157933234625057e-01 1.337563022407690927e-01 5.129179606156332172e-01 9.396973568244592068e-01 3.545250143380583863e-01 5.018223267833785695e-01 -7.563748331374341438e-01
-6.372250180521468188e-01 -9.356366085935820254e-02 -7.388263650356635681e-02 1.317126550260296070e-01 -5.452207121260974620e-01 -6.484528119220427378e-01 -4.878588966452003239e-01 -2.479263992159058960e-01 -2.121915025613134720e-01 -4.027657521000470031e-01
-4.291096064285048195e-01 4.474116558254673248e-02 -1.300985719741311053e-01 -6.252987406237679735e-02 1.082742127982347508e-01 -5.331763100689340673e-01 5.046456250159931933e-01 -1.749300661387860334e-01 -1.651935348992104868e-01 5.471801106519020852e-01
4.773130850639186740e-01 1.910827263444108970e-01 -1.483705886315411782e-02 3.962816853120652016e-01 5.734442291647346979e-01 -2.890345255758300369e-01 7.972622599658700793e-01 8.205471678763447407e-01 2.730848758371731688e-01 3.923066478089683451e-01
-2.023673890990923818e-01 1.081997211756726557e-01 9.592893867160285915e-01 5.035173163357042903e-01 4.782965755586128798e-01 2.413763275176538659e-01 -1.546652525577157655e-01 4.081735849033581998e-01 8.982023318265552891e-01 -9.021596377548494194e-01
3.191977231882388577e-01 -6.437084841412599179e-01 -8.867131519074049617e-01 5.739209844444401742e-01 -3.929874303640012445e-01 9.715818829172813142e-01 4.223043221733312896e-02 -3.841974493651758443e-02 -6.692911386691897668e-01 3.075719776010924500e-01
2.338502663943408111e-01 1.952956403325448176e-01 2.089300970137027424e-01 -2.938972225598351917e-01 -2.826491074725790975e-01 -8.931909599702014813e-02 5.584355323049533526e-02 -6.722275353476683257e-01 6.641619611132721923e-01 8.970696985791934974e-01
-9.181099391516058805e-01 -2.037845712702260614e-01 2.299342991616776799e-01 -7.486833715390215360e-01 -4.785953038776616375e-01 2.680675899155879893e-01 1.697401541186209506e-01 8.361617932123499575e-01 8.062194175284885800e-01 1.149535575560335643e-01
