1.632691303710875896e-01 -6.389267843680604964e-01 1.427991186233374954e-01 -2.261364232266314112e-01 -8.746451634292158328e-01 6.138696762371996796e-01 -7.753266592067618035e-01 2.525361595256079283e-01 -9.973661110820460918e-01 -3.947577357152178279e-01
5.915638229768762635e-01 -4.492259638326016047e-01 1.097608879144050809e-01 -9.094560815516821162e-01 -5.804524813463161070e-01 -5.904552496755054447e-01 -1.166962903552036246e-01 -7.040041552691718163e-01 -2.801661136351146220e-01 9.239548184962776967e-01
1.401740273406159865e-01 -2.021112508322927270e-01 -4.444894037681315080e-01 -6.799164375320781994e-01 -5.116315795891801521e-01 4.114503946922069555e-01 1.289872922295632884e-01 7.841371012434765753e-01 2.857439303409358144e-01 3.501293609710505739e-01
2.335892251852310919e-01 -8.193589421791511729e-01 2.285553680590393655e-01 -2.674000077811942294e-02 -3.692851360979289010e-01 -1.583426152101435058e-01 9.711881411024709809e-01 -9.877584518250616397e-02 -2.224057318968916674e-01 9.433327698110213211e-01
2.938945025751419152e-02 -8.707809506832170365e-01 -2.654190549337038241e-01 3.069897504650489495e-01 -4.121264029478649005e-01 -1.561845993456641435e-01 2.715108553829950755e-01 -1.762604764927922230e-01 -9.300682923187316709e-01 -3.118816184469802924e-02
6.329719896045200578e-01 -8.687344311431163257e-01 -8.857270588651568188e-02 1.903168881805667456e-01 6.283458126303070879e-01 4.795022454111126931e-01 -5.225372204573266455e-01 -2.533541772162088979e-01 4.181522210860623701e-01 -9.877743424286474783e-01
-7.302865351927537718e-01 -4.402294981976763166e-01 2.997090197939590861e-01 9.224356175775879629e-01 -5.618868810169383998e-01 2.045999245000539590e-01 -7.127672097261890105e-01 -4.403946387781047522e-01 7.983510159496054470e-01 6.525309330731666746e-01
3.904036103396820168e-01 -5.166191144197089802e-01 -3.057434181264875872e-01 9.247533522518349702e-01 1.178164651473917052e-01 5.282386463200040572e-01 9.212263105724315393e-01 3.976532612497685193e-01 4.911652508379492077e-01 -7.701388591846596299e-01
-6.336780492416371757e-01 -9.347895267016605170e-02 -7.919585002539566987e-02 1.389545412200965113e-01 -5.467317904101576254e-01 -6.437721758135113159e-01 -4.919134008029298899e-01 -2.377480609618949636e-01 -2.160300827300934978e-01 -4.027403374895743848e-01
-4.476681653513558401e-01 4.617410759597954245e-02 -1.360254362551387430e-01 -2.716454382997695802e-02 9.636569244406893719e-02 -5.295043153334014763e-01 4.963930510598201229e-01 -1.573742433424358822e-01 -1.663445085116700417e-01 5.336937943776125515e-01
4.682274885360197536e-01 1.926411682057618813e-01 -3.314321503969476501e-02 4.470548747290312153e-01 5.585639130071295977e-01 -2.743739059468672248e-01 7.797633247439521575e-01 8.614845831851549729e-01 2.628222659249042081e-01 3.796051569987890506e-01
-1.985987251095885087e-01 1.090124594983633705e-01 9.406517770456266359e-01 5.394318564250145664e-01 4.690579470328798406e-01 2.571981937005500263e-01 -1.703243784123510407e-01 4.462661255270367056e-01 8.859435264500494789e-01 -9.072766321695704406e-01
3.087219402386147116e-01 -6.421334345344275052e-01 -9.038322423433040598e-01 6.238006222694172376e-01 -4.078015420173382588e-01 9.851556369002931746e-01 2.553832662869393033e-02 4.082982072336829860e-04 -6.786130219759139992e-01 2.945060226846071827e-01
2.132723674208159004e-01 1.965811572807912577e-01 2.078113873104799891e-01 -2.665281556914738115e-01 -2.926496634612554826e-01 -8.980089558549858575e-02 5.145728229114933383e-02 -6.642104469999803307e-01 6.663191381727272544e-01 8.842749556400546496e-01
-9.183941477850467994e-01 -2.027105515795954715e-01 2.109308301270941821e-01 -7.070623283617291088e-01 -4.898890670323178265e-01 2.839160801235387499e-01 1.530899958510202330e-01 8.761388614559580956e-01 7.942938466196306502e-01 1.072589862805222172e-01
