1.607773636475345047e-01 -6.388617759041658184e-01 1.460030735956750203e-01 -2.267516233212024113e-01 -8.745512158322467089e-01 6.122966750052651896e-01 -7.729106226863671214e-01 2.490769554806434305e-01 -9.948070436872535893e-01 -3.949764393705253451e-01
5.884201728066384973e-01 -4.491735650862414553e-01 1.134471507607457130e-01 -9.111862285113486726e-01 -5.802016889742416250e-01 -5.928043851290214494e-01 -1.139744817899371182e-01 -7.089622230692849136e-01 -2.772630877979044284e-01 9.235336052870253276e-01
1.175133146854482613e-01 -2.016926650775133223e-01 -4.174261482362866538e-01 -6.910714275639138204e-01 -5.100063068058438009e-01 3.950200704995876499e-01 1.490575233495521068e-01 7.492169444648685284e-01 3.071193904105979366e-01 3.472936034383709014e-01
1.971433014376897663e-01 -8.186406124885429181e-01 2.726240500386607479e-01 -4.322801176367616072e-02 -3.668725962900685755e-01 -1.842127217242393034e-01 1.003964653446374422e+00 -1.540345506921599050e-01 -1.875311482275470176e-01 9.389932091689245919e-01
5.554329988193934878e-03 -8.703458090149897020e-01 -2.370149632812741936e-01 2.950911561813824302e-01 -4.103939551742775693e-01 -1.735296856953872646e-01 2.925646380060764606e-01 -2.130934153830879862e-01 -9.076415032073751332e-01 -3.419608832764497314e-02
6.037198981706672907e-01 -8.681347140209784152e-01 -5.292399154107105957e-02 1.778298095460832950e-01 6.301786630342902651e-01 4.590237722785333596e-01 -4.959749424197961720e-01 -2.972410231237097578e-01 4.463978448636763963e-01 -9.911436582246601068e-01
-7.659661148317358226e-01 -4.394939118018297841e-01 3.432399434831718277e-01 9.073366884840006197e-01 -5.596695907084926480e-01 1.796721810050566914e-01 -6.803233540309594485e-01 -4.938425178811453597e-01 8.328479885938258054e-01 6.484413748351749440e-01
3.559094004257660204e-01 -5.159854195659442366e-01 -2.645894337852063849e-01 9.076611678723046639e-01 1.203059918921859095e-01 5.031855394742505982e-01 9.517389658027189947e-01 3.444279497303892046e-01 5.236648198954050315e-01 -7.744725193695950471e-01
-6.458469237275972219e-01 -9.319284551410852990e-02 -6.392587433534011043e-02 1.349396480499071016e-01 -5.461328874745590145e-01 -6.518403367204584908e-01 -4.804599821779577118e-01 -2.552705886971791682e-01 -2.038773409773699807e-01 -4.039623011998350610e-01
-4.658989044945084368e-01 4.664837559161959940e-02 -1.126003841125263749e-01 -3.170937409686795661e-02 9.705912044366851732e-02 -5.410297418099114797e-01 5.140547422318644255e-01 -1.827103896081743728e-01 -1.476363123447968773e-01 5.320870044101551066e-01
4.329144818244299309e-01 1.933411903891741335e-01 9.603924380563417379e-03 4.312089354651961748e-01 5.608834988072322059e-01 -2.993903324823751766e-01 8.115652914605800961e-01 8.080242313093946027e-01 2.966569814762946566e-01 3.754202204696806544e-01
-2.348846554063760139e-01 1.097542295821221647e-01 9.848465694980923502e-01 5.238728482063675918e-01 4.713411304193658169e-01 2.317690498916142317e-01 -1.373987587488065265e-01 3.917832633378718343e-01 9.209573180936602155e-01 -9.114666799550612541e-01
2.835866415174171928e-01 -6.417908203118645183e-01 -8.752758378797740324e-01 6.075079520149732071e-01 -4.054553660017955474e-01 9.654330713618715087e-01 4.645965074269191308e-02 -4.076518327163367039e-02 -6.562407830185036373e-01 2.907636544227275022e-01
2.028963266801286636e-01 1.969219005879382089e-01 2.219947109350071945e-01 -2.668338565605901658e-01 -2.925712446248384113e-01 -9.548882002433578542e-02 6.228962218773228393e-02 -6.772105740018831144e-01 6.777452624906555867e-01 8.837078426389015640e-01
-9.549058518838893228e-01 -2.019783820154816278e-01 2.552297794189273272e-01 -7.231760586544900837e-01 -4.875281905935973659e-01 2.581537027585367183e-01 1.860638602674487274e-01 8.210319432541958173e-01 8.293692441167878071e-01 1.029731280665954207e-01
