1.606888829202261504e-01 -6.387849807506997823e-01 1.441033441338342436e-01 -2.237113518186818195e-01 -8.754716392378709688e-01 6.134196157940712268e-01 -7.745956605068146095e-01 2.521632795201462218e-01 -9.960609573407660511e-01 -3.957847327733277076e-01
5.885000185662437877e-01 -4.491286757748400582e-01 1.120039359310876365e-01 -9.092193647226641806e-01 -5.808016253509818982e-01 -5.920042406864324258e-01 -1.152316979633767752e-01 -7.067858727148477183e-01 -2.782457983559452064e-01 9.230074057350082795e-01
1.129638311810171880e-01 -2.008931747515901589e-01 -4.280267308036493912e-01 -6.646523594961704084e-01 -5.178809518533623590e-01 4.027463419290651103e-01 1.390234320599370299e-01 7.710805813009438126e-01 3.009531100504950762e-01 3.403603575778281765e-01
1.848269135168618127e-01 -8.168841576463862220e-01 2.552060550746917955e-01 1.146638424177809368e-02 -3.830804659162201364e-01 -1.697746146447541293e-01 9.867236969951047598e-01 -1.125694721097498380e-01 -1.966716191397993307e-01 9.247090058937098567e-01
-5.643825941053330630e-04 -8.694002733283714424e-01 -2.476850072637538369e-01 3.252718113564339597e-01 -4.193596871922124492e-01 -1.651985453418081395e-01 2.822251033759249905e-01 -1.893246563289052442e-01 -9.135329160493224077e-01 -4.209442111476353887e-02
6.114614569937609767e-01 -8.681623107284890395e-01 -7.174108789682351328e-02 1.878551421006085520e-01 6.268809965072625889e-01 4.670439068999517884e-01 -5.113236319455929380e-01 -2.765337743555866812e-01 4.322126876791491656e-01 -9.940015012990116583e-01
-7.764547317454687514e-01 -4.378654079031699675e-01 3.247371559383204209e-01 9.593887379978203178e-01 -5.751347312705571424e-01 1.940752661600561035e-01 -6.982340502259321013e-01 -4.527647744584477607e-01 8.226068271146335098e-01 6.348177192871163887e-01
3.408052947036112612e-01 -5.140926388120721224e-01 -2.787262909531401101e-01 9.639590929854472412e-01 1.037022515042127918e-01 5.167428390923901604e-01 9.369504859615549464e-01 3.839278865404448515e-01 5.172922811841750290e-01 -7.891173624659054697e-01
-6.500759860536446944e-01 -9.254032148396545976e-02 -7.127300606554468065e-02 1.557582953808531179e-01 -5.523171852476487231e-01 -6.460980045340969369e-01 -4.875820036824108916e-01 -2.388858427573783694e-01 -2.079307745873116564e-01 -4.094103788662012966e-01
-4.677532524480771392e-01 4.730893793851672496e-02 -1.261759909298987015e-01 -7.134680916597687522e-03 8.965651575327930611e-02 -5.325651425429084318e-01 5.018230580867834023e-01 -1.592566493005507511e-01 -1.563465943612544484e-01 5.255808164731541332e-01
4.227036769973437358e-01 1.949047088737978495e-01 -7.804556043525759206e-03 4.809809006563051659e-01 5.461017285413419797e-01 -2.857157699102951809e-01 7.946605534977817520e-01 8.470645273834263023e-01 2.870916581263719403e-01 3.623976866036338618e-01
-2.447203271616520126e-01 1.113336046048566674e-01 9.660508303089035964e-01 5.748398699393413303e-01 4.561841666947279439e-01 2.461053060169441642e-01 -1.554655088183135858e-01 4.325740303491896754e-01 9.103862768310920783e-01 -9.248167561098691314e-01
2.662265084545605842e-01 -6.400284139607992362e-01 -8.801016043474608752e-01 6.551745167146354465e-01 -4.193640698996096705e-01 9.744549126375411374e-01 3.951120251606368705e-02 -1.331381314323402953e-02 -6.559167005122417127e-01 2.784736395287832345e-01
2.019845087481625945e-01 1.973721798180679277e-01 2.118499164940445545e-01 -2.495743441910022176e-01 -2.977830708020308137e-01 -8.933400516005554626e-02 5.322290419555421315e-02 -6.602264153394530322e-01 6.711391783958076118e-01 8.791290023276211452e-01
-9.666217732120044870e-01 -2.002552517800066101e-01 2.372145480937987438e-01 -6.689904276743587896e-01 -5.036011763104790706e-01 2.727186367872969086e-01 1.683909884912339061e-01 8.627482316541289498e-01 8.197058958808124407e-01 8.881015326275762400e-02
