1.789140240097660817e-01 -6.398773179362990948e-01 1.431676093495223290e-01 -2.458974688734165415e-01 -8.673251773486073679e-01 6.146384826834232484e-01 -7.724130305243873673e-01 2.474530195225176366e-01 -9.993096662030738209e-01 -3.852210445384910420e-01
6.176986861258587647e-01 -4.508382959522226896e-01 1.108161896461326290e-01 -9.434221266289610774e-01 -5.679660633178917895e-01 -5.895381384728234364e-01 -1.114448691263007912e-01 -7.134188124372828899e-01 -2.831359611681092403e-01 9.400600060127684010e-01
1.569284296975878013e-01 -2.037866964819706472e-01 -4.322751533710126881e-01 -7.267517942584634794e-01 -4.968483291153451553e-01 4.024042420796252739e-01 1.424342006584070897e-01 7.538775461821500823e-01 2.911044951460435848e-01 3.650220806469822166e-01
2.410450020226667656e-01 -8.208629903556904361e-01 2.476254114294595965e-01 -7.719715327024810614e-02 -3.546960412906540183e-01 -1.737532318361744710e-01 9.890844836273113838e-01 -1.408681387324264844e-01 -2.114355167026515381e-01 9.553584098549344761e-01
2.501382397132935476e-02 -8.712840088806556027e-01 -2.516998035443455684e-01 2.824937616715110789e-01 -4.060529453964524249e-01 -1.679413617403021364e-01 2.827723298339548386e-01 -2.038594743805416665e-01 -9.208218132529637501e-01 -2.838280267227114365e-02
6.471712438757480923e-01 -8.703797749814513596e-01 -7.416903608475600151e-02 1.418226744907142844e-01 6.432552143020308089e-01 4.684520948844769772e-01 -5.076007232210298925e-01 -2.875067033333487121e-01 4.252466198552168897e-01 -9.735484929414947031e-01
-7.183881813237008584e-01 -4.419179804306158643e-01 3.173470159321930550e-01 8.697048177334860686e-01 -5.461219953206856159e-01 1.906907649118044779e-01 -6.953860845856409956e-01 -4.807040068980553693e-01 8.078017945692937962e-01 6.666562299965195226e-01
4.006633775692862720e-01 -5.182967781699840959e-01 -2.865488334841298501e-01 8.706274226815194917e-01 1.337518684871550345e-01 5.129169746658210904e-01 9.396959632620552894e-01 3.545271117579416043e-01 5.018239598266497348e-01 -7.563808239464677730e-01
-6.372157213902399642e-01 -9.356419629105501568e-02 -7.388294611242492149e-02 1.317020605228856889e-01 -5.452166729163342440e-01 -6.484519137083724072e-01 -4.878576270909225077e-01 -2.479283099939074142e-01 -2.121929902859139849e-01 -4.027602943916481770e-01
-4.293078742338104492e-01 4.475258461321383885e-02 -1.300919690160475817e-01 -6.230392749062110824e-02 1.081880694854055192e-01 -5.331954660686791803e-01 5.046185495191215509e-01 -1.748893154086231527e-01 -1.651618065332229601e-01 5.470637153395775387e-01
4.775022459944820996e-01 1.910718318148437178e-01 -1.484335853290446455e-02 3.960661169614445032e-01 5.735264157264483575e-01 -2.890162494531278159e-01 7.972880918258425931e-01 8.205082889165112858e-01 2.730546048245586777e-01 3.924176968295523538e-01
-2.032208662825212842e-01 1.082488763177100743e-01 9.593178102619428493e-01 5.044899414342176591e-01 4.779257571501910884e-01 2.412938672882532776e-01 -1.547818035972270134e-01 4.083490032893561383e-01 8.983389119253569755e-01 -9.026606809936845721e-01
3.192994547588249854e-01 -6.437143432666109222e-01 -8.867165398971762480e-01 5.738050508485755818e-01 -3.929432300739132966e-01 9.715917118955020859e-01 4.224432470389649641e-02 -3.844065421009132399e-02 -6.693074185513374630e-01 3.076317002470025375e-01
2.341280596354680110e-01 1.952796411160575007e-01 2.089208456018347426e-01 -2.942137965512244269e-01 -2.825284119817736972e-01 -8.929225650460717589e-02 5.588148873908444642e-02 -6.722846312407346758e-01 6.641175064646228643e-01 8.972327801799244718e-01
-9.184158805214123200e-01 -2.037669508911697236e-01 2.299444879971153655e-01 -7.483347198577289250e-01 -4.787282291556007596e-01 2.680380308412187995e-01 1.696983746951369054e-01 8.362246744965172729e-01 8.062683766609961555e-01 1.147739512844216520e-01
