1.632567075169792659e-01 -6.389267444677506624e-01 1.428116769756792026e-01 -2.261486449251198794e-01 -8.746434258188817701e-01 6.138583351182843595e-01 -7.753177450724414443e-01 2.525132145506274184e-01 -9.973564764948487094e-01 -3.947602203087148265e-01
5.914992151875300141e-01 -4.492257563222505912e-01 1.098262003921623015e-01 -9.095196431869160270e-01 -5.804434445210061577e-01 -5.905142316626915688e-01 -1.166499304360295169e-01 -7.041234856659690511e-01 -2.801160068420491256e-01 9.239418968204804461e-01
1.401989178667986946e-01 -2.021113307768609701e-01 -4.445145657796184535e-01 -6.798919500428448615e-01 -5.116350610786299935e-01 4.114731178454245075e-01 1.289694318013748509e-01 7.841830739720891952e-01 2.857246264078133757e-01 3.501343391217195955e-01
2.336047636868763266e-01 -8.193589920864451370e-01 2.285396600762504005e-01 -2.672471388185428814e-02 -3.692873095003369466e-01 -1.583284297425056053e-01 9.711769913063295068e-01 -9.874714561569356008e-02 -2.224177828352438824e-01 9.433358775397125973e-01
2.953979298388653696e-02 -8.707814335610902789e-01 -2.655710374743774915e-01 3.071376587843159256e-01 -4.121474316963886775e-01 -1.560473478957981330e-01 2.714029755636487851e-01 -1.759827939196052515e-01 -9.301848911368535422e-01 -3.115809302500437833e-02
6.330297181952936336e-01 -8.687346165585322355e-01 -8.863106413308320664e-02 1.903736820078505421e-01 6.283377380127496137e-01 4.795549472143430525e-01 -5.225786441436867102e-01 -2.532475526789316755e-01 4.181074494790917861e-01 -9.877627966051213404e-01
-7.301987864103673953e-01 -4.402297800333623279e-01 2.996203139203201804e-01 9.225219454980246869e-01 -5.618991546208738086e-01 2.046800324500500368e-01 -7.128301746797993665e-01 -4.402325670352607578e-01 7.982829620798589376e-01 6.525484829898109407e-01
3.904042163834561818e-01 -5.166191163662290364e-01 -3.057440307804867308e-01 9.247539484823157352e-01 1.178163803787937863e-01 5.282391995917764538e-01 9.212258757000938436e-01 3.976543806108359669e-01 4.911647808186173636e-01 -7.701387379747985928e-01
-6.334980315134967066e-01 -9.347953085961237252e-02 -7.937783123825013776e-02 1.391316440321180292e-01 -5.467569698626407737e-01 -6.436078333488970404e-01 -4.920425741953481369e-01 -2.374155687477687571e-01 -2.161696960978208570e-01 -4.027043336153616204e-01
-4.479517303618838486e-01 4.617501836348075761e-02 -1.357387783516531277e-01 -2.744351724706307893e-02 9.640535526940414990e-02 -5.297631885743313562e-01 4.965965257662248167e-01 -1.578979870824170351e-01 -1.661245886932254112e-01 5.336370808579183889e-01
4.683058620180529097e-01 1.926409164821085984e-01 -3.322244335494657641e-02 4.471319791575748548e-01 5.585529507458724119e-01 -2.743023569314964050e-01 7.797070871241663648e-01 8.616293387758358069e-01 2.627614831015667729e-01 3.796208318382500724e-01
-1.986173285188351789e-01 1.090125192496723266e-01 9.406705833654980253e-01 5.394135542493078139e-01 4.690605491302620722e-01 2.571812102058831373e-01 -1.703110293633003924e-01 4.462317650849034756e-01 8.859579543880251595e-01 -9.072803528853763400e-01
3.088080017508808561e-01 -6.421337109508595820e-01 -9.039192425434735556e-01 6.238852902406587519e-01 -4.078135796193073648e-01 9.852342045012753013e-01 2.547657239142578356e-02 5.672535671307488148e-04 -6.786797672775202184e-01 2.945232351441476881e-01
2.132431167135339645e-01 1.965812512295951886e-01 2.078409570603207690e-01 -2.665569327600812444e-01 -2.926455721042446334e-01 -8.982759925172124904e-02 5.147827140777284927e-02 -6.642644729702522621e-01 6.663418236592858479e-01 8.842691054452072041e-01
-9.184041744865001355e-01 -2.027105193753619139e-01 2.109409661915265799e-01 -7.070721927069856250e-01 -4.898876645768184823e-01 2.839069265093596695e-01 1.530971906037530139e-01 8.761203421678800396e-01 7.943016228624015795e-01 1.072569809219299092e-01
