1.608253622552315854e-01 -6.388636597744976608e-01 1.459337662614379749e-01 -2.267601181450227543e-01 -8.745502047703705983e-01 6.123191996712772367e-01 -7.729641212787710103e-01 2.491309243456728828e-01 -9.948632811010441612e-01 -3.949753250835504326e-01
5.884581622100018006e-01 -4.491750561109472684e-01 1.133922961638585691e-01 -9.111929518998820310e-01 -5.802008887502502210e-01 -5.927865575572686119e-01 -1.140168242599318704e-01 -7.089195083931508767e-01 -2.773075979597425800e-01 9.235344872104681579e-01
1.177223347480575166e-01 -2.017008687882791418e-01 -4.177279616437282184e-01 -6.911084200662378496e-01 -5.100019039236193263e-01 3.951181589093558100e-01 1.488245524433051692e-01 7.494519632724681024e-01 3.068744927288635793e-01 3.472984558360640572e-01
1.970901937463884757e-01 -8.186385280946649745e-01 2.727007346069883487e-01 -4.321861273102178130e-02 -3.668737149717256618e-01 -1.842376439681673583e-01 1.004023846553565580e+00 -1.540942641288902681e-01 -1.874689247724413144e-01 9.389919762746485876e-01
5.526680803455100155e-03 -8.703447238277035591e-01 -2.369750393880610817e-01 2.950960495515113080e-01 -4.103945375877668944e-01 -1.735426608353262956e-01 2.925954554096557581e-01 -2.131245036831645456e-01 -9.076091081293149454e-01 -3.419673020306386590e-02
6.037318206053455816e-01 -8.681351819579051776e-01 -5.294120687719869323e-02 1.778276995060850685e-01 6.301789141732242472e-01 4.590293672087211729e-01 -4.959882310026096364e-01 -2.972276177292859645e-01 4.463838759815658697e-01 -9.911433814455136160e-01
-7.660132393485007407e-01 -4.394920622382008646e-01 3.433079886784574097e-01 9.073450286106572449e-01 -5.596705833581675504e-01 1.796500665302409316e-01 -6.802708296883670513e-01 -4.938955039323432161e-01 8.329032018817968952e-01 6.484402808402082163e-01
3.558643468509442020e-01 -5.159836512835498379e-01 -2.645243789155223291e-01 9.076691414823518933e-01 1.203050428656606413e-01 5.031643968458661131e-01 9.517891819017139099e-01 3.443772922131129177e-01 5.237176067709324867e-01 -7.744735652876749699e-01
-6.460859978292369243e-01 -9.318346222928426681e-02 -6.358066455812463880e-02 1.349819595349870949e-01 -5.461379234270857808e-01 -6.519525288141448938e-01 -4.801935134503921287e-01 -2.555393997844685461e-01 -2.035972305778063762e-01 -4.039678513016042860e-01
-4.658492190087930584e-01 4.664642551396207953e-02 -1.126721272053038542e-01 -3.171816746542238663e-02 9.706016703861801431e-02 -5.410064255300216507e-01 5.139993634682666901e-01 -1.826545240445435481e-01 -1.476945261837730727e-01 5.320881578579785831e-01
4.328238258532740579e-01 1.933447484943496553e-01 9.734826587834422007e-03 4.312249798160675551e-01 5.608815891935857723e-01 -2.994328752887243095e-01 8.116663353675296344e-01 8.079222991887318184e-01 2.967631982523031287e-01 3.754181158926376272e-01
-2.348966214804037167e-01 1.097546992318251674e-01 9.848638478470265190e-01 5.238749659696854133e-01 4.713408783611950925e-01 2.317634344824621440e-01 -1.373854215261703093e-01 3.917698088760630526e-01 9.209713381056737758e-01 -9.114669577472946926e-01
2.837600809176951122e-01 -6.417976275372453410e-01 -8.755262747791272560e-01 6.074772566006777508e-01 -4.054517126048777231e-01 9.655144625678256931e-01 4.626633755659260994e-02 -4.057017079036630974e-02 -6.564439927320556700e-01 2.907676808158655701e-01
2.028061463766468175e-01 1.969254400239009717e-01 2.221249263044707822e-01 -2.668178963936833070e-01 -2.925731442188306830e-01 -9.553113961055405279e-02 6.239013592199071923e-02 -6.773119712894386524e-01 6.778509219521690055e-01 8.837057491044766344e-01
-9.549072122290748199e-01 -2.019783286240592612e-01 2.552317436821212038e-01 -7.231758178997423903e-01 -4.875282192484526322e-01 2.581530643791661861e-01 1.860653764896081641e-01 8.210304137038767491e-01 8.293708379608338843e-01 1.029730964862018427e-01
