1.808492747317061999e-01 -6.399887767145323592e-01 1.431031592519465268e-01 -2.481028862654938438e-01 -8.664843504272315977e-01 6.148254604041840654e-01 -7.721487522428628347e-01 2.470552601392143610e-01 -9.996193601702243470e-01 -3.840849341555709895e-01
6.158423660464884541e-01 -4.507313831033029627e-01 1.108780110984596973e-01 -9.413066588283851566e-01 -5.687725964868136641e-01 -5.897174901679336223e-01 -1.116983686212105059e-01 -7.130372759667816807e-01 -2.828388983001491885e-01 9.389702327382847269e-01
1.553859579112534250e-01 -2.036978594032319290e-01 -4.322237840801966824e-01 -7.249939888920559072e-01 -4.975185016096420054e-01 4.022552134004588886e-01 1.422235603582273356e-01 7.541945762287167732e-01 2.913513335537557536e-01 3.641165554910174573e-01
2.298733459625015296e-01 -8.202195702958542389e-01 2.479974636472927207e-01 -6.446590129650167644e-02 -3.595498977265373375e-01 -1.748326014308070053e-01 9.875588797187884182e-01 -1.385719861075548065e-01 -2.096477408627104855e-01 9.487999653596179694e-01
2.351640377757925268e-02 -8.711977665021333195e-01 -2.516499346170251727e-01 2.842002261110300187e-01 -4.067035438937129932e-01 -1.680860376790186683e-01 2.825678417895696737e-01 -2.035517039577952048e-01 -9.205821843537020932e-01 -2.926187979154390786e-02
6.463399351164458295e-01 -8.703318966070391349e-01 -7.414135081894251966e-02 1.427700363881501677e-01 6.428940276212187221e-01 4.683717764971483954e-01 -5.077142469354685161e-01 -2.873358413072112372e-01 4.253796523892842130e-01 -9.740365219612741043e-01
-7.212668568832522054e-01 -4.417521860675598933e-01 3.174428851229902926e-01 8.729853648342864592e-01 -5.473727210695179535e-01 1.904126365076486416e-01 -6.957791971789188956e-01 -4.801123418479840144e-01 8.082624627628614000e-01 6.649662716075693814e-01
4.007881160070178028e-01 -5.183039623522249784e-01 -2.865529876768616591e-01 8.704852703924569335e-01 1.338060647912235335e-01 5.129290264937904631e-01 9.397129975716617123e-01 3.545014737961499907e-01 5.018039982055536585e-01 -7.563075948642359325e-01
-6.371306502272913175e-01 -9.356909587733477918e-02 -7.388577925682876524e-02 1.316051131763718851e-01 -5.451797112331637774e-01 -6.484436944053280083e-01 -4.878460097534393358e-01 -2.479457949910334746e-01 -2.122066040392354414e-01 -4.027103524226736675e-01
-4.260974532712727414e-01 4.456768371430585435e-02 -1.301988863999034296e-01 -6.596253262451928778e-02 1.095829318376822376e-01 -5.328852854871904965e-01 5.050569653405605486e-01 -1.755491653431694721e-01 -1.656755632226479535e-01 5.489484285437802313e-01
4.646379639330219802e-01 1.918127369312523645e-01 -1.441493640407943110e-02 4.107262904848471008e-01 5.679371478559771536e-01 -2.902591551458144625e-01 7.955313425231779201e-01 8.231523333503384388e-01 2.751132479249017715e-01 3.848655774823573350e-01
-1.944753498875794462e-01 1.077451872807555500e-01 9.590265563284784411e-01 4.945235253303828515e-01 4.817255054426643479e-01 2.421388310461082549e-01 -1.535875138766770731e-01 4.065515043046078469e-01 8.969393859433106853e-01 -8.975265286755135241e-01
3.089774648483882835e-01 -6.431198588562392349e-01 -8.863727843055301259e-01 5.855680207889779609e-01 -3.974279239176973233e-01 9.705944343204113700e-01 4.083475139925040603e-02 -3.631913667508069460e-02 -6.676556129387575256e-01 3.015720616809531851e-01
2.289530202925273428e-01 1.955776921933335410e-01 2.090931911211154626e-01 -2.883163065556315630e-01 -2.847768609033484166e-01 -8.979225221587100458e-02 5.517478418195959078e-02 -6.712209858772261173e-01 6.649456567637573867e-01 8.941947159834463532e-01
-9.141540196307103017e-01 -2.040124083931319221e-01 2.298025542687636702e-01 -7.531915490139767799e-01 -4.768765376246615895e-01 2.684497981778789510e-01 1.702803753938175735e-01 8.353487181460601541e-01 8.055863603249620031e-01 1.172759239505955786e-01
