1.607176867058622838e-01 -6.387873756355642030e-01 1.440967153718742677e-01 -2.237686063313988061e-01 -8.754551927432969727e-01 6.134130526158689811e-01 -7.745970071980637917e-01 2.521407295114723168e-01 -9.960712948878438500e-01 -3.957701611992537338e-01
5.885451894743414236e-01 -4.491324315007532708e-01 1.119935405198358713e-01 -9.093091528624867026e-01 -5.807758334948586176e-01 -5.920145332473876199e-01 -1.152338098825328588e-01 -7.068212362737312793e-01 -2.782620099885029785e-01 9.230302572879829359e-01
1.131428591640781106e-01 -2.009080599966182601e-01 -4.280679314256397583e-01 -6.650082210507015645e-01 -5.177787297777919351e-01 4.027055489384890330e-01 1.390150617914871489e-01 7.709404232459612372e-01 3.008888577252447627e-01 3.404509262117376145e-01
1.847941688372958247e-01 -8.168814350967021909e-01 2.552135907746529431e-01 1.153147223737378824e-02 -3.830991625973305115e-01 -1.697671535016293531e-01 9.867252279387794811e-01 -1.125438368402208456e-01 -1.966598672238936696e-01 9.246924406571173094e-01
-7.907854435093737699e-04 -8.693814491097726638e-01 -2.476329040223702593e-01 3.257218419525547137e-01 -4.194889595483293765e-01 -1.651469576003599116e-01 2.822356886073225102e-01 -1.891474092724816924e-01 -9.134516611009685372e-01 -4.220895626414714052e-02
6.114286736628539165e-01 -8.681595849651472241e-01 -7.173354330183230598e-02 1.879203069251227098e-01 6.268622777568632065e-01 4.670513768501007856e-01 -5.113220991948146388e-01 -2.765081088265602949e-01 4.322244534668445715e-01 -9.940180860889672454e-01
-7.765867504576438041e-01 -4.378544312343530254e-01 3.247675380772631071e-01 9.596511572204389218e-01 -5.752101118146595304e-01 1.941053477036759900e-01 -6.982278778273918185e-01 -4.526614191862528003e-01 8.226542080273198110e-01 6.347509322172530943e-01
3.408040723138999195e-01 -5.140925371767296470e-01 -2.787260096383670782e-01 9.639615227815913068e-01 1.037015535395074267e-01 5.167431176238862500e-01 9.369505431131234241e-01 3.839288435291872692e-01 5.172927198942580684e-01 -7.891179808617805325e-01
-6.505464714834228168e-01 -9.250120306915309010e-02 -7.116473085620120265e-02 1.566934993280938437e-01 -5.525858247996076056e-01 -6.459908005798602471e-01 -4.875600066220537876e-01 -2.385175074747709900e-01 -2.077619195159267906e-01 -4.096483931806160772e-01
-4.674029023175855224e-01 4.727980814858763481e-02 -1.262566187906602466e-01 -7.831086807650523840e-03 8.985655999721765819e-02 -5.326449726863705658e-01 5.018066778282699314e-01 -1.595309326389040827e-01 -1.564723334225506801e-01 5.257580554285737895e-01
4.224858019863602099e-01 1.949228240470156914e-01 -7.754415357052057804e-03 4.814139801044252653e-01 5.459773254426929512e-01 -2.856661253065976291e-01 7.946707400189013670e-01 8.472350981358118815e-01 2.871698524724751733e-01 3.622874656104103086e-01
-2.447448973050633803e-01 1.113356474844043320e-01 9.660564847612056472e-01 5.748887090609128281e-01 4.561701375412200443e-01 2.461109045251298477e-01 -1.554643600666341663e-01 4.325932659091971111e-01 9.103950949433163853e-01 -9.248291859227155687e-01
2.661156407337642027e-01 -6.400191958868336473e-01 -8.800760897939404748e-01 6.553948932099484814e-01 -4.194273735705766892e-01 9.744801747547382487e-01 3.951638602184656679e-02 -1.322701663331695213e-02 -6.558769105937352073e-01 2.784175525537444518e-01
2.021613784317085327e-01 1.973574740244114778e-01 2.118092125725193342e-01 -2.499259156015714578e-01 -2.976820810804888251e-01 -8.937430636443004228e-02 5.321463483616908213e-02 -6.603648836973451397e-01 6.710757006743932607e-01 8.792184790973689434e-01
-9.666141338975404729e-01 -2.002558869492449545e-01 2.372127900194345440e-01 -6.690056126654100321e-01 -5.035968143857838530e-01 2.727168961069987296e-01 1.683906313229759366e-01 8.627422509608408951e-01 8.197031541657506803e-01 8.881401792270170181e-02
