1.788454731920900154e-01 -6.398733698223423305e-01 1.431698923130877432e-01 -2.458193481607719444e-01 -8.673549612790980579e-01 6.146318595231784476e-01 -7.724223918397390420e-01 2.474671090307423993e-01 -9.992986961647026822e-01 -3.852612880556934849e-01
6.178300440399375759e-01 -4.508458613764070311e-01 1.108118150034655275e-01 -9.435718224926609166e-01 -5.679089909865183694e-01 -5.895254470922700607e-01 -1.114269308594892371e-01 -7.134458109250259028e-01 -2.831569820896190359e-01 9.401371211319473620e-01
1.569684682398955755e-01 -2.037890024607036943e-01 -4.322764867837479152e-01 -7.267974222985711386e-01 -4.968309331862888478e-01 4.024081104752282312e-01 1.424396683309085976e-01 7.538693169094691227e-01 2.910980878651338588e-01 3.650455857169543905e-01
2.412887497075747179e-01 -8.208770287533249110e-01 2.476172938445399263e-01 -7.747492884603275620e-02 -3.545901378988247088e-01 -1.737296817162607698e-01 9.891177698669508800e-01 -1.409182371138565648e-01 -2.114745231149303684e-01 9.555015046345912699e-01
2.508212000925050603e-02 -8.712879423208339524e-01 -2.517020780229224930e-01 2.824159313066215704e-01 -4.060232721625626762e-01 -1.679347631960604326e-01 2.827816563565248020e-01 -2.038735115229220185e-01 -9.208327425194844373e-01 -2.834270872634731334e-02
6.472029755868499157e-01 -8.703816025367704379e-01 -7.417009285319101086e-02 1.417865129397838930e-01 6.432690010825514726e-01 4.684551607006787188e-01 -5.075963899312991856e-01 -2.875132252716670611e-01 4.252415418984518136e-01 -9.735298644888389363e-01
-7.183724859222480053e-01 -4.419188843911466269e-01 3.173464932246473635e-01 8.696869312080104386e-01 -5.461151759892503010e-01 1.906922813511768011e-01 -6.953839412180262691e-01 -4.807072328331405964e-01 8.077992828683101534e-01 6.666654441558801381e-01
4.006527323797585693e-01 -5.182961650712236690e-01 -2.865484789649474506e-01 8.706395539706905939e-01 1.337472433696772212e-01 5.129159461617350813e-01 9.396945095525368608e-01 3.545292997039135030e-01 5.018256633531945621e-01 -7.563870733229508536e-01
-6.372054493529449859e-01 -9.356478789849578814e-02 -7.388328820443318401e-02 1.316903544790922753e-01 -5.452122099258819299e-01 -6.484509212570589431e-01 -4.878562243391584841e-01 -2.479304212444928546e-01 -2.121946340977180767e-01 -4.027542640783186023e-01
-4.295026609436388698e-01 4.476380315376127933e-02 -1.300854819896831993e-01 -6.208194798546923243e-02 1.081034386374781220e-01 -5.332142857361389376e-01 5.045919494014449169e-01 -1.748492801611492009e-01 -1.651306352393792087e-01 5.469493636429306749e-01
4.776724705422503714e-01 1.910620279067999361e-01 -1.484902755996596324e-02 3.958721285681316981e-01 5.736003748165134919e-01 -2.889998029030253490e-01 7.973113377290464987e-01 8.204733020228877072e-01 2.730273641601284607e-01 3.925176290367619059e-01
-2.040634250421357598e-01 1.082974026243388316e-01 9.593458701890906770e-01 5.054501238649665718e-01 4.775596825739653606e-01 2.412124619619595289e-01 -1.548968636142831756e-01 4.085221775705081826e-01 8.984737447725245074e-01 -9.031553144508206454e-01
3.193909002267128483e-01 -6.437196099744385558e-01 -8.867195853265159577e-01 5.737008393254793281e-01 -3.929034988854082644e-01 9.716005470634551111e-01 4.225681251792111348e-02 -3.845944934216417171e-02 -6.693220523708249825e-01 3.076853843223321672e-01
2.343980658249229798e-01 1.952640903868156086e-01 2.089118535239302410e-01 -2.945214963957156207e-01 -2.824110998059104483e-01 -8.926616937216318159e-02 5.591836084611490065e-02 -6.723401266316874070e-01 6.640742979609289831e-01 8.973912903056744383e-01
-9.187294761962767620e-01 -2.037488896702729368e-01 2.299549317456257014e-01 -7.479773453079687773e-01 -4.788644800727887563e-01 2.680077322324329603e-01 1.696555499980022530e-01 8.362891289988856336e-01 8.063185606953070517e-01 1.145898514681998048e-01
