1.632451187191170938e-01 -6.389267072463019614e-01 1.428233921745780677e-01 -2.261600460727209716e-01 -8.746418048697224279e-01 6.138477554291489335e-01 -7.753094294229253558e-01 2.524918100750789818e-01 -9.973474887628394070e-01 -3.947625380894401736e-01
5.914390228961905471e-01 -4.492255629938047834e-01 1.098870492113069447e-01 -9.095788608215810145e-01 -5.804350253005478022e-01 -5.905691826367522879e-01 -1.166067388984511760e-01 -7.042346606509415352e-01 -2.800693245036375845e-01 9.239298582523440828e-01
1.402196632353975847e-01 -2.021113974078161957e-01 -4.445355374215658184e-01 -6.798715405912133525e-01 -5.116379627763031346e-01 4.114920567857172085e-01 1.289545457695014108e-01 7.842213906068427054e-01 2.857085372659007860e-01 3.501384882333056781e-01
2.336189046925026547e-01 -8.193590375051952313e-01 2.285253648322127795e-01 -2.671080185281633074e-02 -3.692892874320823915e-01 -1.583155200822140007e-01 9.711668442964331849e-01 -9.872102721991529717e-02 -2.224287499407558710e-01 9.433387057666493547e-01
2.968526424579587264e-02 -8.707819007925637900e-01 -2.657180954166767917e-01 3.072807745197415064e-01 -4.121677790630883242e-01 -1.559145437216776786e-01 2.712985913088629131e-01 -1.757141089269458889e-01 -9.302977118739692575e-01 -3.112899850709516941e-02
6.330851362768180612e-01 -8.687347945529454440e-01 -8.868708666927485607e-02 1.904282027385374720e-01 6.283299865709063292e-01 4.796055396987388697e-01 -5.226184099026803809e-01 -2.531451956454381924e-01 4.180644697955098188e-01 -9.877517128876623920e-01
-7.301222769443745930e-01 -4.402300257700808017e-01 2.995429699522563771e-01 9.225972160933907373e-01 -5.619098561583467655e-01 2.047498797608536258e-01 -7.128850747575666835e-01 -4.400912542767211333e-01 7.982236249005676409e-01 6.525637850226615466e-01
3.904047943174330793e-01 -5.166191182224646461e-01 -3.057446150180901934e-01 9.247545170581640273e-01 1.178162995419714393e-01 5.282397272014465184e-01 9.212254609982021281e-01 3.976554480531905855e-01 4.911643325999354159e-01 -7.701386223869483016e-01
-6.333095936253186897e-01 -9.348013609332661566e-02 -7.956832445129427556e-02 1.393170306617153575e-01 -5.467833270603480456e-01 -6.434358039199635781e-01 -4.921777895517884249e-01 -2.370675245228315853e-01 -2.163158397496030283e-01 -4.026666456937720850e-01
-4.482188312857742774e-01 4.617587625085047692e-02 -1.354687641114655783e-01 -2.770629317031897410e-02 9.644271522884136083e-02 -5.300070313590744542e-01 4.967881865143820574e-01 -1.583913217028284082e-01 -1.659174376537547735e-01 5.335836601856035477e-01
4.683742715033094028e-01 1.926406967612910304e-01 -3.329159899437341558e-02 4.471992809302003380e-01 5.585433821694816281e-01 -2.742399042857144309e-01 7.796579992627905575e-01 8.617556908937916704e-01 2.627084278901727910e-01 3.796345138601685543e-01
-1.986360278434328719e-01 1.090125793090467449e-01 9.406894866468858973e-01 5.393951577113480500e-01 4.690631646435231006e-01 2.571641391478114991e-01 -1.702976114892989501e-01 4.461972274873992061e-01 8.859724567134810158e-01 -9.072840927844276759e-01
3.088831131375481265e-01 -6.421339521971607400e-01 -9.039951731831171733e-01 6.239591853949362221e-01 -4.078240856045293183e-01 9.853027754722181175e-01 2.542267551846070020e-02 7.059840772703288025e-04 -6.787380201715856876e-01 2.945382575585812623e-01
2.132157742595207628e-01 1.965813390493811319e-01 2.078685977432420395e-01 -2.665838324745889998e-01 -2.926417476585708166e-01 -8.985256082815902545e-02 5.149789123954390951e-02 -6.643149744023523207e-01 6.663630291934637961e-01 8.842636369044966083e-01
-9.184146448912759997e-01 -2.027104857460210463e-01 2.109515507988309613e-01 -7.070824935709503212e-01 -4.898862000596164723e-01 2.838973678278667312e-01 1.531047037399250188e-01 8.761010033610708847e-01 7.943097432208092723e-01 1.072548868218632101e-01
