1.608703894295726855e-01 -6.388654270207144714e-01 1.458687495125876310e-01 -2.267680870826963291e-01 -8.745492562999556130e-01 6.123403299105104614e-01 -7.730143079521507588e-01 2.491815521786718557e-01 -9.949160370445335744e-01 -3.949742797783573622e-01
5.884936098358011236e-01 -4.491764473748564024e-01 1.133411117531630125e-01 -9.111992254430213434e-01 -5.802001420672783238e-01 -5.927699227845041330e-01 -1.140563336993783844e-01 -7.088796516509626722e-01 -2.773491300561015116e-01 9.235353101265820763e-01
1.179348405366800329e-01 -2.017092093083429072e-01 -4.180348082467029158e-01 -6.911460294745469524e-01 -5.099974276166675535e-01 3.952178830918687269e-01 1.485876963944642581e-01 7.496909013745173267e-01 3.066255110074960766e-01 3.473033891548354957e-01
1.970409798010458735e-01 -8.186365965242301534e-01 2.727717968215531696e-01 -4.320990281597950067e-02 -3.668747516339601056e-01 -1.842607389647758498e-01 1.004078699744705760e+00 -1.541495995000852492e-01 -1.874112634122209464e-01 9.389908337736280197e-01
5.500853189805331167e-03 -8.703437101342355042e-01 -2.369377457427314926e-01 2.951006205388416181e-01 -4.103950816309540617e-01 -1.735547811529617734e-01 2.926242425149846449e-01 -2.131535438379101588e-01 -9.075788472891419545e-01 -3.419732979073659279e-02
6.037448669562849313e-01 -8.681356940067884720e-01 -5.296004508623249063e-02 1.778253905546790525e-01 6.301791889867801588e-01 4.590354895675078928e-01 -4.960027722871333533e-01 -2.972129486214356575e-01 4.463685902665954219e-01 -9.911430785746676575e-01
-7.660545540486727312e-01 -4.394904407007926839e-01 3.433676448199812770e-01 9.073523405123142815e-01 -5.596714536275413376e-01 1.796306784715573368e-01 -6.802247808879779978e-01 -4.939419575189011313e-01 8.329516081169083819e-01 6.484393217200487003e-01
3.558205464913924976e-01 -5.159819321878958975e-01 -2.644611336193605777e-01 9.076768932975713966e-01 1.203041202373631990e-01 5.031438423231946455e-01 9.518380011840895660e-01 3.443280437909960190e-01 5.237689253208336337e-01 -7.744745821123806273e-01
-6.463332506188357307e-01 -9.317375794374063713e-02 -6.322364520794038212e-02 1.350257184894131379e-01 -5.461431316587678220e-01 -6.520685589819656958e-01 -4.799179288689608969e-01 -2.558174068573866311e-01 -2.033075376448926219e-01 -4.039735912714946808e-01
-4.658061944726527015e-01 4.664473686816453246e-02 -1.127342522553781284e-01 -3.172578197492589847e-02 9.706107332466071269e-02 -5.409862350838111622e-01 5.139514089080662318e-01 -1.826061479458331305e-01 -1.477449357426783294e-01 5.320891566719551102e-01
4.327423008724522457e-01 1.933479482224260138e-01 9.852544150188404654e-03 4.312394081585188554e-01 5.608798719187728654e-01 -2.994711331268732901e-01 8.117572019973962050e-01 8.078306338072218651e-01 2.968587167329574394e-01 3.754162232914014519e-01
-2.349082356581437547e-01 1.097551550701488798e-01 9.848806180771880747e-01 5.238770214541765835e-01 4.713406337155084946e-01 2.317579842103157095e-01 -1.373724765223288957e-01 3.917567500807989100e-01 9.209849458195376037e-01 -9.114672273702608685e-01
2.839407829664042371e-01 -6.418047198102256878e-01 -8.757871985410464744e-01 6.074452758382887785e-01 -4.054479062246276189e-01 9.655992619711866176e-01 4.606492952177086014e-02 -4.036699230363030577e-02 -6.566557117042016722e-01 2.907718758112806112e-01
2.027120214124304154e-01 1.969291342816321955e-01 2.222608375458169083e-01 -2.668012380982352494e-01 -2.925751269047348613e-01 -9.557531033724994685e-02 6.249504632121373471e-02 -6.774178038902872734e-01 6.779612031627005875e-01 8.837035639948104260e-01
-9.549083171072713094e-01 -2.019782852593169364e-01 2.552333390651150835e-01 -7.231756223577032738e-01 -4.875282425220490157e-01 2.581525458847024890e-01 1.860666079717515353e-01 8.210291713965450766e-01 8.293721324878067236e-01 1.029730708364706981e-01
