1.607447620634814001e-01 -6.387896268106346698e-01 1.440904843818611447e-01 -2.238224251740573434e-01 -8.754397331530958670e-01 6.134068832741307320e-01 -7.745982730784461978e-01 2.521195326605835674e-01 -9.960810121100024395e-01 -3.957564640212469786e-01
5.885868843140291684e-01 -4.491358982096696484e-01 1.119839450739198300e-01 -9.093920314729334597e-01 -5.807520264174366176e-01 -5.920240337577178380e-01 -1.152357592817004894e-01 -7.068538784759921256e-01 -2.782769740759884480e-01 9.230513503294561772e-01
1.133268093615448224e-01 -2.009233544981561814e-01 -4.281102648219127782e-01 -6.653738667006586782e-01 -5.176736971976044765e-01 4.026636343810917062e-01 1.390064613899863188e-01 7.707964116705091628e-01 3.008228388397308217e-01 3.405439849492997162e-01
1.847640953579863798e-01 -8.168789346434170984e-01 2.552205117376877830e-01 1.159125057433679773e-02 -3.831163340664052175e-01 -1.697603010133362789e-01 9.867266339932450059e-01 -1.125202928093129023e-01 -1.966490739895569995e-01 9.246772267565225301e-01
-1.012484892214601806e-03 -8.693630159544628588e-01 -2.475818831985560076e-01 3.261625233985836481e-01 -4.196155463389081297e-01 -1.650964415672396268e-01 2.822460539360779896e-01 -1.889738444308855514e-01 -9.133720941816385608e-01 -4.232111200574914522e-02
6.113979794346399155e-01 -8.681570328998214903e-01 -7.172647948268900953e-02 1.879813191511480464e-01 6.268447518502288096e-01 4.670583707811101770e-01 -5.113206641178752454e-01 -2.764840788215738310e-01 4.322354694851272550e-01 -9.940336140208063664e-01
-7.767014321685196121e-01 -4.378448960469625284e-01 3.247939303637549235e-01 9.598791149464367400e-01 -5.752755932121218496e-01 1.941314788697151017e-01 -6.982225160024417843e-01 -4.525716367664119888e-01 8.226953667694419936e-01 6.346929157792033926e-01
3.408028971314824296e-01 -5.140924394664279085e-01 -2.787257391876490908e-01 9.639638587417848070e-01 1.037008825294014336e-01 5.167433853988143699e-01 9.369505980575636439e-01 3.839297635601180425e-01 5.172931416618590239e-01 -7.891185753759136778e-01
-6.510347991450657901e-01 -9.246060116562229703e-02 -7.105234952312244889e-02 1.576641690402901252e-01 -5.528646519766675649e-01 -6.458795311271251505e-01 -4.875371753665730945e-01 -2.381352038031332441e-01 -2.075866609490359671e-01 -4.098954337184081420e-01
-4.670691798604104106e-01 4.725206086315494186e-02 -1.263334200402341234e-01 -8.494441163555219859e-03 9.004711010929317139e-02 -5.327210140784358616e-01 5.017910749794496361e-01 -1.597921984460811407e-01 -1.565921048878553823e-01 5.259268825947770454e-01
4.222926529198889889e-01 1.949388833866352033e-01 -7.709964978181602265e-03 4.817979107384832149e-01 5.458670404574542667e-01 -2.856221147116412840e-01 7.946797705040219428e-01 8.473863113540779368e-01 2.872391727900507896e-01 3.621897532483979720e-01
-2.447690387153305946e-01 1.113376547170224218e-01 9.660620405469645400e-01 5.749366959713353431e-01 4.561563531873859545e-01 2.461164053429611698e-01 -1.554632313599301208e-01 4.326121658210976828e-01 9.104037591851737998e-01 -9.248413988433504818e-01
2.660195255016482574e-01 -6.400112044055215055e-01 -8.800539703058123386e-01 6.555859455545602898e-01 -4.194822538097037756e-01 9.745020753966987526e-01 3.952087979025739606e-02 -1.315176960345463761e-02 -6.558424152760210513e-01 2.783689287290115888e-01
2.023300318693237732e-01 1.973434513688421543e-01 2.117703994975365656e-01 -2.502611552298163455e-01 -2.975857827021550772e-01 -8.941273542995176182e-02 5.320674961887678772e-02 -6.604969196918201169e-01 6.710151717261083615e-01 8.793037993427729182e-01
-9.666060918733364593e-01 -2.002565556017022463e-01 2.372109392674258133e-01 -6.690215981397804601e-01 -5.035922225203566249e-01 2.727150636659916860e-01 1.683902553264400026e-01 8.627359549927398064e-01 8.197002679200030562e-01 8.881808630985309205e-02
