1.787797540420240638e-01 -6.398695847953740357e-01 1.431720809729788435e-01 -2.457444544248312823e-01 -8.673835149078340523e-01 6.146255099495803176e-01 -7.724313664619136821e-01 2.474806165356383258e-01 -9.992881792719451317e-01 -3.852998692110446433e-01
6.179536003579261250e-01 -4.508529774756751540e-01 1.108077001791380189e-01 -9.437126276346011755e-01 -5.678553082893396109e-01 -5.895135094769207162e-01 -1.114100579804254004e-01 -7.134712059212861002e-01 -2.831767545386617013e-01 9.402096562376837108e-01
1.570064873044938747e-01 -2.037911921296916007e-01 -4.322777529413549535e-01 -7.268407489359649531e-01 -4.968144146790601234e-01 4.024117837553688459e-01 1.424448602230718730e-01 7.538615027076621677e-01 2.910920037568530683e-01 3.650679052301571414e-01
2.415115394718381769e-01 -8.208898601010392593e-01 2.476098742260466334e-01 -7.772882071405431970e-02 -3.544933402955602331e-01 -1.737081564834531688e-01 9.891481940881504675e-01 -1.409640279347745273e-01 -2.115101756767163166e-01 9.556322958346763485e-01
2.514760228407422055e-02 -8.712917137052158534e-01 -2.517042587941032417e-01 2.823413075144008411e-01 -4.059948214512825171e-01 -1.679284365085889075e-01 2.827905986309621755e-01 -2.038869703419556034e-01 -9.208432215056118197e-01 -2.830426663123218264e-02
6.472335815302954209e-01 -8.703833652546573152e-01 -7.417111212992817670e-02 1.417516343169727688e-01 6.432822987400131920e-01 4.684581177488184034e-01 -5.075922103766572491e-01 -2.875195158267110362e-01 4.252366440958381677e-01 -9.735118969305618375e-01
-7.183600102324539938e-01 -4.419196029156904348e-01 3.173460777438957270e-01 8.696727138753733710e-01 -5.461097555567850925e-01 1.906934867123303567e-01 -6.953822375349725249e-01 -4.807097970087393923e-01 8.077972864107858531e-01 6.666727681478303857e-01
4.006416350446993513e-01 -5.182955259316055496e-01 -2.865481093878589069e-01 8.706522005262339325e-01 1.337424218041986246e-01 5.129148739727973361e-01 9.396929940979212859e-01 3.545315805810626553e-01 5.018274392356062430e-01 -7.563935881364789449e-01
-6.371944081474306687e-01 -9.356542380539037418e-02 -7.388365591222663398e-02 1.316777718889426685e-01 -5.452074127475444731e-01 -6.484498544911777573e-01 -4.878547165496063265e-01 -2.479326905851248208e-01 -2.121964009978406784e-01 -4.027477822162618959e-01
-4.296932888365241898e-01 4.477478217151712597e-02 -1.300791334653509934e-01 -6.186470788028904100e-02 1.080206147105905456e-01 -5.332327035920380043e-01 5.045659172127620051e-01 -1.748100996910143257e-01 -1.651001294719724732e-01 5.468374534258586550e-01
4.778263909697340051e-01 1.910531630178230189e-01 -1.485415360717926014e-02 3.956967203980584213e-01 5.736672500992407997e-01 -2.889849316047573002e-01 7.973323571378526653e-01 8.204416661766278374e-01 2.730027326086335582e-01 3.926079897294748600e-01
-2.048829573381839297e-01 1.083446027454418453e-01 9.593731632606540272e-01 5.063840652703787137e-01 4.772036125259648820e-01 2.411332813787577523e-01 -1.550087791322044550e-01 4.086906191357160822e-01 8.986048927447710666e-01 -9.036364299673389500e-01
3.194740131892356283e-01 -6.437243967801754563e-01 -8.867223532565230437e-01 5.736061235499072541e-01 -3.928673880003367702e-01 9.716085771714519925e-01 4.226816244310596660e-02 -3.847653186296769862e-02 -6.693353527575881534e-01 3.077341767080457591e-01
2.346598570018949836e-01 1.952490127927825891e-01 2.089031350324660197e-01 -2.948198343879152583e-01 -2.822973568852226167e-01 -8.924087594788975009e-02 5.595411110916045233e-02 -6.723939335601262224e-01 6.640324040878290424e-01 8.975449777173067911e-01
-9.190503965296058508e-01 -2.037304065931927477e-01 2.299656194289127209e-01 -7.476116235559646661e-01 -4.790039134045119829e-01 2.679767259386275358e-01 1.696117250438312352e-01 8.363550889659469023e-01 8.063699168787933358e-01 1.144014516300538853e-01
