1.632343044246929442e-01 -6.389266725124401747e-01 1.428343244223949926e-01 -2.261706852579408178e-01 -8.746402922519630474e-01 6.138378828026188616e-01 -7.753016695255430246e-01 2.524718361051014881e-01 -9.973391016996332459e-01 -3.947647009680642083e-01
5.913827417616699389e-01 -4.492253822273972186e-01 1.099439442139640705e-01 -9.096342306303788483e-01 -5.804271531416943519e-01 -5.906205630227505665e-01 -1.165663538477660632e-01 -7.043386117407791636e-01 -2.800256754763384426e-01 9.239186019227105806e-01
1.402369937477664086e-01 -2.021114530707747992e-01 -4.445530569608514004e-01 -6.798544907011497829e-01 -5.116403868309626901e-01 4.115078782225564114e-01 1.289421100994251890e-01 7.842534000121883508e-01 2.856950965274732690e-01 3.501419543674126889e-01
2.336318124659024498e-01 -8.193590789629917603e-01 2.285123162714804146e-01 -2.669810308703558788e-02 -3.692910928690820715e-01 -1.583037362689467542e-01 9.711575822037724626e-01 -9.869718660043040603e-02 -2.224387606087762925e-01 9.433412873448897562e-01
2.982582634560881907e-02 -8.707823522565585339e-01 -2.658601906517937263e-01 3.074190605841067847e-01 -4.121874397751177921e-01 -1.557862212383687439e-01 2.711977296689243033e-01 -1.754544911422320774e-01 -9.304067252935498411e-01 -3.110088583056588862e-02
6.331383202886774475e-01 -8.687349653718680065e-01 -8.874085076841448094e-02 1.904805255744724257e-01 6.283225476130140930e-01 4.796540926478141120e-01 -5.226565725842410304e-01 -2.530469649320418180e-01 4.180232227523345001e-01 -9.877410759882141456e-01
-7.300550993944430189e-01 -4.402302415341102781e-01 2.994750596850874746e-01 9.226633058786608554e-01 -5.619192524213920681e-01 2.048112077435837453e-01 -7.129332786323108184e-01 -4.399671775396848949e-01 7.981715251208486572e-01 6.525772206552663546e-01
3.904053448356727962e-01 -5.166191199906451370e-01 -3.057451715409282289e-01 9.247550586622012014e-01 1.178162225398450280e-01 5.282402297826381821e-01 9.212250659687273302e-01 3.976564648587593287e-01 4.911639056436226114e-01 -7.701385122822955731e-01
-6.331133818896281795e-01 -9.348076629545166993e-02 -7.976667630255963870e-02 1.395100652617037584e-01 -5.468107716022078124e-01 -6.432566775607837517e-01 -4.923185831046969496e-01 -2.367051220244154874e-01 -2.164680124355398971e-01 -4.026274029884905348e-01
-4.484696154636369503e-01 4.617668173132422060e-02 -1.352152445868965713e-01 -2.795301655455882661e-02 9.647779293121683253e-02 -5.302359781983773113e-01 4.969681390299146573e-01 -1.588545193413428147e-01 -1.657229411227418292e-01 5.335335028922769673e-01
4.684343878543016926e-01 1.926405036767540047e-01 -3.335237104487632359e-02 4.472584238541734147e-01 5.585349735709568275e-01 -2.741850226394023649e-01 7.796148622169134512e-01 8.618667256171664848e-01 2.626618044475584890e-01 3.796465372400968374e-01
-1.986540532857828667e-01 1.090126372040143149e-01 9.407077086958750556e-01 5.393774241438761274e-01 4.690656858994784462e-01 2.571476832928678569e-01 -1.702846771657618163e-01 4.461639345484232910e-01 8.859864364072437271e-01 -9.072876979057993285e-01
3.089495635866348344e-01 -6.421341656258534591e-01 -9.040623484188256009e-01 6.240245598528572080e-01 -4.078333801664735803e-01 9.853634396672973361e-01 2.537499338167943652e-02 8.287178611856918509e-04 -6.787895560457456456e-01 2.945515477696900031e-01
2.131901160572757525e-01 1.965814214596076082e-01 2.078945358039677449e-01 -2.666090752093792648e-01 -2.926381587926801808e-01 -8.987598481110821436e-02 5.151630252081923489e-02 -6.643623650263928981e-01 6.663829285003946001e-01 8.842585052172139415e-01
-9.184255579928114477e-01 -2.027104506948058105e-01 2.109625829314654977e-01 -7.070932299633587714e-01 -4.898846736215017872e-01 2.838874049979752678e-01 1.531125345372675584e-01 8.760808468946496008e-01 7.943182069142101787e-01 1.072527041816365434e-01
