1.609126919639500553e-01 -6.388670873290713814e-01 1.458076669931181180e-01 -2.267755738118730768e-01 -8.745483652224469440e-01 6.123601815375477875e-01 -7.730614577790497766e-01 2.492291164701743167e-01 -9.949656006724034718e-01 -3.949732977256411592e-01
5.885267878764683935e-01 -4.491777495610963511e-01 1.132932044978449959e-01 -9.112050973135545906e-01 -5.801994431917556483e-01 -5.927543530769476821e-01 -1.140933134902427232e-01 -7.088423467939132250e-01 -2.773880030003655905e-01 9.235360803543104513e-01
1.181499710428937089e-01 -2.017176528444697692e-01 -4.183454447966802325e-01 -6.911841034070285161e-01 -5.099928960216143503e-01 3.953188389952576043e-01 1.483479148712539553e-01 7.499327906669491783e-01 3.063734540442343279e-01 3.473083834063874775e-01
1.969952746675023569e-01 -8.186348026691742108e-01 2.728377925059871645e-01 -4.320181389265931315e-02 -3.668757143851789637e-01 -1.842821873550000156e-01 1.004129642062150607e+00 -1.542009896195430940e-01 -1.873577131400200879e-01 9.389897727296219188e-01
5.476927816465648052e-03 -8.703427711007265533e-01 -2.369031988271779188e-01 2.951048548664837456e-01 -4.103955856045902739e-01 -1.735660087920443684e-01 2.926509094092514252e-01 -2.131804451441459136e-01 -9.075508152026887654e-01 -3.419788521792836711e-02
6.037590332035571716e-01 -8.681362500098525059e-01 -5.298050036361849624e-02 1.778228834033147299e-01 6.301794873902804017e-01 4.590421374684317546e-01 -4.960185617928102308e-01 -2.971970203201015903e-01 4.463519924287010499e-01 -9.911427497054445812e-01
-7.660910512036642750e-01 -4.394890082445030988e-01 3.434203446927706627e-01 9.073587998017910161e-01 -5.596722224182160144e-01 1.796135511783707450e-01 -6.801841016576319898e-01 -4.939829943348881813e-01 8.329943698907580352e-01 6.484384744391299416e-01
3.557779675027367139e-01 -5.159802610291407410e-01 -2.643996519152064795e-01 9.076844289538005262e-01 1.203032233365109727e-01 5.031238609623881475e-01 9.518854591431504808e-01 3.442801686587347310e-01 5.238188128554666090e-01 -7.744755705829788894e-01
-6.465878325525354908e-01 -9.316376600074624537e-02 -6.285604297912170124e-02 1.350707745603781373e-01 -5.461484942744735394e-01 -6.521880285521141074e-01 -4.796341753236421090e-01 -2.561036547024383991e-01 -2.030092575439480795e-01 -4.039795013873580531e-01
-4.657699268943533699e-01 4.664331342240133488e-02 -1.127866206321240239e-01 -3.173220063377507616e-02 9.706183727944009410e-02 -5.409692155257979085e-01 5.139109855607650879e-01 -1.825653692621985180e-01 -1.477874285337374693e-01 5.320899986232543455e-01
4.326686296487796124e-01 1.933508397028094183e-01 9.958921321687953104e-03 4.312524465380834782e-01 5.608783200786426892e-01 -2.995057053736017161e-01 8.118393149368389183e-01 8.077477990643469052e-01 2.969450333843962619e-01 3.754145130150225440e-01
-2.349197723947218930e-01 1.097556078690280212e-01 9.848972764865959739e-01 5.238790632330821984e-01 4.713403907010735860e-01 2.317525702795631415e-01 -1.373596178333485740e-01 3.917437783591357636e-01 9.209984627997139794e-01 -9.114674951954315762e-01
2.841259851381254253e-01 -6.418119887060007578e-01 -8.760546202316485953e-01 6.074124986412949845e-01 -4.054440050519860228e-01 9.656861731809669447e-01 4.585850571131856734e-02 -4.015875395072101423e-02 -6.568727032309503722e-01 2.907761752769855157e-01
2.026142717137278393e-01 1.969329708045266525e-01 2.224019827032411301e-01 -2.667839382949948601e-01 -2.925771859434964650e-01 -9.562118207023748151e-02 6.260399679997553923e-02 -6.775277120844841461e-01 6.780757312816938498e-01 8.837012947369862204e-01
-9.549091853240251337e-01 -2.019782511831663407e-01 2.552345927220780464e-01 -7.231754687001553661e-01 -4.875282608105140358e-01 2.581521384501258010e-01 1.860675756742842246e-01 8.210281951875453288e-01 8.293731497311641609e-01 1.029730506808314711e-01
