1.607702358801377518e-01 -6.387917448259093911e-01 1.440846219626305547e-01 -2.238730605654647432e-01 -8.754251880168172351e-01 6.134010788566032213e-01 -7.745994640804348963e-01 2.520995896296981398e-01 -9.960901545464260209e-01 -3.957435770482968240e-01
5.886255111779686855e-01 -4.491391098323700981e-01 1.119750556768957656e-01 -9.094688117371869662e-01 -5.807299711044225932e-01 -5.920328352046744236e-01 -1.152375652408305778e-01 -7.068841188106441686e-01 -2.782908370809936138e-01 9.230708913098069068e-01
1.135144893586471498e-01 -2.009389591131218178e-01 -4.281534565759813615e-01 -6.657469262323660875e-01 -5.175665349622999845e-01 4.026208699583337380e-01 1.389976866055556426e-01 7.706494800964431846e-01 3.007554813461668641e-01 3.406389305586902672e-01
1.847364035354990552e-01 -8.168766322125012858e-01 2.552268845979022149e-01 1.164629479049590632e-02 -3.831321456480506482e-01 -1.697539912050345379e-01 9.867279286958056117e-01 -1.124986133382470527e-01 -1.966391355209734237e-01 9.246632177145266418e-01
-1.229240372454261376e-03 -8.693449938643996733e-01 -2.475320001553970306e-01 3.265933775077146661e-01 -4.197393102036545143e-01 -1.650470520577810296e-01 2.822561881146939400e-01 -1.888041501406534095e-01 -9.132943016300048011e-01 -4.243076663851685915e-02
6.113693591202051802e-01 -8.681546532696325924e-01 -7.171989294389150005e-02 1.880382089703360182e-01 6.268284101147358900e-01 4.670648921538981813e-01 -5.113193260046325905e-01 -2.764616724494772249e-01 4.322457411852290710e-01 -9.940480927784625109e-01
-7.768018325279152370e-01 -4.378365482796193753e-01 3.248170360100591236e-01 9.600786850212326140e-01 -5.753329201894465950e-01 1.941543559129830787e-01 -6.982178218873306141e-01 -4.524930349810828978e-01 8.227313999997607485e-01 6.346421241474203834e-01
3.408017677284688740e-01 -5.140923455624454297e-01 -2.787254792723786734e-01 9.639661037043053549e-01 1.037002376585928198e-01 5.167436427425307066e-01 9.369506508616350926e-01 3.839306477511085225e-01 5.172935469994410784e-01 -7.891191467306611917e-01
-6.515389203158319376e-01 -9.241868611400630429e-02 -7.093633354931236368e-02 1.586662321839039380e-01 -5.531524969913609313e-01 -6.457646629941289351e-01 -4.875136057018846780e-01 -2.377405356537071746e-01 -2.074057341638718688e-01 -4.101504640493121578e-01
-4.667523541276814569e-01 4.722571845241979593e-02 -1.264063327605128295e-01 -9.124209179910639650e-03 9.022801246567317690e-02 -5.327932054136031992e-01 5.017762621195299699e-01 -1.600402360863902584e-01 -1.567058121959472028e-01 5.260871618612359413e-01
4.221205258319848386e-01 1.949531948581472163e-01 -7.670352494357625221e-03 4.821400550895015291e-01 5.457687586811272862e-01 -2.855828941464831350e-01 7.946878181282459597e-01 8.475210668120682911e-01 2.873009484155553683e-01 3.621026757147982056e-01
-2.447940676110236802e-01 1.113397357394347031e-01 9.660678005742666663e-01 5.749864469743755091e-01 4.561420620937634007e-01 2.461221083816073074e-01 -1.554620611597615498e-01 4.326317605306996827e-01 9.104127419414962397e-01 -9.248540607348180176e-01
2.659349255812250012e-01 -6.400041703624445022e-01 -8.800345008950409831e-01 6.557541084231817141e-01 -4.195305589925634737e-01 9.745213521806828094e-01 3.952483517216292402e-02 -1.308553772117860767e-02 -6.558120527510667985e-01 2.783261303960885558e-01
2.024911722380655366e-01 1.973300533858473871e-01 2.117333154433769515e-01 -2.505814608107526098e-01 -2.974937741643313149e-01 -8.944945258126592302e-02 5.319921566736025842e-02 -6.606230738285974180e-01 6.709573391839195322e-01 8.793853187947328065e-01
-9.665976619269072145e-01 -2.002572565078735989e-01 2.372089992408987214e-01 -6.690383547036966583e-01 -5.035874091576285627e-01 2.727131428337319918e-01 1.683898611930010614e-01 8.627293553267270099e-01 8.196972424507408261e-01 8.882235094334209324e-02
