1.787167387255193252e-01 -6.398659554929234661e-01 1.431741795864822364e-01 -2.456726419855378707e-01 -8.674108937760992566e-01 6.146194216117131237e-01 -7.724399718479584287e-01 2.474935683114198315e-01 -9.992780950677960794e-01 -3.853368630509395598e-01
6.180698561904068855e-01 -4.508596731109765221e-01 1.108038284845497129e-01 -9.438451131218701384e-01 -5.678047975040400042e-01 -5.895022772110773968e-01 -1.113941820573334102e-01 -7.134951004212125580e-01 -2.831953587068747336e-01 9.402779055124981245e-01
1.570427442510050620e-01 -2.037932803112976476e-01 -4.322789604147401765e-01 -7.268820674584245412e-01 -4.967986617761582790e-01 4.024152867853088567e-01 1.424498114799858384e-01 7.538540506806347130e-01 2.910862016365001192e-01 3.650891902724089366e-01
2.417156012227132389e-01 -8.209016128280522961e-01 2.476030783108681688e-01 -7.796137008315434658e-02 -3.544046796316919212e-01 -1.736884406912612422e-01 9.891760608075551575e-01 -1.410059695164329885e-01 -2.115428312352213014e-01 9.557520925469563666e-01
2.521015718236730568e-02 -8.712953164903523007e-01 -2.517063420741935675e-01 2.822700197690503066e-01 -4.059676426253286396e-01 -1.679223926548532309e-01 2.827991411421905132e-01 -2.038998274862447446e-01 -9.208532320300349960e-01 -2.826754308495078166e-02
6.472631081808851716e-01 -8.703850658117803230e-01 -7.417209546272843235e-02 1.417179856594617815e-01 6.432951274667680908e-01 4.684609705191423723e-01 -5.075881782104946227e-01 -2.875255845506218266e-01 4.252319190101145896e-01 -9.734945629831163183e-01
-7.183503646759380468e-01 -4.419201584416139750e-01 3.173457565157201676e-01 8.696617217709110559e-01 -5.461055647594386109e-01 1.906944186350793546e-01 -6.953809203355670876e-01 -4.807117794963663981e-01 8.077957428533393269e-01 6.666784306786758263e-01
4.006300731269756277e-01 -5.182948600348259438e-01 -2.865477243386675976e-01 8.706653765215427443e-01 1.337373983870389638e-01 5.129137568973718420e-01 9.396914151997906028e-01 3.545339569456398277e-01 5.018292894641721569e-01 -7.564003756884087881e-01
-6.371828316597442088e-01 -9.356609054131205527e-02 -7.388404144664474649e-02 1.316645792896616318e-01 -5.452023830000334303e-01 -6.484487360080491980e-01 -4.878531356617982762e-01 -2.479350699443214345e-01 -2.121982535580059503e-01 -4.027409861108739442e-01
-4.298791957390091789e-01 4.478548928867832901e-02 -1.300729421652422613e-01 -6.165284782959925408e-02 1.079398419576305251e-01 -5.332506653209789782e-01 5.045405297236086328e-01 -1.747718895438505060e-01 -1.650703791943994025e-01 5.467283147185194592e-01
4.779661908556903649e-01 1.910451113869365558e-01 -1.485880939476730972e-02 3.955374040384761480e-01 5.737279902950122024e-01 -2.889714245879442256e-01 7.973514482422759952e-01 8.204129325785500804e-01 2.729803607367111695e-01 3.926900608017991900e-01
-2.056692614854808698e-01 1.083898891254358732e-01 9.593993497275769000e-01 5.072801397801314227e-01 4.768619794300868464e-01 2.410573111927660772e-01 -1.551161570065270889e-01 4.088522311941288900e-01 8.987307232885877184e-01 -9.040980385308957645e-01
3.195503424190140884e-01 -6.437287928837904794e-01 -8.867248952663263628e-01 5.735191385360438598e-01 -3.928342245086207107e-01 9.716159518569382758e-01 4.227858598019459263e-02 -3.849222009758272028e-02 -6.693475675583432372e-01 3.077789866282739095e-01
2.349131264248713880e-01 1.952344260004208465e-01 2.088947003429248994e-01 -2.951084609642968259e-01 -2.821873164926338995e-01 -8.921640586816848018e-02 5.598869763952991907e-02 -6.724459889803106050e-01 6.639918739325008090e-01 8.976936623388174219e-01
-9.193782473933818089e-01 -2.037115243593276837e-01 2.299765379212409533e-01 -7.472380037511601181e-01 -4.791463579101948311e-01 2.679450500391881151e-01 1.695669536548361223e-01 8.364224733910823328e-01 8.064223821400048342e-01 1.142089831472044015e-01
