1.637163561035537840e-01 -6.389282207888025145e-01 1.423470149219151770e-01 -2.256964391448061658e-01 -8.747077178186984936e-01 6.142779592428327939e-01 -7.756475701838979608e-01 2.533621841373944750e-01 -9.977129585358437414e-01 -3.946682897524075861e-01
5.968483380784865844e-01 -4.492429368879347629e-01 1.044187336861918947e-01 -9.042571353460334693e-01 -5.811916374187319212e-01 -5.856308901801313693e-01 -1.204882432367982287e-01 -6.942436714275638243e-01 -2.842645374834942840e-01 9.250117311623760052e-01
1.384777041916324114e-01 -2.021058025014398352e-01 -4.427745785271179901e-01 -6.815852931658287206e-01 -5.113943113569503485e-01 4.099017809530716150e-01 1.302045046566682740e-01 7.810039973791779166e-01 2.870595195888943629e-01 3.497900932449710121e-01
2.327622051680600657e-01 -8.193562859171776847e-01 2.293914085275775006e-01 -2.755362936988116004e-02 -3.691694590952243060e-01 -1.590976214493134422e-01 9.717815769952538041e-01 -1.003033487204986196e-01 -2.217643336803498677e-01 9.431673642980351602e-01
2.628668859078686637e-02 -8.707709850866689472e-01 -2.622824509050779018e-01 3.039372299056226634e-01 -4.116924132471785347e-01 -1.590171842509845168e-01 2.737372708282764799e-01 -1.819912681605508620e-01 -9.276619348448210678e-01 -3.180871984148551240e-02
6.315556300307050286e-01 -8.687298820125043397e-01 -8.714089783214550022e-02 1.889234628443658692e-01 6.285439217774246856e-01 4.782092170769299266e-01 -5.215208984932423464e-01 -2.559701891810373109e-01 4.192506836211463694e-01 -9.880576169286784394e-01
-7.419591637921713057e-01 -4.401920074975284036e-01 3.115089637865005034e-01 9.109519966587272810e-01 -5.602542062786857180e-01 1.939437042912374454e-01 -7.043914066861224343e-01 -4.619539494514700029e-01 8.074037631752788435e-01 6.501963860473426449e-01
3.903880695257347933e-01 -5.166190645049882901e-01 -3.057277078061759745e-01 9.247380630807094937e-01 1.178186388732262307e-01 5.282244587414106629e-01 9.212374620277866688e-01 3.976245574121409221e-01 4.911773035696151979e-01 -7.701419673758156392e-01
-6.354437431322990104e-01 -9.347328153108679094e-02 -7.741089740394220542e-02 1.372174381223314477e-01 -5.464848191486103568e-01 -6.453841197522737216e-01 -4.906464107559775911e-01 -2.410092923819319721e-01 -2.146606927650195340e-01 -4.030934794906114171e-01
-4.417070081356699873e-01 4.615496126952835232e-02 -1.420516128508146902e-01 -2.129991195896172376e-02 9.553189303771336682e-02 -5.240622331623903118e-01 4.921155673461733437e-01 -1.463640035073263956e-01 -1.709677044770411825e-01 5.348860367015946249e-01
4.586806948512907045e-01 1.926718310488704233e-01 -2.349229281350721441e-02 4.376626663903308012e-01 5.598992428128894971e-01 -2.830894009123875454e-01 7.866137152011137834e-01 8.438516833433947761e-01 2.702263145766208852e-01 3.776957808361694480e-01
-1.995039027873432291e-01 1.090153667908046742e-01 9.415668276539649328e-01 5.385413357314949856e-01 4.691845561094484252e-01 2.563718354745425088e-01 -1.696748597644676670e-01 4.445942650199454782e-01 8.866455401088618737e-01 -9.074576693573337405e-01
2.969936702157381925e-01 -6.420957651225261964e-01 -8.919760500366069600e-01 6.122622608943733002e-01 -4.061610845979432005e-01 9.744486203129179014e-01 3.395405568883323733e-02 -2.125378201152105379e-02 -6.695171218530537871e-01 2.921603472725296524e-01
2.144803901050718331e-01 1.965772772964465565e-01 2.065901885124088178e-01 -2.653396937739866401e-01 -2.928186320961282951e-01 -8.869806295178321587e-02 5.059045439672243266e-02 -6.619792326570819174e-01 6.653822520283334541e-01 8.845165623818983525e-01
-9.182870954290429655e-01 -2.027108954154114295e-01 2.108226101323983637e-01 -7.069570094385448922e-01 -4.899040406670762127e-01 2.840138107649048949e-01 1.530131794389133493e-01 8.763365868424677352e-01 7.942108217970244022e-01 1.072803969471246704e-01
