1.632242109678472552e-01 -6.389266400937984036e-01 1.428445279703324522e-01 -2.261806152776608403e-01 -8.746388804592486466e-01 6.138286682458546917e-01 -7.752944268718585663e-01 2.524531935200101662e-01 -9.973312736844883730e-01 -3.947667196778568699e-01
5.913299521322810115e-01 -4.492252126751709040e-01 1.099973096290350338e-01 -9.096861654698357169e-01 -5.804197693468952091e-01 -5.906687559306906810e-01 -1.165284741590092155e-01 -7.044361140309133296e-01 -2.799847342978433740e-01 9.239080439004763168e-01
1.402516290157290457e-01 -2.021115000770200565e-01 -4.445678518582307226e-01 -6.798400924130609813e-01 -5.116424338962048957e-01 4.115212391066877529e-01 1.289316084269998552e-01 7.842804313090472323e-01 2.856837460951077157e-01 3.501448814477188254e-01
2.336436287626602326e-01 -8.193591169151321907e-01 2.285003710923158848e-01 -2.668647812428829799e-02 -3.692927456389832330e-01 -1.582929488906599236e-01 9.711491033103113457e-01 -9.867536193509132691e-02 -2.224479247783359426e-01 9.433436506258094933e-01
2.996146971920579660e-02 -8.707827879223559719e-01 -2.659973135112911891e-01 3.075525075681580511e-01 -4.122064124947239505e-01 -1.556623891771834467e-01 2.711003975066558214e-01 -1.752039582303645260e-01 -9.305119239781094453e-01 -3.107375690825790390e-02
6.331893443919601738e-01 -8.687351292534941649e-01 -8.879243140047847482e-02 1.905307234758991386e-01 6.283154107660081644e-01 4.797006737649898711e-01 -5.226931854033461944e-01 -2.529527235634302929e-01 4.179836508336786660e-01 -9.877308710744238107e-01
-7.299957522346961492e-01 -4.402304321481225191e-01 2.994150652155329606e-01 9.227216920664281785e-01 -5.619275534315442133e-01 2.048653871769173795e-01 -7.129758637378672548e-01 -4.398575635102769388e-01 7.981254982271482890e-01 6.525890901955415657e-01
3.904058685854972510e-01 -5.166191216728496238e-01 -3.057457010033832745e-01 9.247555739312675049e-01 1.178161492818722983e-01 5.282407079263070626e-01 9.212246901471774496e-01 3.976574322231438141e-01 4.911634994476463123e-01 -7.701384075313746358e-01
-6.329102461937056168e-01 -9.348141873627939524e-02 -7.997202763489714983e-02 1.397099117065036256e-01 -5.468391846127259592e-01 -6.430712301536650743e-01 -4.924643450095637087e-01 -2.363299309918265034e-01 -2.166255550226302840e-01 -4.025867754785243391e-01
-4.487044606517733847e-01 4.617743601819752908e-02 -1.349778379013908125e-01 -2.818405903930911935e-02 9.651064121408686747e-02 -5.304503739549497610e-01 4.971366543753644174e-01 -1.592882777127374028e-01 -1.655408061299887545e-01 5.334865334259889513e-01
4.684875457796304765e-01 1.926403329416173649e-01 -3.340610877295500936e-02 4.473107210259808508e-01 5.585275382618417606e-01 -2.741364935053412499e-01 7.795767182539851126e-01 8.619649081488176545e-01 2.626205776358815913e-01 3.796571689221912571e-01
-1.986707530541566569e-01 1.090126908411195444e-01 9.407245906115311307e-01 5.393609947845589003e-01 4.690680217306690269e-01 2.571324376772199938e-01 -1.702726940918961041e-01 4.461330901253803827e-01 8.859993879699982200e-01 -9.072910378899560202e-01
3.090091359568061802e-01 -6.421343569632070869e-01 -9.041225705552139447e-01 6.240831676043553378e-01 -4.078417126772742041e-01 9.854178247005827007e-01 2.533224667429171545e-02 9.387478535848384209e-04 -6.788357576021647466e-01 2.945634623524611695e-01
2.131659449592505362e-01 1.965814990934824924e-01 2.079189705403689525e-01 -2.666328549197118924e-01 -2.926347779311368469e-01 -8.989805118125371308e-02 5.153364671665285751e-02 -6.644070089733157269e-01 6.664016744785369317e-01 8.842536709534896122e-01
-9.184369108476330146e-01 -2.027104142311701995e-01 2.109740596138519608e-01 -7.071043989883996073e-01 -4.898830856741840933e-01 2.838770407068519908e-01 1.531206808836640398e-01 8.760598782052028133e-01 7.943270116597834773e-01 1.072504335899499561e-01
