1.609524913048131778e-01 -6.388686493909951913e-01 1.457501989466067904e-01 -2.267826175242851627e-01 -8.745475268732079144e-01 6.123788584722226203e-01 -7.731058175806552191e-01 2.492738662110180192e-01 -9.950122314416716129e-01 -3.949723737845257099e-01
5.885579265966863760e-01 -4.491789717071961174e-01 1.132482419084406972e-01 -9.112106082638703475e-01 -5.801987872732948803e-01 -5.927397403765672923e-01 -1.141280202823946183e-01 -7.088073349160846082e-01 -2.774244865814073924e-01 9.235368032392443638e-01
1.183668370051670915e-01 -2.017261644945345100e-01 -4.186585872492025184e-01 -6.912224844816164948e-01 -5.099883278702203038e-01 3.954206093091053864e-01 1.481061990324284983e-01 7.501766312783535451e-01 3.061193637394814537e-01 3.473134179465264260e-01
1.969527376703564814e-01 -8.186331331585201543e-01 2.728992135767239757e-01 -4.319428566811411158e-02 -3.668766104015052099e-01 -1.843021490101362236e-01 1.004177053218048288e+00 -1.542488175372238035e-01 -1.873078748046041742e-01 9.389887852338559826e-01
5.454974829565899935e-03 -8.703419094803025446e-01 -2.368714999285314315e-01 2.951087401199315452e-01 -4.103960480310893666e-01 -1.735763108345745320e-01 2.926753779085381479e-01 -2.132051287306878928e-01 -9.075250940564418833e-01 -3.419839485619782793e-02
6.037743158865941373e-01 -8.681368498312753701e-01 -5.300256771248755550e-02 1.778201786644456328e-01 6.301798093108301746e-01 4.590493092875259085e-01 -4.960355956625380758e-01 -2.971798367162913901e-01 4.463340865224463827e-01 -9.911423949181816795e-01
-7.661235106896677749e-01 -4.394877342604106008e-01 3.434672143949046297e-01 9.073645445020672717e-01 -5.596729061578157305e-01 1.795983186723412728e-01 -6.801479227579791953e-01 -4.940194912605928579e-01 8.330324009427695353e-01 6.484377208926376257e-01
3.557365790576401121e-01 -5.159786365973595412e-01 -2.643398892900911124e-01 9.076917539068806162e-01 1.203023515137445904e-01 5.031044382968716810e-01 9.519315901386249390e-01 3.442336321545658717e-01 5.238673054935808482e-01 -7.744765314151257352e-01
-6.468487003865825979e-01 -9.315352734598789097e-02 -6.247936425793670923e-02 1.351169431139455646e-01 -5.461539892988990230e-01 -6.523104479537825684e-01 -4.793434155996712520e-01 -2.563969703130716260e-01 -2.027036125881495621e-01 -4.039855574303060082e-01
-4.657404232733698413e-01 4.664215545139093616e-02 -1.128292222286872426e-01 -3.173742220319848012e-02 9.706245875551643143e-02 -5.409553701406777382e-01 5.138781012278819116e-01 -1.825321958637368958e-01 -1.478219963560385153e-01 5.320906835493834919e-01
4.326017537609942454e-01 1.933534644768801491e-01 1.005548640408347044e-02 4.312642822748229965e-01 5.608769113781864046e-01 -2.995370887221798784e-01 8.119138538877364031e-01 8.076726048882076903e-01 2.970233883024749888e-01 3.754129604922667451e-01
-2.349314277790012784e-01 1.097560653246439921e-01 9.849141062167209304e-01 5.238811260103326539e-01 4.713401451873959758e-01 2.317471006701154745e-01 -1.373466269012613428e-01 3.917306732318993623e-01 9.210121187930866427e-01 -9.114677657750069883e-01
2.843133378031496017e-01 -6.418193420052767939e-01 -8.763251471156152661e-01 6.073793408486419798e-01 -4.054400585804930901e-01 9.657740935688409190e-01 4.564968499040980565e-02 -3.994809761761635575e-02 -6.570922143762366607e-01 2.907805246663609511e-01
2.025132074016149364e-01 1.969369374208168322e-01 2.225479139790658423e-01 -2.667660518693856231e-01 -2.925793148026010759e-01 -9.566860927667744652e-02 6.271664170156175666e-02 -6.776413471768629737e-01 6.781941429567912571e-01 8.836989485304602709e-01
-9.549098366355386336e-01 -2.019782256202074244e-01 2.552355331798729088e-01 -7.231753534306335496e-01 -4.875282745300003606e-01 2.581518328042953780e-01 1.860683016171991722e-01 8.210274628633208449e-01 8.293739128381967252e-01 1.029730355606442160e-01
