1.607942226869348568e-01 -6.387937392040535789e-01 1.440791017565560272e-01 -2.239207401639783934e-01 -8.754114919390578731e-01 6.133956132664374339e-01 -7.746005855588133926e-01 2.520808107543042187e-01 -9.960987633018043574e-01 -3.957314423401561698e-01
5.886614116453775525e-01 -4.491420947693886556e-01 1.119667937193978280e-01 -9.095401726268205200e-01 -5.807094725196217944e-01 -5.920410154198768593e-01 -1.152392437301066747e-01 -7.069122246944226085e-01 -2.783037215947392062e-01 9.230890530308648589e-01
1.137047165131640780e-01 -2.009547755109696299e-01 -4.281972345203649555e-01 -6.661250488574609330e-01 -5.174579183414114159e-01 4.025775251449204561e-01 1.389887927314107097e-01 7.705005543948509894e-01 3.006872096894431801e-01 3.407351647519292759e-01
1.847108403965246337e-01 -8.168745067705406315e-01 2.552327675733330192e-01 1.169710773168310819e-02 -3.831467417859246716e-01 -1.697481664346860708e-01 9.867291238739670511e-01 -1.124786003783921212e-01 -1.966299610271779741e-01 9.246502855542254595e-01
-1.440848776051738278e-03 -8.693273997269709286e-01 -2.474833016352129822e-01 3.270140005531657623e-01 -4.198601351710928298e-01 -1.649988353518438144e-01 2.822660816470572986e-01 -1.886384854118265952e-01 -9.132183563406641724e-01 -4.253781741186472842e-02
6.113427956666745988e-01 -8.681524446567228104e-01 -7.171377976097474682e-02 1.880910102794132732e-01 6.268132428134695067e-01 4.670709448541018882e-01 -5.113180840577972175e-01 -2.764408763598559249e-01 4.322552746873488116e-01 -9.940615309888307660e-01
-7.768903423902466798e-01 -4.378291891452221751e-01 3.248374052356851061e-01 9.602546198480795825e-01 -5.753834578857400794e-01 1.941745236092183302e-01 -6.982136837001293728e-01 -4.524237420697790335e-01 8.227631657850035252e-01 6.345973478103259513e-01
3.408006827576670617e-01 -5.140922553527700334e-01 -2.787252295825194959e-01 9.639682603470242084e-01 1.036996181578566933e-01 5.167438899620040438e-01 9.369507015883243861e-01 3.839314971568533186e-01 5.172939363905052490e-01 -7.891196956075555713e-01
-6.520563051357192164e-01 -9.237566825899745648e-02 -7.081726514434423525e-02 1.596946600483527823e-01 -5.534479153346461011e-01 -6.456467726301700072e-01 -4.874894159089802059e-01 -2.373354836121597256e-01 -2.072200471156316892e-01 -4.104122043400840747e-01
-4.664524300510083932e-01 4.720078132641985363e-02 -1.264753558165599145e-01 -9.720381053946004074e-03 9.039926425048851188e-02 -5.328615455681650070e-01 5.017622394790833829e-01 -1.602750416989556226e-01 -1.568134535768940241e-01 5.262388907330938226e-01
4.219663776322052917e-01 1.949660114786840037e-01 -7.634877583670335137e-03 4.824464620380904956e-01 5.456807425584100368e-01 -2.855477702180702626e-01 7.946950251681241806e-01 8.476417468950965262e-01 2.873562715002466184e-01 3.620246935377388620e-01
-2.448209589779507811e-01 1.113419716166367257e-01 9.660739892215642888e-01 5.750399000908913427e-01 4.561267075592642661e-01 2.461282357995610848e-01 -1.554608038816739646e-01 4.326528133383104602e-01 9.104223931302359851e-01 -9.248676648336013884e-01
2.658592554772781780e-01 -6.399978787871315467e-01 -8.800170865484377991e-01 6.559045211148829546e-01 -4.195737653950030732e-01 9.745385942329275464e-01 3.952837304972171145e-02 -1.302629684493016027e-02 -6.557848950964511037e-01 2.782878495763805304e-01
2.026454415546379839e-01 1.973172266950796172e-01 2.116978126594649678e-01 -2.508881085083544127e-01 -2.974056888858891412e-01 -8.948460410713092450e-02 5.319200296479156126e-02 -6.607438487319650111e-01 6.709019726309646270e-01 8.794633622436798248e-01
-9.665888610793179625e-01 -2.002579882525460375e-01 2.372069738569977382e-01 -6.690558485236612896e-01 -5.035823840163520249e-01 2.727111374886087014e-01 1.683894497184614536e-01 8.627224652883139777e-01 8.196940838667468032e-01 8.882680321236602339e-02
