1.786563088765092955e-01 -6.398624750978185727e-01 1.431761920955700873e-01 -2.456037759525756536e-01 -8.674371493115325960e-01 6.146135830734267280e-01 -7.724482241619702316e-01 2.475059886863112402e-01 -9.992684246103912260e-01 -3.853723390634893886e-01
6.181793035604888908e-01 -4.508659766198768737e-01 1.108001835337424495e-01 -9.439698396654436774e-01 -5.677572448566257091e-01 -5.894917027570445445e-01 -1.113792358994249165e-01 -7.135175955521712021e-01 -2.832128733316469082e-01 9.403421578040093154e-01
1.570774729246819101e-01 -2.037952804735989887e-01 -4.322801169917054875e-01 -7.269216443566849373e-01 -4.967835728765959691e-01 4.024186421584269313e-01 1.424545540356118023e-01 7.538469127652897006e-01 2.910806440823274777e-01 3.651095781251569306e-01
2.419029096491590591e-01 -8.209124006645469596e-01 2.475968403354862901e-01 -7.817482731465566492e-02 -3.543232979451896858e-01 -1.736703435515681293e-01 9.892016396891414320e-01 -1.410444677241049494e-01 -2.115728057956278996e-01 9.558620540344684446e-01
2.526968734848441395e-02 -8.712987450691448421e-01 -2.517083246209361747e-01 2.822021790173484534e-01 -4.059417779837409812e-01 -1.679166410410437849e-01 2.828072705953006416e-01 -2.039120629459163225e-01 -9.208627585131418103e-01 -2.823259524121361774e-02
6.472915998969581697e-01 -8.703867067629125209e-01 -7.417304432886767662e-02 1.416855164163579872e-01 6.433075065356085309e-01 4.684637232974110943e-01 -5.075842873752266504e-01 -2.875314405605362000e-01 4.252273595427124575e-01 -9.734778366054481769e-01
-7.183432378901740689e-01 -4.419205689015223149e-01 3.173455191707432732e-01 8.696536000649763842e-01 -5.461024683165512927e-01 1.906951072022729510e-01 -6.953799471000720045e-01 -4.807132442915365012e-01 8.077946023693021171e-01 6.666826145372382051e-01
4.006180334124971876e-01 -5.182941666198327413e-01 -2.865473233773016548e-01 8.706790970154328901e-01 1.337321673769458485e-01 5.129125936587556334e-01 9.396897710536258330e-01 3.545364315135869360e-01 5.018312161535141147e-01 -7.564074437362183767e-01
-6.371709794870464849e-01 -9.356677315502888448e-02 -7.388443616226385291e-02 1.316510725189341813e-01 -5.451972334730145198e-01 -6.484475908891186302e-01 -4.878515171263819727e-01 -2.479375059660986480e-01 -2.122001502354444458e-01 -4.027340281615450768e-01
-4.300599324106604837e-01 4.479589863170340552e-02 -1.300669230505139273e-01 -6.144687978911388127e-02 1.078613155643930177e-01 -5.332681275187914904e-01 5.045158482823612900e-01 -1.747347420537391227e-01 -1.650414562976301736e-01 5.466222112524882215e-01
4.780936926579619217e-01 1.910377680515523424e-01 -1.486305561646061695e-02 3.953921026110884807e-01 5.737833872245461375e-01 -2.889591057725517942e-01 7.973688599175765557e-01 8.203867266520172841e-01 2.729599569003934301e-01 3.927649121478079541e-01
-2.064145679706274883e-01 1.084328142871743561e-01 9.594241708399768864e-01 5.081294932339942561e-01 4.765381589812517360e-01 2.409853020694617542e-01 -1.552179362307229971e-01 4.090054168483404640e-01 8.988499930656306258e-01 -9.045355789625478815e-01
3.196211190853933681e-01 -6.437328691932177049e-01 -8.867272523578404453e-01 5.734384812396964293e-01 -3.928034734923196991e-01 9.716227900715491694e-01 4.228825125795457329e-02 -3.850676709289042182e-02 -6.693588937944449091e-01 3.078205368546246268e-01
2.351576764602497094e-01 1.952203413922348751e-01 2.088865560371439556e-01 -2.953871509010280172e-01 -2.820810644959089730e-01 -8.919277822772446462e-02 5.602209344833331689e-02 -6.724962522718604951e-01 6.639527391218199570e-01 8.978372281472094540e-01
-9.197125693897553189e-01 -2.036922694272251810e-01 2.299876719231786493e-01 -7.468570094246902435e-01 -4.792916139908524609e-01 2.679127489196621581e-01 1.695212985664923955e-01 8.364911878525186362e-01 8.064758829625022774e-01 1.140127157142499376e-01
