1.632147899191673801e-01 -6.389266098348290734e-01 1.428540517760311102e-01 -2.261898837771060544e-01 -8.746375627176571355e-01 6.138200675464942080e-01 -7.752876667108972164e-01 2.524357928708222953e-01 -9.973239671578072452e-01 -3.947686039047889617e-01
5.912803007906923813e-01 -4.492250532026456078e-01 1.100475025264539553e-01 -9.097350128378522971e-01 -5.804128245109105855e-01 -5.907140838210732658e-01 -1.164928463778047568e-01 -7.045278199127154029e-01 -2.799462270292372712e-01 9.238981135415305079e-01
1.402642704104969662e-01 -2.021115406792491631e-01 -4.445806311348931006e-01 -6.798276557126070596e-01 -5.116442020742735242e-01 4.115327797365678775e-01 1.289225374767999088e-01 7.843037799279829470e-01 2.856739420179507105e-01 3.501474097497466187e-01
2.336544761576769824e-01 -8.193591517553080461e-01 2.284894053828724347e-01 -2.667580637445332928e-02 -3.692942628865910626e-01 -1.582830460458117261e-01 9.711413196612913579e-01 -9.865532682841668399e-02 -2.224563375128204845e-01 9.433458201246125441e-01
3.009221032961027081e-02 -8.707832078412268695e-01 -2.661294801323040859e-01 3.076811311764394152e-01 -4.122246994546878152e-01 -1.555430329650981380e-01 2.710065833676417180e-01 -1.749624807076858579e-01 -9.306133203078257310e-01 -3.104760854753738780e-02
6.332382804175146207e-01 -8.687352864285335929e-01 -8.884190117978665868e-02 1.905788671105531629e-01 6.283085659827587488e-01 4.797453486263555389e-01 -5.227282999028881605e-01 -2.528623388682383344e-01 4.179456983308811879e-01 -9.877210837799904608e-01
-7.299430394840344949e-01 -4.402306014534261291e-01 2.993617775177190854e-01 9.227735512720074418e-01 -5.619349264731565707e-01 2.049135099004391614e-01 -7.130136882615794036e-01 -4.397602032149260931e-01 7.980846166722144197e-01 6.525996328418900427e-01
3.904063661688504383e-01 -5.166191232710113379e-01 -3.057462040139647397e-01 9.247560634575601179e-01 1.178160796838581131e-01 5.282411621819820269e-01 9.212243331016218839e-01 3.976583512581328694e-01 4.911631135451666741e-01 -7.701383080137957915e-01
-6.327012399682329091e-01 -9.348209003235134762e-02 -8.018331352767317510e-02 1.399155336229870039e-01 -5.468684187463712654e-01 -6.428804234005262019e-01 -4.926143193674212828e-01 -2.359438971084337477e-01 -2.167876505190886594e-01 -4.025449738519326637e-01
-4.489239215738702327e-01 4.617814089315816495e-02 -1.347559832807937175e-01 -2.839996636595788770e-02 9.654133766780245707e-02 -5.306507250492363825e-01 4.972941305978638149e-01 -1.596936213900292389e-01 -1.653706024576337974e-01 5.334426408409895792e-01
4.685348207944353138e-01 1.926401811014907539e-01 -3.345389942458007471e-02 4.473572305456086085e-01 5.585209258076062611e-01 -2.740933350201856245e-01 7.795427956281302251e-01 8.620522249620430344e-01 2.625839133356793753e-01 3.796666240114428548e-01
-1.986856179420559143e-01 1.090127385848689706e-01 9.407396176333516769e-01 5.393463705946274223e-01 4.690701009133272925e-01 2.571188671675884163e-01 -1.702620276535530830e-01 4.461056347211742601e-01 8.860109164848947172e-01 -9.072940108946685456e-01
3.090632253274859242e-01 -6.421345306900039240e-01 -9.041772498880802367e-01 6.241363811391933414e-01 -4.078492782695797292e-01 9.854672041732533971e-01 2.529343434410266656e-02 1.038650762058238031e-03 -6.788777067994846703e-01 2.945742803253259545e-01
2.131430875448420414e-01 1.965815725080062859e-01 2.079420772645774185e-01 -2.666553422180968913e-01 -2.926315808172418320e-01 -8.991891825838775609e-02 5.155004826660881251e-02 -6.644492265504642337e-01 6.664194016248357055e-01 8.842490994288865203e-01
-9.184486983890037815e-01 -2.027103763713877793e-01 2.109859757239893885e-01 -7.071159956613780606e-01 -4.898814369263585489e-01 2.838662795800417915e-01 1.531291391434301818e-01 8.760381066509791426e-01 7.943361535280039076e-01 1.072480760601601246e-01
