1.609899865351658299e-01 -6.388701210201825909e-01 1.456960579082094698e-01 -2.267892534537679083e-01 -8.745467370586744726e-01 6.123964541397066697e-01 -7.731476092521635257e-01 2.493160252469409088e-01 -9.950561626072967902e-01 -3.949715033333020542e-01
5.885872227319554062e-01 -4.491801215347165366e-01 1.132059399097710556e-01 -9.112157931123413546e-01 -5.801981701677806358e-01 -5.927259923598218183e-01 -1.141606733545349889e-01 -7.087743948112340542e-01 -2.774588113037407822e-01 9.235374833485956447e-01
1.185845377585079546e-01 -2.017347089088438739e-01 -4.189729350938456442e-01 -6.912610132980533395e-01 -5.099837421344532995e-01 3.955227713716077398e-01 1.478635527468837862e-01 7.504214105154515257e-01 3.058642953544687404e-01 3.473184718663278048e-01
1.969130671400820820e-01 -8.186315761522106049e-01 2.729564956278709431e-01 -4.318726475268117038e-02 -3.668774460374265023e-01 -1.843207654969016562e-01 1.004221269449131260e+00 -1.542934224455064784e-01 -1.872613949558466495e-01 9.389878642830765676e-01
5.435054249738724419e-03 -8.703411276286795450e-01 -2.368427357132652233e-01 2.951122656766955732e-01 -4.103964676461527294e-01 -1.735856591142205807e-01 2.926975811146675932e-01 -2.132275271112989701e-01 -9.075017541733819693e-01 -3.419885731216684710e-02
6.037907121235006613e-01 -8.681374933579472097e-01 -5.302624297154259064e-02 1.778172768481113553e-01 6.301801546877242588e-01 4.590570036723818914e-01 -4.960538706841961520e-01 -2.971614010503615955e-01 4.463148759243944497e-01 -9.911420142797819910e-01
-7.661525532065247557e-01 -4.394865943870164826e-01 3.435091501826172955e-01 9.073696844649919990e-01 -5.596735179210102773e-01 1.795846896730069475e-01 -6.801155523654561774e-01 -4.940521462009665465e-01 8.330664285139089964e-01 6.484370466710339675e-01
3.556963513439452829e-01 -5.159770577224715993e-01 -2.642818026969083189e-01 9.076988734329862751e-01 1.203015041410888525e-01 5.030855603364707829e-01 9.519764273987364467e-01 3.441884007581774152e-01 5.239144381644946780e-01 -7.744774653009102172e-01
-6.471146283710075275e-01 -9.314309008823605518e-02 -6.209537895953304992e-02 1.351640072161137962e-01 -5.461595909123565518e-01 -6.524352419701056061e-01 -4.790470159012187867e-01 -2.566959754756704681e-01 -2.023920389234927231e-01 -4.039917309445708593e-01
-4.657176141323886576e-01 4.664126022825737516e-02 -1.128621573664649602e-01 -3.174145897933480787e-02 9.706293921638763089e-02 -5.409446663243114850e-01 5.138526784709525064e-01 -1.825065496312707480e-01 -1.478487206124515785e-01 5.320912130632573511e-01
4.325407906977323802e-01 1.933558571818298766e-01 1.014351369496382937e-02 4.312750715561543546e-01 5.608756272278314636e-01 -2.995656973153230651e-01 8.119818024851983562e-01 8.076040589971742456e-01 2.970948154787846907e-01 3.754115452356457383e-01
-2.349433240003944157e-01 1.097565322327402754e-01 9.849312837023149747e-01 5.238832314110871691e-01 4.713398946006290280e-01 2.317415180412322195e-01 -1.373333675354173333e-01 3.917172973112731382e-01 9.210260569624862947e-01 -9.114680419456124838e-01
2.845008663227995283e-01 -6.418267022065720084e-01 -8.765959279239332602e-01 6.073461519331265768e-01 -4.054361084047279906e-01 9.658620964813318110e-01 4.544066826433761780e-02 -3.973724355638961342e-02 -6.573119315610276292e-01 2.907848781381989212e-01
2.024091292167055078e-01 1.969410223269036919e-01 2.226981971204816668e-01 -2.667476320466706241e-01 -2.925815071471280504e-01 -9.571745082577029495e-02 6.283264582459283099e-02 -6.777583710194988731e-01 6.783160858262232695e-01 8.836965323569214714e-01
-9.549102917476263164e-01 -2.019782077577693125e-01 2.552361903365508167e-01 -7.231752728846095879e-01 -4.875282841166634351e-01 2.581516192304384449e-01 1.860688088789146100e-01 8.210269511425852818e-01 8.293744460688053932e-01 1.029730249952237608e-01
