1.608168260373102065e-01 -6.387956185549966692e-01 1.440738999323573355e-01 -2.239656698071808560e-01 -8.753985857924839742e-01 6.133904629081353699e-01 -7.746016423551156382e-01 2.520631149641236468e-01 -9.961068755409930864e-01 -3.957200075100794634e-01
5.886948745861716459e-01 -4.491448770387555522e-01 1.119590927223203108e-01 -9.096066883408814308e-01 -5.806903657229960380e-01 -5.920486402246986080e-01 -1.152408082553433577e-01 -7.069384222788198668e-01 -2.783157312913183690e-01 9.231059816293024634e-01
1.138963362219350545e-01 -2.009707076924560354e-01 -4.282413329403549351e-01 -6.665059395220160887e-01 -5.173485065946226147e-01 4.025338630266278028e-01 1.389798337498298342e-01 7.703505384855027227e-01 3.006184382513594766e-01 3.408321034257432713e-01
1.846871846445876653e-01 -8.168725399178851099e-01 2.552382115920656669e-01 1.174412927833722031e-02 -3.831602488367266135e-01 -1.697427762780784888e-01 9.867302298742174349e-01 -1.124600806803876668e-01 -1.966214710858765757e-01 9.246383183237377734e-01
-1.647143262689148430e-03 -8.693102474140809166e-01 -2.474358260338163362e-01 3.274240608993240764e-01 -4.199779259781067364e-01 -1.649518294653593564e-01 2.822757267327213326e-01 -1.884769808609380315e-01 -9.131443181918442731e-01 -4.264217992278818148e-02
6.113182703419040021e-01 -8.681504055036118883e-01 -7.170813562301492361e-02 1.881397603130618990e-01 6.267992392506787080e-01 4.670765331499935891e-01 -5.113169374015670288e-01 -2.764216758876230640e-01 4.322640767143676732e-01 -9.940739381283331122e-01
-7.769688553943567833e-01 -4.378226611975566951e-01 3.248554738333889746e-01 9.604106834936385617e-01 -5.754282875380781759e-01 1.941924134395231205e-01 -6.982100129057094984e-01 -4.523622755338846391e-01 8.227913437435003807e-01 6.345576287931935511e-01
3.407996409494092327e-01 -5.140921687318356081e-01 -2.787249898258765124e-01 9.639703311937143360e-01 1.036990233022333369e-01 5.167441273465386287e-01 9.369507502969935953e-01 3.839323127713544226e-01 5.172943102907295865e-01 -7.891202226489102411e-01
-6.525839781892732727e-01 -9.233179499090504727e-02 -7.069582905573802700e-02 1.607435382734849483e-01 -5.537492080925415783e-01 -6.455265380080015269e-01 -4.874647451003361609e-01 -2.369223770821726749e-01 -2.070306676673292212e-01 -4.106791493550147609e-01
-4.661691933863710835e-01 4.717723167187991978e-02 -1.265405385134434624e-01 -1.028338264763391588e-02 9.056098779360087503e-02 -5.329260833593740809e-01 5.017489970413520073e-01 -1.604967830118866623e-01 -1.569151059218958089e-01 5.263821775944586001e-01
4.218276939281955240e-01 1.949775423068835500e-01 -7.602961596194880885e-03 4.827221295491311848e-01 5.456015564120362260e-01 -2.855161700015342863e-01 7.947015091814740861e-01 8.477503200794639371e-01 2.874060444480540100e-01 3.619545347089183074e-01
-2.448503481352534150e-01 1.113444151721085518e-01 9.660807526980886850e-01 5.750983181718263282e-01 4.561099268269598883e-01 2.461349323594864691e-01 -1.554594298219770798e-01 4.326758216248067224e-01 9.104329407645307404e-01 -9.248825325418955634e-01
2.657904505207600576e-01 -6.399921580130971677e-01 -8.800012521131942433e-01 6.560412876603545218e-01 -4.196130519095722655e-01 9.745542720051665331e-01 3.953158995440271550e-02 -1.297243057936729380e-02 -6.557602013118848383e-01 2.782530417725305183e-01
2.027934243863069586e-01 1.973049226928131339e-01 2.116637566163570017e-01 -2.511822602918983294e-01 -2.973211930883978282e-01 -8.951832320598065995e-02 5.318508418033190965e-02 -6.608597020499934471e-01 6.708488622687224234e-01 8.795382254168953029e-01
-9.665797086981849917e-01 -2.002587492254030432e-01 2.372048675728910538e-01 -6.690740411018378797e-01 -5.035771581551216070e-01 2.727090520436915577e-01 1.683890218083340384e-01 8.627153000400878957e-01 8.196907991189699150e-01 8.883143331902342010e-02
