1.785983549288774064e-01 -6.398591372997112225e-01 1.431781221491478517e-01 -2.455377314640771191e-01 -8.674623291183743978e-01 6.146079837487942177e-01 -7.724561383663232084e-01 2.475179001798498701e-01 -9.992591503661030217e-01 -3.854063615706970203e-01
6.182824156439776786e-01 -4.508719152544509168e-01 1.107967495684341053e-01 -9.440873464978564167e-01 -5.677124447618712155e-01 -5.894817403980927573e-01 -1.113651548897035964e-01 -7.135387885677710873e-01 -2.832293741342740701e-01 9.404026908953179165e-01
1.571108842135546801e-01 -2.037972047624752314e-01 -4.322812296955033107e-01 -7.269597199593633707e-01 -4.967690563538304516e-01 4.024218702500484968e-01 1.424591166888673766e-01 7.538400456170144537e-01 2.910752973463819337e-01 3.651291925925562731e-01
2.420752102761897229e-01 -8.209223241422440864e-01 2.475911021682821178e-01 -7.837118161397785276e-02 -3.542484368410780404e-01 -1.736536964173427955e-01 9.892251691022045934e-01 -1.410798813221331161e-01 -2.116003786905105710e-01 9.559632050270163717e-01
2.532611134418790572e-02 -8.713019947512418151e-01 -2.517102037221748412e-01 2.821378780665495523e-01 -4.059172629097708707e-01 -1.679111895354619688e-01 2.828149758690681193e-01 -2.039236599826620422e-01 -9.208717879225479797e-01 -2.819947090924059332e-02
6.473190990060906369e-01 -8.703882905458671937e-01 -7.417396013799087973e-02 1.416541783510313901e-01 6.433194543370019947e-01 4.684663801731793198e-01 -5.075805320905895091e-01 -2.875370925562005797e-01 4.252229589200418047e-01 -9.734616929486845649e-01
-7.183383797021130057e-01 -4.419208487038753796e-01 3.173453573773947212e-01 8.696480636596297664e-01 -5.461003575330416471e-01 1.906955765848291073e-01 -6.953792836647983977e-01 -4.807142428132604173e-01 8.077938249240250723e-01 6.666854665903783062e-01
4.006055018656171640e-01 -5.182934448782574588e-01 -2.865469060363287079e-01 8.706933780029688652e-01 1.337267226757173355e-01 5.129113829008695724e-01 9.396880597427157422e-01 3.545390071697033796e-01 5.018332215497265381e-01 -7.564148005196899005e-01
-6.371591329938632864e-01 -9.356745544163989903e-02 -7.388483068873680226e-02 1.316375722205980481e-01 -5.451920864136287070e-01 -6.484464463189245631e-01 -4.878498993665614791e-01 -2.479399408205438249e-01 -2.122020460040025536e-01 -4.027270735464380524e-01
-4.302351562656483996e-01 4.480599046971326521e-02 -1.300610875303802594e-01 -6.124719417064799359e-02 1.077851843774254859e-01 -5.332850570859307693e-01 5.044919196726193045e-01 -1.746987276336384731e-01 -1.650134156049305745e-01 5.465193441465725499e-01
4.782104266299340711e-01 1.910310448782979176e-01 -1.486694323463779756e-02 3.952590722346546181e-01 5.738341057516912480e-01 -2.889478273104035821e-01 7.973848011355069154e-01 8.203627338782770728e-01 2.729412762165567274e-01 3.928334421197095527e-01
-2.071137107454610049e-01 1.084730806974178174e-01 9.594474545517702735e-01 5.089262383883468299e-01 4.762343957218969082e-01 2.409177531358570878e-01 -1.553134113280726925e-01 4.091491143009785003e-01 8.989618753644398330e-01 -9.049460184764707149e-01
3.196873225052411782e-01 -6.437366821112068260e-01 -8.867294571454789054e-01 5.733630356284935559e-01 -3.927747094582521026e-01 9.716291864337411877e-01 4.229729201212149847e-02 -3.852037413158194978e-02 -6.693694881838432309e-01 3.078594023059179063e-01
2.353934058096779913e-01 1.952067648023991797e-01 2.088787054886853400e-01 -2.956557887582101918e-01 -2.819786449071132739e-01 -8.917000281367976067e-02 5.605428470224451537e-02 -6.725447026145432439e-01 6.639150158663416068e-01 8.979756156741630635e-01
-9.200528382832348084e-01 -2.036726719896900517e-01 2.299990039759912952e-01 -7.464692379968566049e-01 -4.794394538768686487e-01 2.678798732300022301e-01 1.694748313685187358e-01 8.365611246021569247e-01 8.065303354540191982e-01 1.138129570894453602e-01
