1.632059975152100884e-01 -6.389265815949705107e-01 1.428629400802697291e-01 -2.261985338110852339e-01 -8.746363329059050340e-01 6.138120407518492527e-01 -7.752813576397939999e-01 2.524195533265871094e-01 -9.973171481787013182e-01 -3.947703624016291601e-01
5.912334872674740449e-01 -4.492249028447594661e-01 1.100948266529234304e-01 -9.097810683385423314e-01 -5.804062766064590484e-01 -5.907568209995859299e-01 -1.164592548995229820e-01 -7.046142843523386379e-01 -2.799099206404209728e-01 9.238887507514386144e-01
1.402755933372873687e-01 -2.021115770467605266e-01 -4.445920775628180444e-01 -6.798165161309913662e-01 -5.116457858354954702e-01 4.115431167056797235e-01 1.289144126055401240e-01 7.843246933404441901e-01 2.856651604831648705e-01 3.501496743557723224e-01
2.336644608847852633e-01 -8.193591838247263892e-01 2.284793117506065674e-01 -2.666598332387709255e-02 -3.692956594710518070e-01 -1.582739307510103444e-01 9.711341550276395562e-01 -9.863688506683035429e-02 -2.224640812022438685e-01 9.433478170882592106e-01
3.021808697591642570e-02 -8.707836121377879879e-01 -2.662567297371150610e-01 3.078049695797952512e-01 -4.122423060819191964e-01 -1.554281171814971274e-01 2.709162594112316524e-01 -1.747299869123833116e-01 -9.307109443734694620e-01 -3.102243298851468239e-02
6.332851978359959055e-01 -8.687354371201154724e-01 -8.888933033472280754e-02 1.906250248241942447e-01 6.283020035462616448e-01 4.797881806533242366e-01 -5.227619659321804946e-01 -2.527756825343701608e-01 4.179093113657366687e-01 -9.877117002106562405e-01
-7.298959982455550666e-01 -4.402307525426989443e-01 2.993142231922584773e-01 9.228198308007057316e-01 -5.619415062286132745e-01 2.049564549656284485e-01 -7.130474431390612100e-01 -4.396733181858856754e-01 7.980481336780448354e-01 6.526090411754498222e-01
3.904068381435270019e-01 -5.166191247869219572e-01 -3.057466811365513459e-01 9.247565277898417424e-01 1.178160136677825487e-01 5.282415930588872932e-01 9.212239944318101337e-01 3.976592229939716061e-01 4.911627475035841850e-01 -7.701382136179989457e-01
-6.324876083355522871e-01 -9.348277618452477400e-02 -8.039927527777913918e-02 1.401257060503102447e-01 -5.468982998453026934e-01 -6.426853940031608259e-01 -4.927676127291710229e-01 -2.355493201115394231e-01 -2.169533332660033287e-01 -4.025022471354566811e-01
-4.491286809605378183e-01 4.617879854903256254e-02 -1.345489905478333970e-01 -2.860141021007934353e-02 9.656997778730809501e-02 -5.308376547622455366e-01 4.974410575971018322e-01 -1.600718113746462390e-01 -1.652118006116059246e-01 5.334016885899106608e-01
4.685770868154068847e-01 1.926400453494872267e-01 -3.349662644840373238e-02 4.473988121789529981e-01 5.585150139717126594e-01 -2.740547493646079413e-01 7.795124672523123799e-01 8.621302901783987060e-01 2.625511337778589915e-01 3.796750772927849349e-01
-1.986982911134934360e-01 1.090127792891598946e-01 9.407524290332772710e-01 5.393339026320439489e-01 4.690718735360646097e-01 2.571072975280310757e-01 -1.702529339017087862e-01 4.460822274108232621e-01 8.860207452065570477e-01 -9.072965455520882738e-01
3.091129256907467204e-01 -6.421346903199793843e-01 -9.042274923418593957e-01 6.241852767351043774e-01 -4.078562299623271215e-01 9.855125768166861366e-01 2.525777138694209820e-02 1.130447186744640287e-03 -6.789162520870171136e-01 2.945842204886957028e-01
2.131213912657428378e-01 1.965816421931407820e-01 2.079640101887715309e-01 -2.666766871827210283e-01 -2.926285461137474453e-01 -8.993872530748761585e-02 5.156561663314163796e-02 -6.644892995141135073e-01 6.664362282486547828e-01 8.842447601334646468e-01
-9.184609132587912006e-01 -2.027103371390917563e-01 2.109983238234890146e-01 -7.071280127433074991e-01 -4.898797284072222702e-01 2.838551283349586285e-01 1.531379040366697697e-01 8.760155458224271330e-01 7.943456268122464081e-01 1.072456330639069561e-01
