1.610253569737432056e-01 -6.388715092546140006e-01 1.456449849515924211e-01 -2.267955133362640763e-01 -8.745459920016052102e-01 6.124130526902455962e-01 -7.731870326597869436e-01 2.493557952010541645e-01 -9.950976042674961608e-01 -3.949706822090883751e-01
5.886148458852442644e-01 -4.491812057003090053e-01 1.131660536045316634e-01 -9.112206818754077231e-01 -5.801975883026282421e-01 -5.927130294358562423e-01 -1.141914617438157531e-01 -7.087433357805025258e-01 -2.774911758821366758e-01 9.235381246196948668e-01
1.188021787637351251e-01 -2.017432509781331984e-01 -4.192871966655179472e-01 -6.912995315402313823e-01 -5.099791576572444418e-01 3.956249053956654160e-01 1.476209730557703215e-01 7.506661225727284670e-01 3.056092969731405984e-01 3.473235243990775434e-01
1.968759956793704469e-01 -8.186301211553191903e-01 2.730100247663495572e-01 -4.318070382221635833e-02 -3.668782269255066453e-01 -1.843381622988334578e-01 1.004262588792786959e+00 -1.543351050016384673e-01 -1.872179602985536706e-01 9.389870036696589262e-01
5.417216445599100025e-03 -8.703404275227469844e-01 -2.368169789108729162e-01 2.951154226225066735e-01 -4.103968433887957845e-01 -1.735940299941254594e-01 2.927174628874696372e-01 -2.132475836523159141e-01 -9.074808545677340854e-01 -3.419927141652878005e-02
6.038082196250089684e-01 -8.681381805000177865e-01 -5.305152283520746248e-02 1.778141783594680003e-01 6.301805234727405614e-01 4.590652195486978893e-01 -4.960733843061976844e-01 -2.971417158963283178e-01 4.462943633167585911e-01 -9.911416078433907817e-01
-7.661786784557551577e-01 -4.394855690118171232e-01 3.435468735972601606e-01 9.073743081280547518e-01 -5.596740682337123518e-01 1.795724296816940679e-01 -6.800864335195753174e-01 -4.940815210123876144e-01 8.330970380778492945e-01 6.484364401737555683e-01
3.556572555609449071e-01 -5.159755232740943498e-01 -2.642253505490301246e-01 9.077057926292846357e-01 1.203006806118741140e-01 5.030672135656618638e-01 9.520200030243597400e-01 3.441444420865159004e-01 5.239602446124635993e-01 -7.744783729089401714e-01
-6.473842311039967878e-01 -9.313250860234659201e-02 -6.170608752748933667e-02 1.352117216775973463e-01 -5.461652699321880577e-01 -6.525617604632011348e-01 -4.787465203782193535e-01 -2.569991124666450300e-01 -2.020761597515410013e-01 -4.039979897680698873e-01
-4.657013661020690809e-01 4.664062251846248092e-02 -1.128856186234072634e-01 -3.174433456597397507e-02 9.706328147139886564e-02 -5.409370414894701939e-01 5.138345686383314348e-01 -1.824882806064513641e-01 -1.478677575647343034e-01 5.320915902610433568e-01
4.324850001451903680e-01 1.933580468738183011e-01 1.022407216650738845e-02 4.312849454032808283e-01 5.608744520333118766e-01 -2.995918785656327965e-01 8.120439858728764060e-01 8.075413289942737771e-01 2.971601822996039477e-01 3.754102500587853108e-01
-2.349555184052144752e-01 1.097570108440699965e-01 9.849488917482820405e-01 5.238853895845324571e-01 4.713396377328071263e-01 2.317357954815796317e-01 -1.373197758183993256e-01 3.917035861179817835e-01 9.210403444975358012e-01 -9.114683250385418045e-01
2.846869372251155661e-01 -6.418340051986650696e-01 -8.768646040134564501e-01 6.073132209876449528e-01 -4.054321889327975326e-01 9.659494153668228833e-01 4.523327617863244499e-02 -3.952802841672602152e-02 -6.575299409331739620e-01 2.907891977714718856e-01
2.023023290598737201e-01 1.969452140661341333e-01 2.228524106387741732e-01 -2.667287304876504450e-01 -2.925837568283606305e-01 -9.576756973500726022e-02 6.295168382034221910e-02 -6.778784554037283749e-01 6.784412178852728958e-01 8.836940529928443144e-01
-9.549105722885501413e-01 -2.019781967469765072e-01 2.552365954221253452e-01 -7.231752232343002795e-01 -4.875282900260897168e-01 2.581514875788986085e-01 1.860691215659956710e-01 8.210266357068678467e-01 8.293747747636733836e-01 1.029730184824703271e-01
