1.590389716255562191e-01 -6.387935467343537344e-01 1.485132155077616978e-01 -2.264439616062920990e-01 -8.745878340173010024e-01 6.114808867653188651e-01 -7.709730346877938789e-01 2.471223353592744976e-01 -9.927702622854420733e-01 -3.950167961158631003e-01
5.857566273129063417e-01 -4.490690250886479884e-01 1.172931631066596314e-01 -9.107148325523343191e-01 -5.802577949621643416e-01 -5.940543270655219699e-01 -1.110057303707743664e-01 -7.119570709231687333e-01 -2.741423533168874660e-01 9.234717711173863197e-01
1.150053219429430229e-01 -2.015942302822816001e-01 -4.138047454579837914e-01 -6.906275614287806786e-01 -5.100591361683803893e-01 3.938431259673192408e-01 1.518528977972884997e-01 7.463969976307999188e-01 3.100578720126934695e-01 3.472353804235741581e-01
1.992863678538782379e-01 -8.187247244958347769e-01 2.695295806878762468e-01 -4.360729300774270761e-02 -3.668274538816707064e-01 -1.832070289014197384e-01 1.001576020896492558e+00 -1.516249211692718424e-01 -1.900420650772298437e-01 9.390429604243988315e-01
6.175775827044411789e-03 -8.703701997928648959e-01 -2.379122966942607831e-01 2.949811723054284740e-01 -4.103808647904972906e-01 -1.732380551536635283e-01 2.918719829640050722e-01 -2.123946716442759453e-01 -9.083696182187196433e-01 -3.418166147159489021e-02
6.036948238520621901e-01 -8.681337298931635083e-01 -5.288778561211367191e-02 1.778342472147821651e-01 6.301781348588113563e-01 4.590120054653035742e-01 -4.959469949268328626e-01 -2.972692162855832820e-01 4.464272231081416464e-01 -9.911442403245994681e-01
-7.579099449713503356e-01 -4.398101038773167826e-01 3.316072798711803826e-01 9.059109024682350242e-01 -5.594998923234063559e-01 1.834527601540757169e-01 -6.893026508976043409e-01 -4.847842896384987887e-01 8.234090031785600283e-01 6.486283987005303509e-01
3.569026356847137538e-01 -5.160244024974633970e-01 -2.660236105534647399e-01 9.074853844706243233e-01 1.203269137970582325e-01 5.036516424208272724e-01 9.506319193522256850e-01 3.455447275330064683e-01 5.225010990099708819e-01 -7.744494614276009603e-01
-6.431623597356768141e-01 -9.329821045490464815e-02 -6.780223622989692278e-02 1.344645322238456897e-01 -5.460763387445812800e-01 -6.505805312759422865e-01 -4.834521605280558965e-01 -2.522521079808797695e-01 -2.070227017139510683e-01 -4.038999790860683947e-01
-4.672132491543379840e-01 4.669996156523968656e-02 -1.107025431331302989e-01 -3.147676055118092675e-02 9.703143456190520266e-02 -5.416465341692695556e-01 5.155196928337295592e-01 -1.841882176734419285e-01 -1.460963646662147286e-01 5.320564919181209884e-01
4.393762126556432501e-01 1.930875775535254857e-01 2.735425225097645047e-04 4.300653342730106909e-01 5.610196112906979948e-01 -2.963579876745548458e-01 8.043631345533470700e-01 8.152896978680747031e-01 2.890861154034338187e-01 3.755702294563185717e-01
-2.337348392623843085e-01 1.097091010955959650e-01 9.831862985938673027e-01 5.236693530210356773e-01 4.713653506066462495e-01 2.323086327224772873e-01 -1.386803281146327116e-01 3.930760981774860663e-01 9.196101397196362326e-01 -9.114399869901134155e-01
2.865100753176714199e-01 -6.419055605192920400e-01 -8.794971145633141418e-01 6.069905608597897517e-01 -4.053937856226070280e-01 9.668049730298249322e-01 4.320123136755585347e-02 -3.747812117216299532e-02 -6.596660147950559328e-01 2.908315218955973003e-01
2.035001928412724370e-01 1.968981997849366117e-01 2.211227616041232802e-01 -2.669407291741117128e-01 -2.925585245464227269e-01 -9.520543922959306959e-02 6.161656121426718757e-02 -6.765315965708648127e-01 6.770377446519569853e-01 8.837218613829911362e-01
-9.548287503605896731e-01 -2.019814081297639508e-01 2.551184490845302411e-01 -7.231897041306430962e-01 -4.875265664962634693e-01 2.581898847676546427e-01 1.859779239629050229e-01 8.211186349709801435e-01 8.292789083658624882e-01 1.029749179773299383e-01
