1.608381397134592827e-01 -6.387973906762399734e-01 1.440689949074599463e-01 -2.240080359099403673e-01 -8.753864160289824836e-01 6.133856064126567142e-01 -7.746026388540314667e-01 2.520464288386224383e-01 -9.961145249219937048e-01 -3.957092251145041817e-01
5.887261465820164963e-01 -4.491474771424527890e-01 1.119518959385680801e-01 -9.096688490202589072e-01 -5.806725099204123053e-01 -5.920557658047893579e-01 -1.152422703452117142e-01 -7.069629046085545987e-01 -2.783269546677643036e-01 9.231218018485489729e-01
1.140882396967369955e-01 -2.009866634676110153e-01 -4.282854966648675377e-01 -6.668873942404089927e-01 -5.172389328220310389e-01 4.024901362499235802e-01 1.389708615010612491e-01 7.702003004204093228e-01 3.005495649709436501e-01 3.409291856542202015e-01
1.846652423765689499e-01 -8.168707155324993474e-01 2.552432612780130561e-01 1.178774485995508214e-02 -3.831727775159936566e-01 -1.697377765527997850e-01 9.867312557622969216e-01 -1.124429024406799482e-01 -1.966135961061255821e-01 9.246272179292333027e-01
-1.847991675670089540e-03 -8.692935479138708121e-01 -2.473896037651011071e-01 3.278232958526899332e-01 -4.200926071653653393e-01 -1.649060645113120671e-01 2.822851171928362768e-01 -1.883197399512855086e-01 -9.130722346139800161e-01 -4.274378731441238338e-02
6.112957629050035369e-01 -8.681485341273751377e-01 -7.170295587187291986e-02 1.881844993049612835e-01 6.267863878691438684e-01 4.670816616536256904e-01 -5.113158850896001306e-01 -2.764040551865198925e-01 4.322721545306484336e-01 -9.940853244366522068e-01
-7.770388882521963581e-01 -4.378168383299181898e-01 3.248715908518204909e-01 9.605498907909164608e-01 -5.754682751643928063e-01 1.942083709991236917e-01 -6.982067385917704039e-01 -4.523074479646307378e-01 8.228164782162413760e-01 6.345221998051948642e-01
3.407986411086071366e-01 -5.140920856002766381e-01 -2.787247597274179478e-01 9.639723186199035121e-01 1.036984524093467336e-01 5.167443551684451908e-01 9.369507970435175803e-01 3.839330955302266424e-01 5.172946691290257748e-01 -7.891207284593093618e-01
-6.531185861372833523e-01 -9.228734512243175203e-02 -7.057279700453344962e-02 1.618062012839866504e-01 -5.540544605627291119e-01 -6.454047232133967027e-01 -4.874397500578641629e-01 -2.365038413377028026e-01 -2.068387993170878181e-01 -4.109496026701924820e-01
-4.659022544501569274e-01 4.715503708863571369e-02 -1.266019705310388599e-01 -1.081398855170507059e-02 9.071340559803482695e-02 -5.329869075798294720e-01 5.017365165870809607e-01 -1.607057651020562250e-01 -1.570109090866210200e-01 5.265172195827377832e-01
4.217023851354323449e-01 1.949879610808236130e-01 -7.574123645197321231e-03 4.829712111788669882e-01 5.455300071231234948e-01 -2.854876173679465334e-01 7.947073678646622286e-01 8.478484222664272041e-01 2.874510172013168274e-01 3.618911421264663364e-01
-2.448825577413889787e-01 1.113470932332216168e-01 9.660881652588747537e-01 5.751623425791522193e-01 4.560915356641025986e-01 2.461422715817526419e-01 -1.554579238951079301e-01 4.327010379941727547e-01 9.104445006450265776e-01 -9.248988270896896235e-01
2.657268671212945632e-01 -6.399868713843557266e-01 -8.799866193414820348e-01 6.561676750942591063e-01 -4.196493569997266637e-01 9.745687600029132591e-01 3.953456273057649045e-02 -1.292265218469456842e-02 -6.557373815202907075e-01 2.782208755070649242e-01
2.029356520300421018e-01 1.972930972044701081e-01 2.116310250439741580e-01 -2.514649722430220002e-01 -2.972399834099021532e-01 -8.955073093817622620e-02 5.317843447374021731e-02 -6.609710497263168172e-01 6.707978174171377317e-01 8.796101770927005070e-01
-9.665702265763774781e-01 -2.002595376144809813e-01 2.372026854038827293e-01 -6.690928891196114003e-01 -5.035717440173125281e-01 2.727068914646640363e-01 1.683885784815219722e-01 8.627078766433263768e-01 8.196873960287711647e-01 8.883623023849931966e-02
