1.785427754881680762e-01 -6.398559362588920330e-01 1.431799731239783158e-01 -2.454743929706237615e-01 -8.674864772504451427e-01 6.146026138414085738e-01 -7.724637283074674565e-01 2.475293236320208201e-01 -9.992502561089972035e-01 -3.854389900973012595e-01
6.183796410737510962e-01 -4.508775148532485622e-01 1.107935116477012927e-01 -9.441981448824499079e-01 -5.676702022979522866e-01 -5.894723467887516000e-01 -1.113518777627609674e-01 -7.135587716772201494e-01 -2.832449329085006129e-01 9.404597681613264815e-01
1.571431665610956985e-01 -2.037990640311346524e-01 -4.322823048019096004e-01 -7.269965090171928157e-01 -4.967550303330208750e-01 4.024249892669777284e-01 1.424635251736362795e-01 7.538334105043109634e-01 2.910701312724641721e-01 3.651481443024358065e-01
2.422340447617659653e-01 -8.209314720513511965e-01 2.475858124670678173e-01 -7.855218985904921514e-02 -3.541794265004533093e-01 -1.736383503385352522e-01 9.892468595759085215e-01 -1.411125271732953657e-01 -2.116257966280422342e-01 9.560564505719905126e-01
2.537936315073376081e-02 -8.713050617343612858e-01 -2.517119771792721838e-01 2.820771921518077097e-01 -4.058941260872144796e-01 -1.679060445166272175e-01 2.828222479479581830e-01 -2.039346050274003508e-01 -9.208803096934172761e-01 -2.816820884606702213e-02
6.473456458902676625e-01 -8.703898194864032600e-01 -7.417484423494852264e-02 1.416239254440537221e-01 6.433309884160965941e-01 4.684689450480249429e-01 -5.075769068420102892e-01 -2.875425488374767635e-01 4.252187106798613336e-01 -9.734461083061337616e-01
-7.183355884680888703e-01 -4.419210094621329743e-01 3.173452644202894302e-01 8.696448827611589216e-01 -5.460991447988543523e-01 1.906958462649124275e-01 -6.953789024932413021e-01 -4.807148165061217449e-01 8.077933782489102876e-01 6.666871052152447685e-01
4.005924635811539680e-01 -5.182926939516514508e-01 -2.865464718193580507e-01 8.707082364701389521e-01 1.337210578073564360e-01 5.129101231836226127e-01 9.396862792316053037e-01 3.545416869775073754e-01 5.018353080380530962e-01 -7.564224547890753270e-01
-6.371475893436931992e-01 -9.356812028631854294e-02 -7.388521512955958936e-02 1.316244170430468374e-01 -5.451870709333480614e-01 -6.484453310084515865e-01 -4.878483229630521389e-01 -2.479423134305218102e-01 -2.122038933092514623e-01 -4.027202967186780391e-01
-4.304046225941318138e-01 4.481575070889587398e-02 -1.300554437544690911e-01 -6.105406984625336847e-02 1.077115547181569793e-01 -5.333014303793166544e-01 5.044687773120144492e-01 -1.746638965796855902e-01 -1.649862962766846242e-01 5.464198570603968630e-01
4.783176852384548594e-01 1.910248674288722859e-01 -1.487051529261800530e-02 3.951368400101681333e-01 5.738807074269011155e-01 -2.889374643274961185e-01 7.973994483956357016e-01 8.203406886117410313e-01 2.729241118545403522e-01 3.928964094744902824e-01
-2.077639840694139040e-01 1.085105325218164857e-01 9.594691107530596286e-01 5.096672917733118258e-01 4.759518652410484330e-01 2.408549258119316860e-01 -1.554022128020249860e-01 4.092827674309744146e-01 8.990659371912326225e-01 -9.053277686376788314e-01
3.197497307340355088e-01 -6.437402764490640639e-01 -8.867315355410013700e-01 5.732919150281334808e-01 -3.927475943572004691e-01 9.716352161167400858e-01 4.230581449412952610e-02 -3.853320113033556482e-02 -6.693794752370653134e-01 3.078960397482446432e-01
2.356202966698114909e-01 1.951936972562791361e-01 2.088711492904579692e-01 -2.959143542470994426e-01 -2.818800654614365686e-01 -8.914808134613642909e-02 5.608526897003468514e-02 -6.725913363491703434e-01 6.638787070150965475e-01 8.981088144680273722e-01
-9.203984667851822232e-01 -2.036527658710084177e-01 2.300105145210710467e-01 -7.460753587435120515e-01 -4.795896224033222577e-01 2.678464797121539176e-01 1.694276322611860397e-01 8.366321629323474340e-01 8.065856456320312784e-01 1.136100520470941372e-01
