1.631977941579072222e-01 -6.389265552470398957e-01 1.428712329130194247e-01 -2.262066043364793499e-01 -8.746351854853284813e-01 6.138045517119020689e-01 -7.752754712445873997e-01 2.524044017497892867e-01 -9.973107860367524946e-01 -3.947720030880632058e-01
5.911892534670083466e-01 -4.492247607725488034e-01 1.101395429191549258e-01 -9.098245858883403647e-01 -5.804000895331720145e-01 -5.907972030878552161e-01 -1.164275145252568894e-01 -7.046959840516293649e-01 -2.798756149644511804e-01 9.238799039106059263e-01
1.402862396223000518e-01 -2.021116112410018262e-01 -4.446028399687156352e-01 -6.798060422347100840e-01 -5.116472749534305420e-01 4.115528359524230906e-01 1.289067732648710440e-01 7.843443569975331320e-01 2.856569037202351113e-01 3.501518036322074368e-01
2.336736752479268153e-01 -8.193592134198534049e-01 2.284699968848013796e-01 -2.665691816323867078e-02 -3.692969483031089961e-01 -1.582655187397924712e-01 9.711275431758055188e-01 -9.861986616522357141e-02 -2.224712274332453776e-01 9.433496599777063674e-01
3.033915858964784940e-02 -8.707840010013184751e-01 -2.663791219000241628e-01 3.079240807555073123e-01 -4.122592406192922554e-01 -1.553175880263912012e-01 2.708293833505637238e-01 -1.745063679981062044e-01 -9.308048418795864531e-01 -3.099821844477750749e-02
6.333301637466891565e-01 -8.687355815437524109e-01 -8.893478669643556378e-02 1.906692626296100923e-01 6.282957140712007726e-01 4.798292311024288659e-01 -5.227942316389385669e-01 -2.526926306296436997e-01 4.178744378991638975e-01 -9.877027069464417997e-01
-7.298538456473842029e-01 -4.402308879304057121e-01 2.992716108283577370e-01 9.228613008478350199e-01 -5.619474021998248636e-01 2.049949370748343491e-01 -7.130776901272952717e-01 -4.395954624611090877e-01 7.980154420856672148e-01 6.526174717720247820e-01
3.904072850242706338e-01 -5.166191262222346037e-01 -3.057471328915010722e-01 9.247569674345208490e-01 1.178159511616473781e-01 5.282420010269444077e-01 9.212236737683828780e-01 3.976600483813900189e-01 4.911624009236876809e-01 -7.701381242410345607e-01
-6.322707634734079374e-01 -9.348347265710041376e-02 -8.061848530460211104e-02 1.403390396772528081e-01 -5.469286303852943787e-01 -6.424874311722115205e-01 -4.929232117735595220e-01 -2.351488082892815856e-01 -2.171215080440714040e-01 -4.024588777672229445e-01
-4.493195068762121380e-01 4.617941145272636688e-02 -1.343560832606611744e-01 -2.878914619931553440e-02 9.659666900336724704e-02 -5.310118642782646337e-01 4.975779865048465811e-01 -1.604242662793415874e-01 -1.650638049168920984e-01 5.333635230584630182e-01
4.686150596077118258e-01 1.926399233866784300e-01 -3.353501341656800472e-02 4.474361701012364856e-01 5.585097026386046659e-01 -2.740200830995674908e-01 7.794852195225898672e-01 8.622004258140412158e-01 2.625216838482855031e-01 3.796826719205573242e-01
-1.987085632006141411e-01 1.090128122815347267e-01 9.407628131598412269e-01 5.393237968744989397e-01 4.690733103141654370e-01 2.570979198954412848e-01 -1.702455630702117972e-01 4.460632548961396271e-01 8.860287117590256445e-01 -9.072985999882620112e-01
3.091590947056103711e-01 -6.421348386078030712e-01 -9.042741649302091789e-01 6.242306981635663554e-01 -4.078626877180602239e-01 9.855547256081962360e-01 2.522464238161497424e-02 1.215721221333371238e-03 -6.789520586251639456e-01 2.945934543759403113e-01
2.131007218716534646e-01 1.965817085800774799e-01 2.079849050275421607e-01 -2.666970218900513445e-01 -2.926256550427862591e-01 -8.995759488884395860e-02 5.158044814880030637e-02 -6.645274758241714874e-01 6.664522584682754935e-01 8.842406262169191233e-01
-9.184735456642287854e-01 -2.027102965657349987e-01 2.110110940127728762e-01 -7.071404405999898168e-01 -4.898779614865097498e-01 2.838435959116519802e-01 1.531469685364922895e-01 8.759922138067580688e-01 7.943554239176974230e-01 1.072431065597616168e-01
