1.610587644414045450e-01 -6.388728204455048632e-01 1.455967464163867853e-01 -2.268014258109312120e-01 -8.745452882933405503e-01 6.124287300627253572e-01 -7.732242681668445305e-01 2.493933580221378288e-01 -9.951367460191574699e-01 -3.949699066552157523e-01
5.886409434566516330e-01 -4.491822299891971015e-01 1.131283701551341753e-01 -9.112253006400320432e-01 -5.801970385729428026e-01 -5.927007824331226304e-01 -1.142205497403731840e-01 -7.087139920895820788e-01 -2.775217530174449720e-01 9.235387304744329118e-01
1.190188889853440457e-01 -2.017517565156202730e-01 -4.196001142371362791e-01 -6.913378850517385432e-01 -5.099745927864340889e-01 3.957266026239255607e-01 1.473794308033618550e-01 7.509097880718262896e-01 3.053553891414346189e-01 3.473285553236992729e-01
1.968412859505910273e-01 -8.186287588527147996e-01 2.730601436945687688e-01 -4.317456087255636121e-02 -3.668789580651204418e-01 -1.843544507931385301e-01 1.004301275782295999e+00 -1.543741320642467718e-01 -1.871772927568564893e-01 9.389861978838134338e-01
5.401502664031717499e-03 -8.703398107813805629e-01 -2.367942890795742272e-01 2.951182036574652168e-01 -4.103971743901775326e-01 -1.736014041180547474e-01 2.927349772537300443e-01 -2.132652519764028087e-01 -9.074624435662775879e-01 -3.419963621173779250e-02
6.038268367035892759e-01 -8.681389111912540812e-01 -5.307840486678280789e-02 1.778108834971755814e-01 6.301809156303321835e-01 4.590739561245542055e-01 -4.960941346476452352e-01 -2.971207831516227693e-01 4.462725506767273864e-01 -9.911411756481841584e-01
-7.662022929486924649e-01 -4.394846421798780378e-01 3.435809716187104845e-01 9.073784874358874486e-01 -5.596745656588394402e-01 1.795613479317855754e-01 -6.800601131283579015e-01 -4.941080727696826047e-01 8.331247059222823825e-01 6.484358919636478147e-01
3.556192639141079193e-01 -5.159740321613356384e-01 -2.641704927126911073e-01 9.077125164148694969e-01 1.202998803406252759e-01 5.030493849410974105e-01 9.520623479948995271e-01 3.441017248878560642e-01 5.240047574028603439e-01 -7.744792548844652291e-01
-6.476559979100229292e-01 -9.312184217997279689e-02 -6.131367129369642149e-02 1.352598191380899317e-01 -5.461709945369198627e-01 -6.526892945070537078e-01 -4.784436128089774032e-01 -2.573046827066502451e-01 -2.017577450504001169e-01 -4.040042988304927141e-01
-4.656914939196632464e-01 4.664023505073295467e-02 -1.128998735086732264e-01 -3.174608175103377922e-02 9.706348942299877769e-02 -5.409324086965170419e-01 5.138235652386912156e-01 -1.824771804828151378e-01 -1.478793242753871084e-01 5.320918194436133897e-01
4.324337573997802386e-01 1.933600580714849027e-01 1.029806385613673408e-02 4.312940143766367806e-01 5.608733726356210925e-01 -2.996159256324391618e-01 8.121011003368553416e-01 8.074837124728064808e-01 2.972202206968754257e-01 3.754090604592008606e-01
-2.349680157617495824e-01 1.097575013457810361e-01 9.849669372397663603e-01 5.238876013745630278e-01 4.713393744834890597e-01 2.317299307535074515e-01 -1.373058464355385311e-01 3.916895342906387412e-01 9.210549869849843363e-01 -9.114686151644907364e-01
2.848702257747299793e-01 -6.418411989877633728e-01 -8.771292625395977760e-01 6.072807824646968555e-01 -4.054283280694576108e-01 9.660354285568293342e-01 4.502898526523731876e-02 -3.932194170983632081e-02 -6.577446903707575565e-01 2.907934528124675455e-01
2.021930905516987897e-01 1.969495015068437327e-01 2.230101450015168629e-01 -2.667093973876739077e-01 -2.925860578720014260e-01 -9.581883290763558436e-02 6.307343956918701200e-02 -6.780012814311189295e-01 6.785692068308037950e-01 8.836915170224763916e-01
-9.549107007537936953e-01 -2.019781917049164877e-01 2.552367809188303971e-01 -7.231752004984405291e-01 -4.875282927321329951e-01 2.581514272930519049e-01 1.860692647516011267e-01 8.210264912626074052e-01 8.293749252795613591e-01 1.029730155001515740e-01
