1.608582487835379937e-01 -6.387990626407579198e-01 1.440643671046956953e-01 -2.240480075658571324e-01 -8.753749340760157427e-01 6.133810243965260867e-01 -7.746035790328346105e-01 2.520306857793444544e-01 -9.961217419753788382e-01 -3.956990521182212617e-01
5.887554398932419719e-01 -4.491499127288221538e-01 1.119451545195898345e-01 -9.097270765838598727e-01 -5.806557839146639921e-01 -5.920624405254019118e-01 -1.152436399237242448e-01 -7.069858378587379200e-01 -2.783374679033397414e-01 9.231366210691814844e-01
1.142793804757199078e-01 -2.010025558285781500e-01 -4.283294848663049548e-01 -6.672673329158058664e-01 -5.171297945363858561e-01 4.024465832597012849e-01 1.389619249113479837e-01 7.700506594572924524e-01 3.004809654185729428e-01 3.410258820417954029e-01
1.846448433643693154e-01 -8.168690194608030364e-01 2.552479558066350074e-01 1.182829284618690940e-02 -3.831844250212103065e-01 -1.697331284709849009e-01 9.867322094970444324e-01 -1.124269323904979190e-01 -1.966062749938378429e-01 9.246168982538593983e-01
-2.043294647477669757e-03 -8.692773094882327856e-01 -2.473446576970202149e-01 3.282115078962136168e-01 -4.202041219956276774e-01 -1.648615631314036267e-01 2.822942483815763515e-01 -1.881668404760589719e-01 -9.130021412696190941e-01 -4.284258931761122241e-02
6.112752517631453442e-01 -8.681468287326812305e-01 -7.169823553828125196e-02 1.882252701760959157e-01 6.267746763397101795e-01 4.670863352851006289e-01 -5.113149261123463019e-01 -2.763879973518776900e-01 4.322795158857584141e-01 -9.940957008374039505e-01
-7.771016683170536288e-01 -4.378116184942684175e-01 3.248860387480459466e-01 9.606746814023712222e-01 -5.755041215635111618e-01 1.942226759505078504e-01 -6.982038033746765793e-01 -4.522582984873722567e-01 8.228390096947146848e-01 6.344904399394259986e-01
3.407976821120274891e-01 -5.140920058647021618e-01 -2.787245390286484659e-01 9.639742248582902073e-01 1.036979048378489227e-01 5.167445736836614456e-01 9.369508418804122218e-01 3.839338463128307843e-01 5.172950133085171265e-01 -7.891212136069866157e-01
-6.536564960080728515e-01 -9.224262071626442017e-02 -7.044900506501448889e-02 1.628754276671698087e-01 -5.543615983772863798e-01 -6.452821560486733388e-01 -4.874146006374027729e-01 -2.360827205723520505e-01 -2.066457459218453419e-01 -4.112217263981754467e-01
-4.656510885452913029e-01 4.713415395085632231e-02 -1.266597726205575258e-01 -1.131324172890406723e-02 9.085681725731242775e-02 -5.330441377860521968e-01 5.017247735846003254e-01 -1.609023987461493665e-01 -1.571010513824526444e-01 5.266442821374254235e-01
4.215887047042277125e-01 1.949974130170206710e-01 -7.547961788298284021e-03 4.831971786185743634e-01 5.454650974401187291e-01 -2.854617143516720024e-01 7.947126828758153128e-01 8.479374208009290426e-01 2.874918165887392907e-01 3.618336322267265981e-01
-2.449176449458717320e-01 1.113500105516605915e-01 9.660962400560314522e-01 5.752320869113951574e-01 4.560715014392464073e-01 2.461502664883439828e-01 -1.554562834291000339e-01 4.327285071878205769e-01 9.104570932824233020e-01 -9.249165773884048258e-01
2.656672048331772951e-01 -6.399819107756152814e-01 -8.799728889551046151e-01 6.562862683679656639e-01 -4.196834231988780806e-01 9.745823545433605073e-01 3.953735217923886464e-02 -1.287594356342008917e-02 -6.557159689976461703e-01 2.781906928962892267e-01
2.030726068597888401e-01 1.972817101231674752e-01 2.115995069311424337e-01 -2.517372031969820623e-01 -2.971617844227005811e-01 -8.958193721656741715e-02 5.317203129212084295e-02 -6.610782694035403084e-01 6.707486649544051049e-01 8.796794612997019813e-01
-9.665604389702568966e-01 -2.002603514029896448e-01 2.372004329322128235e-01 -6.691123443615777378e-01 -5.035661554529138328e-01 2.727046612785366531e-01 1.683881208721063338e-01 8.627002140879351799e-01 8.196838833016482084e-01 8.884118169972021750e-02
