1.784894767447628428e-01 -6.398528665724922959e-01 1.431817481442246298e-01 -2.454136535664994401e-01 -8.675096344661085146e-01 6.145974642876849137e-01 -7.724710067960657289e-01 2.475402783238689619e-01 -9.992417268269242481e-01 -3.854702797152783078e-01
6.184714010021397090e-01 -4.508827996721058717e-01 1.107904557458116168e-01 -9.443027147656539722e-01 -5.676303344827808850e-01 -5.894634812386331246e-01 -1.113393470059383938e-01 -7.135776314415462895e-01 -2.832596170504187438e-01 9.405136368441778805e-01
1.571744865076029896e-01 -2.038008678712947275e-01 -4.322833478572541410e-01 -7.270322013199849165e-01 -4.967414224558084346e-01 4.024280152998043203e-01 1.424678022326997806e-01 7.538269731975234533e-01 2.910651192094922957e-01 3.651665310241231088e-01
2.423807745647900691e-01 -8.209399228036955432e-01 2.475809258908661104e-01 -7.871940357242325492e-02 -3.541156753972230509e-01 -1.736241737753509151e-01 9.892668970313928112e-01 -1.411426851033771857e-01 -2.116492774795322163e-01 9.561425899289273111e-01
2.542939154156052470e-02 -8.713079430681622828e-01 -2.517136432862183137e-01 2.820201796510624082e-01 -4.058723897729667462e-01 -1.679012109338856862e-01 2.828290798364598846e-01 -2.039448875513427406e-01 -9.208883156280746052e-01 -2.813883912481349170e-02
6.473712790700060227e-01 -8.703912958030703972e-01 -7.417569790259818940e-02 1.415947137973308789e-01 6.433421255092701685e-01 4.684714216436768885e-01 -5.075734063691184073e-01 -2.875478173216319822e-01 4.252146086578164064e-01 -9.734310600638993449e-01
-7.183347015570360483e-01 -4.419210605428643968e-01 3.173452348832876968e-01 8.696438720347248186e-01 -5.460987594541124590e-01 1.906959319554151211e-01 -6.953787813764649162e-01 -4.807149987962970883e-01 8.077932363184621156e-01 6.666876258862072246e-01
4.005789027327349427e-01 -5.182919129285108450e-01 -2.865460201993204614e-01 8.707236904527240196e-01 1.337151658956272637e-01 5.129088129779214578e-01 9.396844273590413410e-01 3.545444741898530761e-01 5.018374781511537597e-01 -7.564304158354221430e-01
-6.371366536827169913e-01 -9.356875011448383128e-02 -7.388557932237914405e-02 1.316119547317621541e-01 -5.451823196119571779e-01 -6.484442744399454561e-01 -4.878468295866862925e-01 -2.479445610781865483e-01 -2.122056433193109937e-01 -4.027138768177120909e-01
-4.305681743118431326e-01 4.482517030214412668e-02 -1.300499969541937251e-01 -6.086768582962165386e-02 1.076404948364941827e-01 -5.333172322219706940e-01 5.044464426520103295e-01 -1.746302811780027497e-01 -1.649601234507463432e-01 5.463238422120210158e-01
4.784165663199357321e-01 1.910191724745145259e-01 -1.487380835189843625e-02 3.950241548400384994e-01 5.739236692376791238e-01 -2.889279107543946679e-01 7.974129516187543620e-01 8.203203652099491094e-01 2.729082881299692565e-01 3.929544587091817753e-01
-2.083647819120700018e-01 1.085451348566708191e-01 9.594891192610753849e-01 5.103519627548516180e-01 4.756908308465472301e-01 2.407968786504015024e-01 -1.554842578929275243e-01 4.094062516786098893e-01 8.991620815642784592e-01 -9.056804736693004898e-01
3.198089602576922874e-01 -6.437436877126627710e-01 -8.867335080753793175e-01 5.732244168894602421e-01 -3.927218603386228302e-01 9.716409386834388151e-01 4.231390289143643207e-02 -3.854537479782783188e-02 -6.693889536090125159e-01 3.079308110964937284e-01
2.358384022845148587e-01 1.951811356873490444e-01 2.088638856692691947e-01 -2.961629080445600248e-01 -2.817853030255068614e-01 -8.912700868084297290e-02 5.611505352269816060e-02 -6.726361644191541922e-01 6.638438040475845847e-01 8.982368557862030478e-01
-9.207488077834489193e-01 -2.036325883409400017e-01 2.300221820074939139e-01 -7.456761091155565957e-01 -4.797418384131987290e-01 2.678126308880184880e-01 1.693797896142773818e-01 8.367041698396884275e-01 8.066417099405875923e-01 1.134043804815543788e-01
