1.631901439749342264e-01 -6.389265306758207252e-01 1.428789665378705220e-01 -2.262141306447546241e-01 -8.746341154383912020e-01 6.137975676779542367e-01 -7.752699817847578112e-01 2.523902718843508142e-01 -9.973048529110564164e-01 -3.947735331386216240e-01
5.911473757190194300e-01 -4.492246262676187762e-01 1.101818774350348806e-01 -9.098657855357672464e-01 -5.803942320058246285e-01 -5.908354342797943470e-01 -1.163974647583231603e-01 -7.047733321289286756e-01 -2.798431365330768528e-01 9.238715282845689769e-01
1.402968103216164497e-01 -2.021116451924734325e-01 -4.446135259644905524e-01 -6.797956427002125324e-01 -5.116487534990377117e-01 4.115624861951869273e-01 1.288991881614201807e-01 7.843638810480634271e-01 2.856487055780518869e-01 3.501539177913653433e-01
2.336821996623248965e-01 -8.193592407989703785e-01 2.284613794931307784e-01 -2.664853177942895848e-02 -3.692981406306063974e-01 -1.582577365991886253e-01 9.711214264030990639e-01 -9.860412159691561707e-02 -2.224778385721277174e-01 9.433513648761455705e-01
3.045550157928898771e-02 -8.707843746772305771e-01 -2.664967338629165017e-01 3.080385398748244352e-01 -4.122755137542200021e-01 -1.552113757446580145e-01 2.707459003580203194e-01 -1.742914828386086801e-01 -9.308950720850392990e-01 -3.097494963448950422e-02
6.333732428823949379e-01 -8.687357199073562075e-01 -8.897833570377744472e-02 1.907116442114229204e-01 6.282896885032651646e-01 4.798685590697822079e-01 -5.228251434727841929e-01 -2.526130635927667512e-01 4.178410277274169360e-01 -9.876940910406686314e-01
-7.298159394800980415e-01 -4.402310096792251271e-01 2.992332912119029520e-01 9.228985932239175405e-01 -5.619527042139534911e-01 2.050295425163108365e-01 -7.131048900496168574e-01 -4.395254498816802968e-01 7.979860438273560508e-01 6.526250530746717793e-01
3.904077072837431328e-01 -5.166191275784675074e-01 -3.057475597566311487e-01 9.247573828566060250e-01 1.178158920993403885e-01 5.282423865176576472e-01 9.212233707721774190e-01 3.976608282933931093e-01 4.911620734389026133e-01 -7.701380397883692552e-01
-6.320522476144530000e-01 -9.348417449666258927e-02 -8.083938455408898327e-02 1.405540172435846280e-01 -5.469591946510710123e-01 -6.422879428485396280e-01 -4.930800098572258316e-01 -2.347452101408318281e-01 -2.172909787694587147e-01 -4.024151741965769635e-01
-4.494972170708557146e-01 4.617998223072755648e-02 -1.341764347499732890e-01 -2.896397884230788103e-02 9.662152569636089927e-02 -5.311741001406793394e-01 4.977055041051771100e-01 -1.607524964858896843e-01 -1.649259811646985319e-01 5.333279806951615187e-01
4.686493298301239729e-01 1.926398133159585857e-01 -3.356965743026474325e-02 4.474698854070593423e-01 5.585049091916162167e-01 -2.739887969986247729e-01 7.794606286062749634e-01 8.622637228139873322e-01 2.624951054595170974e-01 3.796895260275928718e-01
-1.987163558244813832e-01 1.090128373102523252e-01 9.407706907792142692e-01 5.393161304317870552e-01 4.690744002846056193e-01 2.570908058238141058e-01 -1.702399714005958520e-01 4.460488619427886992e-01 8.860347553552468947e-01 -9.073001585272592040e-01
3.092024031076938129e-01 -6.421349777077756116e-01 -9.043179457045771308e-01 6.242733052993877374e-01 -4.078687453539588947e-01 9.855942628782774495e-01 2.519356603555104879e-02 1.295711712535251026e-03 -6.789856466052380801e-01 2.946021161354074325e-01
2.130809611149344640e-01 1.965817720486097431e-01 2.080048813182763801e-01 -2.667164626730162413e-01 -2.926228910648159820e-01 -8.997563495353866347e-02 5.159462766327653493e-02 -6.645639738836803811e-01 6.664675839910607635e-01 8.842366740295062311e-01
-9.184865832662739704e-01 -2.027102546909486380e-01 2.110242738182143418e-01 -7.071532670921807373e-01 -4.898761378901085317e-01 2.838316935747271508e-01 1.531563237889031481e-01 8.759681333941470305e-01 7.943655352747699405e-01 1.072404990155551713e-01
