1.610903552395816785e-01 -6.388740603349579716e-01 1.455511310514183421e-01 -2.268070167702888884e-01 -8.745446228521287502e-01 6.124435549131145295e-01 -7.732594788389136609e-01 2.494288782091765022e-01 -9.951737592758810313e-01 -3.949691732752985684e-01
5.886656444861321225e-01 -4.491831994659972738e-01 1.130927032350224348e-01 -9.112296722437864815e-01 -5.801965182605753890e-01 -5.926891907960751826e-01 -1.142480811703779214e-01 -7.086862186480160641e-01 -2.775506938989121264e-01 9.235393039084707212e-01
1.192338372879365865e-01 -2.017601929005397865e-01 -4.199104876951640919e-01 -6.913759267377084239e-01 -5.099700650293909066e-01 3.958274730232569372e-01 1.471398523618184517e-01 7.511514724974274193e-01 3.051035456564574755e-01 3.473335453453968436e-01
1.968087269595931998e-01 -8.186274809632068106e-01 2.731071570764099232e-01 -4.316879856182351954e-02 -3.668796439007331878e-01 -1.843697299946217005e-01 1.004337565588856007e+00 -1.544107408717718954e-01 -1.871391451201395162e-01 9.389854420273141544e-01
5.387945599628617480e-03 -8.703392786877919285e-01 -2.367747134285514143e-01 2.951206029952616605e-01 -4.103974599616060925e-01 -1.736077661431724428e-01 2.927500877725032757e-01 -2.132804953222845190e-01 -9.074465594755257714e-01 -3.419995093878942100e-02
6.038465622781812314e-01 -8.681396853892263676e-01 -5.310688750527697843e-02 1.778073924525608862e-01 6.301813311377272298e-01 4.590832128926334299e-01 -4.961161205036035415e-01 -2.970986040317720733e-01 4.462494392709219770e-01 -9.911407177192587126e-01
-7.662237305508455831e-01 -4.394838007874997676e-01 3.436119263302939708e-01 9.073822814762182443e-01 -5.596750172290679837e-01 1.795512877477142555e-01 -6.800362190698687748e-01 -4.941321768658776814e-01 8.331498232196543618e-01 6.484353942900277223e-01
3.555823496085606106e-01 -5.159725833325388145e-01 -2.641171904975759821e-01 9.077190495319142904e-01 1.202991027629243953e-01 5.030320618885462114e-01 9.521034921755561209e-01 3.440602190344714817e-01 5.240480079298123206e-01 -7.744801118495280301e-01
-6.479283372275362884e-01 -9.311115328741795261e-02 -6.092042838498748503e-02 1.353080179220260693e-01 -5.461767312012626441e-01 -6.528170972176583486e-01 -4.781400671262533986e-01 -2.576108966693935742e-01 -2.014386595680232317e-01 -4.040106211837613537e-01
-4.656877714283148562e-01 4.664008894876565947e-02 -1.129052485802525124e-01 -3.174674055989708948e-02 9.706356783504584140e-02 -5.409306618151307200e-01 5.138194162006892718e-01 -1.824729949732182277e-01 -1.478836857203609523e-01 5.320919058611954799e-01
4.323865323042764830e-01 1.933619115826721302e-01 1.036625428155725157e-02 4.313023723037819890e-01 5.608723778673153637e-01 -2.996380873065927486e-01 8.121537367831360710e-01 8.074306133324871126e-01 2.972755518276012920e-01 3.754079641293002201e-01
-2.349807818546067462e-01 1.097580023949726868e-01 9.849853707716332840e-01 5.238898607257170825e-01 4.713391055734016399e-01 2.317239399135292977e-01 -1.372916175228444946e-01 3.916751803004832055e-01 9.210699443364772643e-01 -9.114689115291495503e-01
2.850496837135548245e-01 -6.418482424313752821e-01 -8.773883898756680288e-01 6.072490218856587685e-01 -4.054245478956358673e-01 9.661196441274298996e-01 4.482896389829615913e-02 -3.912016208030991843e-02 -6.579549516855730529e-01 2.907976189258899002e-01
2.020816895357520626e-01 1.969538738226034591e-01 2.231710019058523453e-01 -2.666896815657099351e-01 -2.925884044675711171e-01 -9.587111089647724904e-02 6.319760561965104273e-02 -6.781265389475810146e-01 6.786997294715859663e-01 8.836889308495222695e-01
-9.549107004215633410e-01 -2.019781917179560293e-01 2.552367804391081907e-01 -7.231752005572388287e-01 -4.875282927251347598e-01 2.581514274489601357e-01 1.860692643813017522e-01 8.210264916361618148e-01 8.293749248903048432e-01 1.029730155078642934e-01
