1.608772305292989480e-01 -6.388006408741261355e-01 1.440599987388210268e-01 -2.240857383911656897e-01 -8.753640958069560662e-01 6.133766992504640081e-01 -7.746044665047535638e-01 2.520158252836803281e-01 -9.961285544372163736e-01 -3.956894494250925431e-01
5.887829386236569373e-01 -4.491521991051370954e-01 1.119388260966378973e-01 -9.097817369826746159e-01 -5.806400825854610703e-01 -5.920687063360953184e-01 -1.152449255984644150e-01 -7.070073661612052973e-01 -2.783473370720606632e-01 9.231505324276481073e-01
1.144687889699471522e-01 -2.010183041590836439e-01 -4.283730744082245856e-01 -6.676438282549405079e-01 -5.170216453572489268e-01 4.024034249847325273e-01 1.389530693128193939e-01 7.699023746713378191e-01 3.004129875752872825e-01 3.411217020822142620e-01
1.846258378453137783e-01 -8.168674392508090687e-01 2.552523296435791345e-01 1.186607092668658797e-02 -3.831952768644357743e-01 -1.697287979079831199e-01 9.867330980804591700e-01 -1.124120532831136277e-01 -1.965994539998734969e-01 9.246072835340364282e-01
-2.232983473979963801e-03 -8.692615378495576195e-01 -2.473010036408057055e-01 3.285885604637628910e-01 -4.203124312399483808e-01 -1.648183409804325761e-01 2.823031170867509876e-01 -1.880183362225901211e-01 -9.129340628163605809e-01 -4.293855117558708495e-02
6.112567141151810102e-01 -8.681452874237335360e-01 -7.169396937489545818e-02 1.882621182492805190e-01 6.267640916432917209e-01 4.670905592398466033e-01 -5.113140594037611786e-01 -2.763734845330534928e-01 4.322861689629255433e-01 -9.941050788654827164e-01
-7.771581981883035617e-01 -4.378069183296875999e-01 3.248990482553683057e-01 9.607870482375245880e-01 -5.755363992034202569e-01 1.942355567441454711e-01 -6.982011603789296528e-01 -4.522140421835958990e-01 8.228592980072555463e-01 6.344618419899510364e-01
3.407967629057814252e-01 -5.140919294374869386e-01 -2.787243274870311871e-01 9.639760520037344849e-01 1.036973799859864376e-01 5.167447831323246366e-01 9.369508848569509940e-01 3.839345659442390257e-01 5.172953432074395286e-01 -7.891216786250947468e-01
-6.541939186669030182e-01 -9.219793681923579842e-02 -7.032532525006635060e-02 1.639436855983696928e-01 -5.546684580017146038e-01 -6.451596998991807608e-01 -4.873894739960333289e-01 -2.356619812372080791e-01 -2.064528673847493279e-01 -4.114936036500442817e-01
-4.654150718439529766e-01 4.711453039050515074e-02 -1.267140883466747192e-01 -1.178238218838740387e-02 9.099157896700496573e-02 -5.330979161223150520e-01 5.017137388674846044e-01 -1.610871723286777524e-01 -1.571857566983458354e-01 5.267636808473620258e-01
4.214851845630484539e-01 1.950060201779820479e-01 -7.524138170715193377e-03 4.834029500166289184e-01 5.454059891179795505e-01 -2.854381264406015140e-01 7.947175228531017099e-01 8.480184650119576562e-01 2.875289694944878072e-01 3.617812623256171367e-01
-2.449554599404206168e-01 1.113531546716466092e-01 9.661049426134157292e-01 5.753072533882479522e-01 4.560499096904908067e-01 2.461588829442180604e-01 -1.554545154280848052e-01 4.327581119233179785e-01 9.104706649112132011e-01 -9.249357076513895493e-01
2.656104439991159860e-01 -6.399771914076787249e-01 -8.799598262951335848e-01 6.563990942977460108e-01 -4.197158327148076684e-01 9.745952879637642674e-01 3.954000597341343626e-02 -1.283150644266833548e-02 -6.556955977936074209e-01 2.781619781048214057e-01
2.032047266229563276e-01 1.972707250524864675e-01 2.115691015368199868e-01 -2.519998232829664397e-01 -2.970863461801200311e-01 -8.961204178548265453e-02 5.316585416904577588e-02 -6.611817037868904512e-01 6.707012477749794144e-01 8.797462994903464395e-01
-9.665503725918893618e-01 -2.002611883699597362e-01 2.371981163052652442e-01 -6.691323537310244207e-01 -5.035604077140820589e-01 2.727023675718721063e-01 1.683876502289821941e-01 8.626923332863498661e-01 8.196802705244392584e-01 8.884627418929402776e-02
