1.784383719286944392e-01 -6.398499232430847616e-01 1.431834500996068682e-01 -2.453554143683953637e-01 -8.675318384651433679e-01 6.145925267041872919e-01 -7.724779856814448786e-01 2.475507820895530287e-01 -9.992335486342749373e-01 -3.855002813638989667e-01
6.185580880066390286e-01 -4.508877923211206395e-01 1.107875687886668847e-01 -9.444015035299326843e-01 -5.675926707494516332e-01 -5.894551058181580760e-01 -1.113275090087632174e-01 -7.135954485486835086e-01 -2.832734893833518397e-01 9.405645274108416221e-01
1.572049893223205763e-01 -2.038026246495883709e-01 -4.322843636994716521e-01 -7.270669624169957546e-01 -4.967281696056730644e-01 4.024309623839769645e-01 1.424719677040590382e-01 7.538207038389160841e-01 2.910602379103447990e-01 3.651844380395377621e-01
2.425166025584012397e-01 -8.209477456775207127e-01 2.475764023801176050e-01 -7.887419355185328051e-02 -3.540566609075706528e-01 -1.736110505100432189e-01 9.892854457332883600e-01 -1.411706023434337876e-01 -2.116710137381547507e-01 9.562223292578335698e-01
2.547615935293530420e-02 -8.713106366122377322e-01 -2.517152008053409884e-01 2.819668829162124690e-01 -4.058520701139107234e-01 -1.678966923778780762e-01 2.828354664594853185e-01 -2.039544999160869954e-01 -9.208957997792883710e-01 -2.811138356286126128e-02
6.473960352870073987e-01 -8.703927216119691224e-01 -7.417652236455718473e-02 1.415665015399123483e-01 6.433528815800418910e-01 4.684738135100005030e-01 -5.075700256544585232e-01 -2.875529055603266992e-01 4.252106469742124029e-01 -9.734165266523583382e-01
-7.183355881270733212e-01 -4.419210094817734302e-01 3.173452644089324592e-01 8.696448823725365651e-01 -5.460991446506900937e-01 1.906958462978602664e-01 -6.953789024466721091e-01 -4.807148165762120118e-01 8.077933781943383851e-01 6.666871054154418497e-01
4.005648025171320015e-01 -5.182911008410712173e-01 -2.865455506166141308e-01 8.707397590997320025e-01 1.337090396398704917e-01 5.129074506602921968e-01 9.396825018303713861e-01 3.545473722603713074e-01 5.018397345780126750e-01 -7.564386935232515485e-01
-6.371266298979086917e-01 -9.356932742407754466e-02 -7.388591314677804556e-02 1.316005315972298140e-01 -5.451779644821410642e-01 -6.484433059739913574e-01 -4.878454607363386653e-01 -2.479466213045016798e-01 -2.122072474038091683e-01 -4.027079922437560300e-01
-4.307257310787802052e-01 4.483424462235809094e-02 -1.300447498051356121e-01 -6.068813367645455037e-02 1.075720396385274752e-01 -5.333324548516993335e-01 5.044249266638561879e-01 -1.745978979411737242e-01 -1.649349099837516264e-01 5.462313467659337674e-01
4.785080074760040270e-01 1.910139060150216894e-01 -1.487685363764060416e-02 3.949199482307044207e-01 5.739633985527865523e-01 -2.889190760030358462e-01 7.974254388439558916e-01 8.203015709641007236e-01 2.728936550004927852e-01 3.930081402532099588e-01
-2.089171319229760626e-01 1.085769468884012767e-01 9.595075142998655826e-01 5.109814224454001241e-01 4.754508460456494667e-01 2.407435123630618234e-01 -1.555596869368376656e-01 4.095197782605740633e-01 8.992504729361011639e-01 -9.060047368643904253e-01
3.198654976611631784e-01 -6.437469439263636684e-01 -8.867353909534627654e-01 5.731599866988372760e-01 -3.926972959912934935e-01 9.716464011461155570e-01 4.232162365219459266e-02 -3.855699514369992364e-02 -6.693980011668172470e-01 3.079640020057534122e-01
2.360478352223308041e-01 1.951690736123392611e-01 2.088569108762231008e-01 -2.964015784340329196e-01 -2.816943086905909777e-01 -8.910677394178766197e-02 5.614365373262091008e-02 -6.726792099611320630e-01 6.638102889497067283e-01 8.983598057133006520e-01
-9.211031590602133390e-01 -2.036121798429992580e-01 2.300339830491391346e-01 -7.452722893624769140e-01 -4.798957968071936309e-01 2.677783946036306761e-01 1.693313993228192094e-01 8.367770009947014254e-01 8.066984160052963482e-01 1.131963546375802931e-01
