1.597032408416078908e-01 -6.387030297417045643e-01 1.443301749677889656e-01 -2.217521490375778115e-01 -8.760344248835744141e-01 6.136442024052649602e-01 -7.745495778293891576e-01 2.529349224459404577e-01 -9.957072149015507856e-01 -3.962833601669779049e-01
5.841846156764193276e-01 -4.487698724843615095e-01 1.129970615875345724e-01 -9.006414544175553871e-01 -5.832656504311866108e-01 -5.910209408334877734e-01 -1.150299357581634763e-01 -7.034074149723037461e-01 -2.766970199732451952e-01 9.208242825281337529e-01
1.116006073745872823e-01 -2.007798297870773130e-01 -4.277130051626815144e-01 -6.619426214170405220e-01 -5.186593305435410750e-01 4.030569636259532795e-01 1.390871681810841864e-01 7.721478267334649370e-01 3.014423648468801398e-01 3.396707150105029993e-01
1.863342463290563189e-01 -8.170094845247031223e-01 2.548591648939106946e-01 8.470194548009388202e-03 -3.822198033203312861e-01 -1.701180727575677398e-01 9.866532232062272811e-01 -1.137495381058951510e-01 -1.972125940000066802e-01 9.254715519008380742e-01
3.609782861600262238e-03 -8.697473334612829676e-01 -2.486456292298026005e-01 3.169746447205784023e-01 -4.169763063968677796e-01 -1.661496630899192695e-01 2.820299445810754424e-01 -1.925925416139016300e-01 -9.150310049621452890e-01 -3.998274864562456621e-02
6.123392854820690623e-01 -8.682352975985733190e-01 -7.194310703986910027e-02 1.861102449894416200e-01 6.273822223409870613e-01 4.668438864973378788e-01 -5.113646739099522165e-01 -2.772210117998454848e-01 4.318976390449612568e-01 -9.935574158234701247e-01
-7.575441017238762065e-01 -4.394377283677942114e-01 3.203851562911257389e-01 9.217992724763481860e-01 -5.643370681449316750e-01 1.897663244009520633e-01 -6.991181972019018254e-01 -4.675695947832153032e-01 8.158198883910809940e-01 6.443844356078808344e-01
3.408351567977501717e-01 -5.140951216897804432e-01 -2.787331632690285277e-01 9.638997348277997812e-01 1.037193022757825211e-01 5.167360347699374579e-01 9.369490897901847637e-01 3.839045079995002108e-01 5.172815638150103368e-01 -7.891022555031524943e-01
-6.450688391373308184e-01 -9.295663969001734250e-02 -7.242532629963358004e-02 1.458053759827781515e-01 -5.494581855442470797e-01 -6.472389239226651325e-01 -4.878161076651570949e-01 -2.428058554883713860e-01 -2.097278167409598881e-01 -4.068773086263378080e-01
-4.745619716446132785e-01 4.787504750326258135e-02 -1.246090656869354024e-01 6.399300510321913327e-03 8.576884748853973173e-02 -5.310137201715506849e-01 5.021413927208474570e-01 -1.539262153471913919e-01 -1.539029761465253165e-01 5.221363471462924233e-01
4.388592032890171191e-01 1.935614609451900281e-01 -1.152250963054678168e-02 4.488678722786840214e-01 5.553262721083989106e-01 -2.893969387449140673e-01 7.939052185512637250e-01 8.344166323250816752e-01 2.812935135450897461e-01 3.705706209198684764e-01
-2.407300523884808030e-01 1.110018340251262697e-01 9.651325280426532593e-01 5.669082306530744964e-01 4.584625488919465419e-01 2.451960892652661761e-01 -1.556520699942214869e-01 4.294501100463865018e-01 9.089541854441458568e-01 -9.227981122702273442e-01
2.808524965810285101e-01 -6.412444887515564851e-01 -8.834675575226635935e-01 6.261018165576562877e-01 -4.110128678249735934e-01 9.711222615870823693e-01 3.882737954676970110e-02 -2.476425800082458425e-02 -6.611659008335637466e-01 2.858727943510721015e-01
1.968362881434185530e-01 1.978002275670850962e-01 2.130347027349019096e-01 -2.393410066079605658e-01 -3.007226212941592203e-01 -8.816094097744862912e-02 5.346360393290363472e-02 -6.561959583447112276e-01 6.729868512517532819e-01 8.765245641874817029e-01
-9.666830573658031778e-01 -2.002501563215758340e-01 2.372286517283897500e-01 -6.688686105490913025e-01 -5.036361685686376877e-01 2.727326008831082449e-01 1.683938537685511772e-01 8.627962100072937845e-01 8.197278904836406976e-01 8.877915016483435562e-02
