1.631830144332366561e-01 -6.389265077768218060e-01 1.428861738427211203e-01 -2.262211447421777211e-01 -8.746331182146275252e-01 6.137910589498070113e-01 -7.752648659159099287e-01 2.523771036418159253e-01 -9.972993235704906700e-01 -3.947749590599746172e-01
5.911076586237075103e-01 -4.492244987023751857e-01 1.102220277316227903e-01 -9.099048595166341347e-01 -5.803886766934422958e-01 -5.908716929605271062e-01 -1.163689653877809510e-01 -7.048466894870918376e-01 -2.798123338033117191e-01 9.238635847930114497e-01
1.403078592556162851e-01 -2.021116806799617971e-01 -4.446246954111379157e-01 -6.797847726747909824e-01 -5.116502989363205245e-01 4.115725730297651319e-01 1.288912598962314859e-01 7.843842883966467561e-01 2.856401365393163583e-01 3.501561275983328114e-01
2.336901043796945354e-01 -8.193592661877152628e-01 2.284533885576320589e-01 -2.664075505827566068e-02 -3.692992462797969333e-01 -1.582505201947376483e-01 9.711157542997496117e-01 -9.858952160719558488e-02 -2.224839691028499267e-01 9.433529458340478291e-01
3.056720727209857186e-02 -8.707847334588536548e-01 -2.666096579491730179e-01 3.081484367861995199e-01 -4.122911382608352993e-01 -1.551093969614714685e-01 2.706657449008790239e-01 -1.740851627527125467e-01 -9.309817058189974182e-01 -3.095260829203222430e-02
6.334144976279527661e-01 -8.687358524112975822e-01 -8.902004042203040535e-02 1.907522309443131503e-01 6.282839181165581488e-01 4.799062215079879512e-01 -5.228547461985386668e-01 -2.525368661991241326e-01 4.178090324677190548e-01 -9.876858400162551455e-01
-7.297817486351835248e-01 -4.402311194949966033e-01 2.991987274414880660e-01 9.229322304375536801e-01 -5.619574865582468437e-01 2.050607561516485100e-01 -7.131294240078712710e-01 -4.394622994917387060e-01 7.979595270000787721e-01 6.526318913060629168e-01
3.904081053533649537e-01 -5.166191288570063378e-01 -3.057479621680676551e-01 9.247577744805317579e-01 1.178158364205179054e-01 5.282427499248809610e-01 9.212230851336239423e-01 3.976615635268131443e-01 4.911617647146394039e-01 -7.701379601737183833e-01
-6.318336856667043921e-01 -9.348487648425493624e-02 -8.106033039506807536e-02 1.407690401524227253e-01 -5.469897653633825074e-01 -6.420884124493120293e-01 -4.932368410123341151e-01 -2.343415268665156592e-01 -2.174604852391683885e-01 -4.023714614080881602e-01
-4.496626503228904892e-01 4.618051357706430549e-02 -1.340091970886455042e-01 -2.912673333565623732e-02 9.664466518796416272e-02 -5.313251280902563378e-01 4.978242122713385509e-01 -1.610580512155673494e-01 -1.647976788375374591e-01 5.332948937427908209e-01
4.686803883773931756e-01 1.926397135606487121e-01 -3.360105473851836277e-02 4.475004410424153201e-01 5.585005649682820428e-01 -2.739604429122896034e-01 7.794383422572814801e-01 8.623210878593955409e-01 2.624710178964433926e-01 3.796957377937375533e-01
-1.987216980711015990e-01 1.090128544687324758e-01 9.407760912946487863e-01 5.393108746888736205e-01 4.690751475157051154e-01 2.570859287598425968e-01 -1.702361380219269971e-01 4.460389948290020556e-01 8.860388985529729089e-01 -9.073012269863344192e-01
3.092433731623192017e-01 -6.421351092973330843e-01 -9.043593626267240060e-01 6.243136119511701887e-01 -4.078744759203554726e-01 9.856316654153612911e-01 2.516416759241885820e-02 1.371383282863292141e-03 -6.790174210719047698e-01 2.946103102211147795e-01
2.130620047251466365e-01 1.965818329336382897e-01 2.080240444687092294e-01 -2.667351121136679049e-01 -2.926202395953143576e-01 -8.999294069253503670e-02 5.160822999679218898e-02 -6.645989862798343806e-01 6.664822856843083398e-01 8.842328827169476657e-01
-9.185000111059680172e-01 -2.027102115627785472e-01 2.110378481176945487e-01 -7.071664775031427652e-01 -4.898742597103591390e-01 2.838194349805733818e-01 1.531659590599624698e-01 8.759433322137472056e-01 7.943759492819921775e-01 1.072378134231066621e-01
