1.611202618796256925e-01 -6.388752341238365107e-01 1.455079475176267456e-01 -2.268123096662794380e-01 -8.745439928866977075e-01 6.124575894260066988e-01 -7.732928123713357360e-01 2.494625047558089448e-01 -9.952087992941635042e-01 -3.949684789930878459e-01
5.886890626821787986e-01 -4.491841185935902536e-01 1.130588886554229344e-01 -9.112338168108718994e-01 -5.801960249703246308e-01 -5.926782011638782599e-01 -1.142741827717628084e-01 -7.086598876037979444e-01 -2.775781317527269976e-01 9.235398475615490543e-01
1.194462470953574634e-01 -2.017685296534913741e-01 -4.202171957065933272e-01 -6.914135191592041263e-01 -5.099655907442255387e-01 3.959271521639526892e-01 1.469031032923136526e-01 7.513903026797521534e-01 3.048546763911550994e-01 3.473384764359661037e-01
1.967781307970421778e-01 -8.186262801116475085e-01 2.731513362425573299e-01 -4.316338363370540027e-02 -3.668802883905422085e-01 -1.843840880849034469e-01 1.004371667653644495e+00 -1.544451427064575388e-01 -1.871032972250371018e-01 9.389847317378484659e-01
5.376569987380190943e-03 -8.703388322127909582e-01 -2.367582876737622799e-01 2.951226162582819001e-01 -4.103976995820536877e-01 -1.736131044619044217e-01 2.927627668745069189e-01 -2.132932858783343211e-01 -9.074332312761501651e-01 -3.420021502346121123e-02
6.038673958749546378e-01 -8.681405030753375218e-01 -5.313697006650561216e-02 1.778037053094826681e-01 6.301817699849449061e-01 4.590929896305778746e-01 -4.961393413459480595e-01 -2.970751790695431716e-01 4.462250296545037243e-01 -9.911402340676147560e-01
-7.662432678613761983e-01 -4.394830339785976148e-01 3.436401371258983595e-01 9.073857392017408152e-01 -5.596754287707935704e-01 1.795421193277206284e-01 -6.800144430504613258e-01 -4.941541443046358340e-01 8.331727140464799675e-01 6.484349407316497560e-01
3.555464868416028379e-01 -5.159711757749880778e-01 -2.640654066460131344e-01 9.077253965469973540e-01 1.202983473352530752e-01 5.030152322993820535e-01 9.521434643256664332e-01 3.440198955142197978e-01 5.240900264249697127e-01 -7.744809444031378609e-01
-6.481996281245465674e-01 -9.310050554372920062e-02 -6.052869933748637049e-02 1.353560311558412721e-01 -5.461824457812565203e-01 -6.529444079281238045e-01 -4.778376899986990223e-01 -2.579159318049304983e-01 -2.011208024641448489e-01 -4.040169191979633978e-01
-4.656899413521498610e-01 4.664017411488466380e-02 -1.129021153302747493e-01 -3.174635652541012848e-02 9.706352212690202985e-02 -5.409316801115355844e-01 5.138218347681512421e-01 -1.824754348007922300e-01 -1.478811433361032490e-01 5.320918554864454419e-01
4.323428724744982077e-01 1.933636251627520175e-01 1.042929666050020077e-02 4.313100992479536600e-01 5.608714581991933734e-01 -2.996585758818052780e-01 8.122023994329460317e-01 8.073815229197947030e-01 2.973267057262469204e-01 3.754069505669911377e-01
-2.349937566507651343e-01 1.097585116354427154e-01 9.850041056595217892e-01 5.238921570133129313e-01 4.713388322671043240e-01 2.317178511337903979e-01 -1.372771559923021412e-01 3.916605916476815774e-01 9.210851462145195345e-01 -9.114692127388523968e-01
2.852245069575904957e-01 -6.418551039704606387e-01 -8.776408249688534280e-01 6.072180815578235302e-01 -4.054208653488795000e-01 9.662016847401054820e-01 4.463410829884992964e-02 -3.892359362730574146e-02 -6.581597827751973773e-01 2.908016774449405095e-01
2.019683944726627378e-01 1.969583204767531848e-01 2.233345937094832478e-01 -2.666696305340897633e-01 -2.925907909601075940e-01 -9.592427771900273459e-02 6.332388274918461513e-02 -6.782539261002866748e-01 6.788324712665896321e-01 8.836863007062915054e-01
-9.549105952387031415e-01 -2.019781958462188720e-01 2.552366285608767549e-01 -7.231752191725676626e-01 -4.875282905095209007e-01 2.581514768089084866e-01 1.860691471459227364e-01 8.210266099020836483e-01 8.293748016531461431e-01 1.029730179496828602e-01
