1.608951552611810887e-01 -6.388021312222916803e-01 1.440558736289363762e-01 -2.241213681449229778e-01 -8.753538610756826932e-01 6.133726149536616878e-01 -7.746053045570802098e-01 2.520017923067471854e-01 -9.961349875416015687e-01 -3.956803814657042784e-01
5.888088035464227321e-01 -4.491543496388493151e-01 1.119328736701654392e-01 -9.098331497923699551e-01 -5.806253141339353663e-01 -5.920745998703494939e-01 -1.152461348862153234e-01 -7.070276153826127175e-01 -2.783566198746801335e-01 9.231636172576340726e-01
1.146555844759136328e-01 -2.010338352332147194e-01 -4.284160626098411084e-01 -6.680151296459082566e-01 -5.169149881520419543e-01 4.023608621005159147e-01 1.389443358818582830e-01 7.697561355507929193e-01 3.003459475215512486e-01 3.412162002355563217e-01
1.846080937617582129e-01 -8.168659639226116820e-01 2.552564131799438529e-01 1.190134159806355285e-02 -3.832054084484436962e-01 -1.697247547733798656e-01 9.867339276867599374e-01 -1.123981617327756283e-01 -1.965930857293473610e-01 9.245983069629991613e-01
-2.417017830422432678e-03 -8.692462363506389122e-01 -2.472586508765987623e-01 3.289543734001040831e-01 -4.204175118735464234e-01 -1.647764072467240992e-01 2.823117214230178029e-01 -1.878742587604640968e-01 -9.128680137265746675e-01 -4.303165248841216151e-02
6.112401260826517690e-01 -8.681439082151622966e-01 -7.169015188644412007e-02 1.882950909887458613e-01 6.267546201456757338e-01 4.670943389587657868e-01 -5.113132838474322428e-01 -2.763604980359956609e-01 4.322921223320196349e-01 -9.941134706007842547e-01
-7.772093039766678757e-01 -4.378026691493686617e-01 3.249108094908573774e-01 9.608886333918783551e-01 -5.755655797799477114e-01 1.942472016161229664e-01 -6.981987709805762554e-01 -4.521740323048437649e-01 8.228776396412281757e-01 6.344359880348436898e-01
3.407958825030211192e-01 -5.140918562365794919e-01 -2.787241248754578349e-01 9.639778020178358942e-01 1.036968772902851221e-01 5.167449837392962264e-01 9.369509260192727673e-01 3.839352551970384164e-01 5.172956591799682258e-01 -7.891221240128711845e-01
-6.547270481667034625e-01 -9.215360987603643528e-02 -7.020263344168178876e-02 1.650034098343336753e-01 -5.549728663019459773e-01 -6.450382219810957274e-01 -4.873645480768804550e-01 -2.352446029454553778e-01 -2.062615296428162159e-01 -4.117633090316734634e-01
-4.651935121851790700e-01 4.709610885800054325e-02 -1.267650769999197902e-01 -1.222278576801008945e-02 9.111808593979948967e-02 -5.331484003031559116e-01 5.017033800744630234e-01 -1.612606277310423830e-01 -1.572652734477081038e-01 5.268757658705048863e-01
4.213905839501408401e-01 1.950138857265899528e-01 -7.502367249623283219e-03 4.835909916880666848e-01 5.453519737018623914e-01 -2.854165709170188303e-01 7.947219458070556852e-01 8.480925262714243962e-01 2.875629212222874931e-01 3.617334047330131863e-01
-2.449957068628693668e-01 1.113565009937803468e-01 9.661142048427596718e-01 5.753872539118691787e-01 4.560269293503356192e-01 2.461680535347598175e-01 -1.554526337247922885e-01 4.327896205750550451e-01 9.104851093478162349e-01 -9.249560682046557014e-01
2.655557948292717740e-01 -6.399726476136315956e-01 -8.799472496032090252e-01 6.565077227825342199e-01 -4.197470365047077934e-01 9.746077402242004917e-01 3.954256103890844282e-02 -1.278872250900152732e-02 -6.556759844562092265e-01 2.781343315851407816e-01
2.033324085360493361e-01 1.972601089659420381e-01 2.115397174475485420e-01 -2.522536220651563910e-01 -2.970134418779767360e-01 -8.964113515395215337e-02 5.315988453306758760e-02 -6.612816638506168188e-01 6.706554233196715398e-01 8.798108926128631602e-01
-9.665400565506462316e-01 -2.002620460950985670e-01 2.371957422221278866e-01 -6.691528593660130975e-01 -5.035545174217963549e-01 2.727000169774788652e-01 1.683871679131281607e-01 8.626842570278173694e-01 8.196765681443647367e-01 8.885149298105371463e-02
