1.783893808052331442e-01 -6.398471016496325436e-01 1.431850816622006195e-01 -2.452995839405784084e-01 -8.675531241079016409e-01 6.145877933388933512e-01 -7.724846759204776481e-01 2.475608514200198229e-01 -9.992257086912598174e-01 -3.855290421458505423e-01
6.186400662015246743e-01 -4.508925137710806386e-01 1.107848386500861065e-01 -9.444949261209810709e-01 -5.675570528977468276e-01 -5.894471853477725176e-01 -1.113163140477066160e-01 -7.136122978364126679e-01 -2.832866081757161036e-01 9.406126536186382170e-01
1.572347997732121139e-01 -2.038043415518983881e-01 -4.322853564837382812e-01 -7.271009344941620212e-01 -4.967152175734821928e-01 4.024338425741762482e-01 1.424760386260557343e-01 7.538145767844584011e-01 2.910554674086757165e-01 3.652019385950954211e-01
2.426425924440919479e-01 -8.209550019356218753e-01 2.475722065101281233e-01 -7.901777199467623081e-02 -3.540019208749181634e-01 -1.735988777711839626e-01 9.893026509409146296e-01 -1.411964975200466488e-01 -2.116911756257479349e-01 9.562962930164584652e-01
2.551964267834223518e-02 -8.713131409897162394e-01 -2.517166489404759067e-01 2.819173291911934998e-01 -4.058331774969393679e-01 -1.678924911583753454e-01 2.828414045523552911e-01 -2.039634372080366964e-01 -9.209027583213508228e-01 -2.808585619479538747e-02
6.474199495849979336e-01 -8.703940989314069565e-01 -7.417731878789471378e-02 1.415392487358649587e-01 6.433632718541951734e-01 4.684761240328083054e-01 -5.075667599124514817e-01 -2.875578207562302646e-01 4.252068200210779025e-01 -9.734024874987028397e-01
-7.183381435975623175e-01 -4.419208623020745574e-01 3.173453495143508385e-01 8.696477945941920584e-01 -5.461002549504354597e-01 1.906955993964939144e-01 -6.953792514223069432e-01 -4.807142913407196350e-01 8.077937871407269155e-01 6.666856051981713271e-01
4.005501450942307029e-01 -5.182902566618492468e-01 -2.865450624771056498e-01 8.707564627418095116e-01 1.337026712889205493e-01 5.129060345070799443e-01 9.396805002093452375e-01 3.545503848558081428e-01 5.018420801735445913e-01 -7.564472983258005989e-01
-6.371178105927095547e-01 -9.356983536290491843e-02 -7.388620685811694844e-02 1.315904810911884548e-01 -5.451741326741198490e-01 -6.484424538809957506e-01 -4.878442563700021162e-01 -2.479484339695778028e-01 -2.122086587380531963e-01 -4.027028147729025398e-01
-4.308772784273051659e-01 4.484297283628902592e-02 -1.300397027891138368e-01 -6.051542987411464430e-02 1.075061954101501210e-01 -5.333470968706860438e-01 5.044042313232557362e-01 -1.745667498427866948e-01 -1.649106581909251246e-01 5.461423792155222223e-01
4.785928136337534999e-01 1.910090216914442363e-01 -1.487967795651568177e-02 3.948233028848918691e-01 5.740002450966094072e-01 -2.889108823039441831e-01 7.974370199922684588e-01 8.202841404344932696e-01 2.728800836553774145e-01 3.930579266479454770e-01
-2.094232185535750135e-01 1.086060944282457308e-01 9.595243686187164833e-01 5.115581602522212279e-01 4.752309617388092433e-01 2.406946158952170678e-01 -1.556287982429443717e-01 4.096237961554147211e-01 8.993314608797174925e-01 -9.063018406293764651e-01
3.199197252250355894e-01 -6.437500671072244884e-01 -8.867371969064296033e-01 5.730981888081876363e-01 -3.926737352221034705e-01 9.716516404394950346e-01 4.232902898072850306e-02 -3.856814073952344324e-02 -6.694066790860109251e-01 3.079958368980789674e-01
2.362487565987899663e-01 1.951575017519662503e-01 2.088502195456523047e-01 -2.966305490232488129e-01 -2.816070124552807474e-01 -8.908736156250443572e-02 5.617109160177666261e-02 -6.727205060897870625e-01 6.637781359384944402e-01 8.984777588339779575e-01
-9.214607694822459782e-01 -2.035915836379332267e-01 2.300458926308449337e-01 -7.448647554779018742e-01 -4.800511712332567460e-01 2.677438434310751569e-01 1.692825639617372424e-01 8.368505020141393524e-01 8.067556436239392559e-01 1.129864154762583867e-01
