1.631763759989134643e-01 -6.389264864551846834e-01 1.428928846836036715e-01 -2.262276756844254777e-01 -8.746321896830693277e-01 6.137849985652598095e-01 -7.752601024457188572e-01 2.523648424731563256e-01 -9.972941751099370089e-01 -3.947762867589563185e-01
5.910699302358357610e-01 -4.492243775245560733e-01 1.102601676295921346e-01 -9.099419769919747658e-01 -5.803833995456886274e-01 -5.909061361029488424e-01 -1.163418930327289880e-01 -7.049163737084653825e-01 -2.797830734224363569e-01 9.238560390465717642e-01
1.403198875391281075e-01 -2.021117193129711997e-01 -4.446368548892328798e-01 -6.797729391578605229e-01 -5.116519813572479869e-01 4.115835539358004835e-01 1.288826288897065298e-01 7.844065046008967812e-01 2.856308079627011276e-01 3.501585332769902581e-01
2.336974509456792304e-01 -8.193592897837630451e-01 2.284459618613726151e-01 -2.663352745070593844e-02 -3.693002738591972256e-01 -1.582438133399581282e-01 9.711104827031091791e-01 -9.857595252144102371e-02 -2.224896667573473541e-01 9.433544151606544359e-01
3.067437949105044498e-02 -8.707850776796510761e-01 -2.667179991141828688e-01 3.082538736314648364e-01 -4.123061286610724685e-01 -1.550115568943699063e-01 2.705888424800007575e-01 -1.738872159796907013e-01 -9.310648236017249335e-01 -3.093117365262139373e-02
6.334539880502467746e-01 -8.687359792485020993e-01 -8.905996157323825546e-02 1.907910819225385746e-01 6.282783945094003730e-01 4.799422732535326142e-01 -5.228830829177519846e-01 -2.524639275053580656e-01 4.177784055349920145e-01 -9.876779418597149141e-01
-7.297508306484667973e-01 -4.402312187988474124e-01 2.991674722269053177e-01 9.229626477883675628e-01 -5.619618111210854527e-01 2.050889819169129935e-01 -7.131516094963350483e-01 -4.394051940612571650e-01 7.979355484492245409e-01 6.526380749598406084e-01
3.904084796240272492e-01 -5.166191300591065350e-01 -3.057483405209652783e-01 9.247581426908598745e-01 1.178157840705051917e-01 5.282430916054682291e-01 9.212228165722348150e-01 3.976622548036250482e-01 4.911614744477409422e-01 -7.701378853189027041e-01
-6.316167308935159985e-01 -9.348557330984806624e-02 -8.127965153175403801e-02 1.409824819106876015e-01 -5.470201112768595664e-01 -6.418903492779570730e-01 -4.933925189244128262e-01 -2.339408120388828394e-01 -2.176287452591244287e-01 -4.023280700574449198e-01
-4.498166442441047796e-01 4.618100818201773677e-02 -1.338535235289118608e-01 -2.927823372821749745e-02 9.666620463667270624e-02 -5.314657128027143740e-01 4.979347120394475579e-01 -1.613424775348827611e-01 -1.646782483227078875e-01 5.332640946774642732e-01
4.687086459746183098e-01 1.926396228015625767e-01 -3.362962054627802871e-02 4.475282410817850165e-01 5.584966125196316744e-01 -2.739346458798526118e-01 7.794180657560009218e-01 8.623732795583151090e-01 2.624491026198023103e-01 3.797013893647609439e-01
-1.987247004037542841e-01 1.090128641117663749e-01 9.407791263742666388e-01 5.393079209711431066e-01 4.690755674581916224e-01 2.570831878589722730e-01 -1.702339836702533027e-01 4.460334495294276946e-01 8.860412270223798625e-01 -9.073018274583450893e-01
3.092824090937735804e-01 -6.421352346747825068e-01 -9.043988243298815011e-01 6.243520157978460494e-01 -4.078799359569382221e-01 9.856673022454113253e-01 2.513615699732774794e-02 1.443482533386053479e-03 -6.790476955226992795e-01 2.946181174786575707e-01
2.130437606385688076e-01 1.965818915308577275e-01 2.080424875467168644e-01 -2.667530607849963875e-01 -2.926176877571380341e-01 -9.000959615299332361e-02 5.162132121052525474e-02 -6.646326830540555397e-01 6.664964349483533113e-01 8.842292338663313433e-01
-9.185138115745291598e-01 -2.027101672377814578e-01 2.110517991103699476e-01 -7.071800545092223889e-01 -4.898723294102383385e-01 2.838068362046660686e-01 1.531758617143256229e-01 8.759178427889261487e-01 7.943866522828130217e-01 1.072350533042045473e-01
