1.611486045965979386e-01 -6.388763465311789735e-01 1.454670222022347026e-01 -2.268173257781797847e-01 -8.745433958643679118e-01 6.124708900250095400e-01 -7.733244027764676343e-01 2.494943728524107729e-01 -9.952420069470266917e-01 -3.949678210173283022e-01
5.887112988344096465e-01 -4.491849913278109230e-01 1.130267808817030650e-01 -9.112377521790983037e-01 -5.801955565791176994e-01 -5.926677662382330292e-01 -1.142989668832590372e-01 -7.086348856306972088e-01 -2.776041846687200554e-01 9.235403637734974636e-01
1.196554086944817269e-01 -2.017767389193441951e-01 -4.205192134849327634e-01 -6.914505367107496303e-01 -5.099611848806192560e-01 3.960253069936209291e-01 1.466699746314007180e-01 7.516254806287402390e-01 3.046096128786197621e-01 3.473433321194273615e-01
1.967493297924907958e-01 -8.186251497172338798e-01 2.731929232998612234e-01 -4.315828641378066655e-02 -3.668808950664249058e-01 -1.843976037479498620e-01 1.004403768859851054e+00 -1.544775260942665152e-01 -1.870695526210110482e-01 9.389840631229495749e-01
5.367393204685599883e-03 -8.703384720384131912e-01 -2.367450369072098548e-01 2.951242403710628293e-01 -4.103978928854758457e-01 -1.736174109194284776e-01 2.927729951911292594e-01 -2.133036041056832199e-01 -9.074224793283245383e-01 -3.420042806233710569e-02
6.038893376244643951e-01 -8.681413642547115561e-01 -5.316865273898267741e-02 1.777998220448352429e-01 6.301822321747351241e-01 4.591032863996539204e-01 -4.961637973201934448e-01 -2.970505081181423201e-01 4.461993216745085422e-01 -9.911397246902210467e-01
-7.662611358679741747e-01 -4.394823326872657754e-01 3.436659375389697346e-01 9.073889014928019359e-01 -5.596758051496332209e-01 1.795337342744819931e-01 -6.799945276144117035e-01 -4.941742348048128175e-01 8.331936490387407135e-01 6.484345259261382610e-01
3.555116507945176307e-01 -5.159698085145876245e-01 -2.640151053211482468e-01 9.077315618525506613e-01 1.202976135348199083e-01 5.029988845267397979e-01 9.521822921078333390e-01 3.439807264213334270e-01 5.241308419671021346e-01 -7.744817531214609474e-01
-6.484682749788892586e-01 -9.308996157458260257e-02 -6.014078814132904627e-02 1.354035764453199453e-01 -5.461881046660777006e-01 -6.530704778488899409e-01 -4.775382598849801652e-01 -2.582179940212787073e-01 -2.008060432443241339e-01 -4.040231558307535997e-01
-4.656977237663168512e-01 4.664047956247705656e-02 -1.128908779547398988e-01 -3.174497918884939401e-02 9.706335819501639428e-02 -5.409353322233005912e-01 5.138305089406619564e-01 -1.824841852225217997e-01 -1.478720250956626070e-01 5.320916748178144973e-01
4.323023898700403267e-01 1.933652140417039811e-01 1.048775130184431692e-02 4.313172638847870832e-01 5.608706054574165156e-01 -2.996775734567030391e-01 8.122475207908198547e-01 8.073360049283183626e-01 2.973741370391005390e-01 3.754060107639213828e-01
-2.350068657805969019e-01 1.097590261482994656e-01 9.850230345178032643e-01 5.238944770753668490e-01 4.713385561311487781e-01 2.317116993142827874e-01 -1.372625447352826544e-01 3.916458519522510451e-01 9.211005054841765460e-01 -9.114695170671095470e-01
2.853941036364537887e-01 -6.418617603750318423e-01 -8.778857131910630107e-01 6.071880662307842513e-01 -4.054172928965829037e-01 9.662812726434101274e-01 4.444507815754179109e-02 -3.873290184039429596e-02 -6.583584901766066366e-01 2.908056146293571675e-01
2.018534666920563103e-01 1.969628312125135949e-01 2.235005430668871307e-01 -2.666492905430951077e-01 -2.925932118448590913e-01 -9.597821073910206557e-02 6.345197968335732075e-02 -6.783831490543945630e-01 6.789671260298024702e-01 8.836836326595474134e-01
-9.549104096777621953e-01 -2.019782031291957880e-01 2.552363606211432434e-01 -7.231752520132599393e-01 -4.875282866007910054e-01 2.581515638884805952e-01 1.860689403222329785e-01 8.210268185438309718e-01 8.293745842412685310e-01 1.029730222574773840e-01
