1.609120870355628397e-01 -6.388035390112088985e-01 1.440519770334209582e-01 -2.241550241547234923e-01 -8.753441933070422731e-01 6.133687569103491999e-01 -7.746060961847044402e-01 2.519885366998628196e-01 -9.961410642780762492e-01 -3.956718158345152170e-01
5.888331759237441787e-01 -4.491563760751758894e-01 1.119272647307814339e-01 -9.098815958058531495e-01 -5.806113979016581661e-01 -5.920801533159136820e-01 -1.152472743915454595e-01 -7.070466961148104135e-01 -2.783653670095582178e-01 9.231759470224081277e-01
1.148389842580407605e-01 -2.010490839705818544e-01 -4.284582693362273265e-01 -6.683796812118286690e-01 -5.168102698500889325e-01 4.023190729597566628e-01 1.389357612144581922e-01 7.696125548864314325e-01 3.002801261775882025e-01 3.413089805229870821e-01
1.845914943921431461e-01 -8.168645837714207936e-01 2.552602332774565608e-01 1.193433687273769139e-02 -3.832148864193519744e-01 -1.697209724712128998e-01 9.867347037731426518e-01 -1.123851663601003331e-01 -1.965871282914249674e-01 9.245899094923686334e-01
-2.595383395061774678e-03 -8.692314061822549176e-01 -2.472176027003351595e-01 3.293089182372974100e-01 -4.205193557189386144e-01 -1.647357651936046108e-01 2.823200607207785318e-01 -1.877346193019375498e-01 -9.128039991402697728e-01 -4.312188601084632200e-02
6.112254628288111835e-01 -8.681426890419213782e-01 -7.168677735712025711e-02 1.883242377635514497e-01 6.267462476654825920e-01 4.670976801011140767e-01 -5.113125982821429272e-01 -2.763490184164251739e-01 4.322973849068354468e-01 -9.941208886079935247e-01
-7.772556717890879430e-01 -4.377988139070904117e-01 3.249214803517997963e-01 9.609808006694507965e-01 -5.755920550490325471e-01 1.942577669015199682e-01 -6.981966031013946417e-01 -4.521377317093084880e-01 8.228942808372793349e-01 6.344125309788212208e-01
3.407950399818386322e-01 -5.140917861853281368e-01 -2.787239309817649557e-01 9.639794767331101299e-01 1.036963962243505344e-01 5.167451757146404034e-01 9.369509654104805074e-01 3.839359147929753413e-01 5.172959615569716618e-01 -7.891225502367007483e-01
-6.552522049946306604e-01 -9.210994581900902589e-02 -7.008177642490068249e-02 1.660472864505116442e-01 -5.552727223358066011e-01 -6.449185607015216481e-01 -4.873399949117668828e-01 -2.348334663270080502e-01 -2.060730532563961326e-01 -4.120289811108667211e-01
-4.649856747482923325e-01 4.707882825682761091e-02 -1.268129076883194872e-01 -1.263591310216051825e-02 9.123675774638838332e-02 -5.331957577634776069e-01 5.016936628497535855e-01 -1.614233402322311495e-01 -1.573398653543235937e-01 5.269809089459740470e-01
4.213038486697827101e-01 1.950210973137320170e-01 -7.482406417589300418e-03 4.837633991026686342e-01 5.453024492631025621e-01 -2.853968075738041454e-01 7.947260010255096097e-01 8.481604298917719831e-01 2.875940501181671327e-01 3.616895261408541451e-01
-2.450379999085554317e-01 1.113600174404120874e-01 9.661239379568703489e-01 5.754713216018825239e-01 4.560027807069877981e-01 2.461776903512206127e-01 -1.554506563571210198e-01 4.328227311029250179e-01 9.105002881287016514e-01 -9.249774638731214083e-01
2.655026551765974907e-01 -6.399682293280806178e-01 -8.799350203041625962e-01 6.566133507356877175e-01 -4.197773783847791873e-01 9.746198485288001256e-01 3.954504552848718546e-02 -1.274712035142849462e-02 -6.556569128776272848e-01 2.781074487165141051e-01
2.034560130856376825e-01 1.972498318909521320e-01 2.115112717027168854e-01 -2.524993160980756324e-01 -2.969428656842843517e-01 -8.966929946179004463e-02 5.315410553000899513e-02 -6.613784318137090334e-01 6.706110622114984654e-01 8.798734230341404006e-01
-9.665295222409692188e-01 -2.002629219681216766e-01 2.371933179077636844e-01 -6.691737988624730793e-01 -5.035485025017739646e-01 2.726976166488373488e-01 1.683866753923589366e-01 8.626760098905281726e-01 8.196727874287466076e-01 8.885682219283561056e-02
