1.783424292097020303e-01 -6.398443975206974388e-01 1.431866453019290664e-01 -2.452460777647655354e-01 -8.675735236174206833e-01 6.145832570262497185e-01 -7.724910876411096305e-01 2.475705015586152080e-01 -9.992181951294669684e-01 -3.855566056003284503e-01
6.187176721136963264e-01 -4.508969834039071589e-01 1.107822541226369112e-01 -9.445833660458399228e-01 -5.675233347136003914e-01 -5.894396873133261883e-01 -1.113057161665781669e-01 -7.136282484723773800e-01 -2.832990272811799493e-01 9.406582130294135480e-01
1.572640230637431524e-01 -2.038060246373103457e-01 -4.322863297136690930e-01 -7.271342374416613907e-01 -4.967025206504783186e-01 4.024366660348238645e-01 1.424800293652992156e-01 7.538085704112851282e-01 2.910507908690030399e-01 3.652190944516565674e-01
2.427596859921074823e-01 -8.209617458182892902e-01 2.475683069169076767e-01 -7.915121214502252034e-02 -3.539510461193246527e-01 -1.735875645679511581e-01 9.893186412626316928e-01 -1.412205641988079075e-01 -2.117099138517573864e-01 9.563650340814611184e-01
2.555983001026090190e-02 -8.713154555378341826e-01 -2.517179873083856267e-01 2.818715315900094387e-01 -4.058157169218353788e-01 -1.678886083871972135e-01 2.828468925436001258e-01 -2.039716970620077396e-01 -9.209091894127386935e-01 -2.806226377623326912e-02
6.474430553884911177e-01 -8.703954296864343521e-01 -7.417808828575503388e-02 1.415129172945152336e-01 6.433733108539985146e-01 4.684783564414696233e-01 -5.075636045786380279e-01 -2.875625697792090207e-01 4.252031224495607664e-01 -9.733889229807017873e-01
-7.183422853911012318e-01 -4.419206237597284037e-01 3.173454874494487377e-01 8.696525145942425317e-01 -5.461020544751539196e-01 1.906951992296798681e-01 -6.953798170265805823e-01 -4.807134400622650738e-01 8.077944499429455805e-01 6.666831737123746215e-01
4.005349115222343048e-01 -5.182893792999118121e-01 -2.865445551499720134e-01 8.707738229650836548e-01 1.336960526129536420e-01 5.129045626881891806e-01 9.396784199092668155e-01 3.545535158693425282e-01 5.018445179689641211e-01 -7.564562413630606663e-01
-6.371104670720729723e-01 -9.357025830543572176e-02 -7.388645142106489705e-02 1.315821123935580761e-01 -5.451709420643560122e-01 -6.484417443735736031e-01 -4.878432535371431955e-01 -2.479499433110840811e-01 -2.122098339057009730e-01 -4.026985036777313565e-01
-4.310228573523292583e-01 4.485135730499675150e-02 -1.300348545408654688e-01 -6.034952770468091088e-02 1.074429443399102513e-01 -5.333611622397274044e-01 5.043843510319345746e-01 -1.745368284570029127e-01 -1.648873615119402780e-01 5.460569154942693793e-01
4.786716792510185003e-01 1.910044795071963175e-01 -1.488230443621181565e-02 3.947334273964183127e-01 5.740345105968960304e-01 -2.889032625608300431e-01 7.974477898990127711e-01 8.202679308865873375e-01 2.728674629620451708e-01 3.931042255825560328e-01
-2.098859576078276057e-01 1.086327454089393990e-01 9.595397793233143569e-01 5.120854990340505397e-01 4.750299110687454252e-01 2.406499075312359959e-01 -1.556919899941039132e-01 4.097189046593223138e-01 8.994055120048984886e-01 -9.065734967192871085e-01
3.199719417915177777e-01 -6.437530744667555593e-01 -8.867389358866902827e-01 5.730386826560550650e-01 -3.926510481902154015e-01 9.716566854367536532e-01 4.233615968699853960e-02 -3.857887300746512538e-02 -6.694150351896627216e-01 3.080264912121005727e-01
2.364413663678856248e-01 1.951464085900850298e-01 2.088438050184432404e-01 -2.968500476803642707e-01 -2.815233274436491628e-01 -8.906875222407946435e-02 5.619739443592851325e-02 -6.727600939024177551e-01 6.637473130157450774e-01 8.985908325334426294e-01
-9.218208465829345055e-01 -2.035708453670427576e-01 2.300578843609143720e-01 -7.444544105591044403e-01 -4.802076173808268456e-01 2.677090539359355259e-01 1.692333917504534879e-01 8.369245100193490883e-01 8.068132659798066264e-01 1.127750282238956098e-01
