-9.395096535523601577e-01 -3.000905250587879158e-01
3.125270310916754557e-01 2.250255843661961574e-01
3.671065532376869278e-01 -4.046777235577174725e-01
5.651874975018256198e-01 8.657589620370154115e-01
-4.110121139649820510e-01 -4.986255467857282908e-01
-3.938122672711964478e-01 2.799682412150914512e-01
2.002815239938608161e-01 -4.587236421557417954e-01
-3.152502166681557805e-01 6.811207820347544573e-01
7.937730054633227450e-01 -5.045587820614112484e-01
-4.923297949631926795e-01 -4.217549922325118938e-01
