1.631702018375446595e-01 -6.389264666247214119e-01 1.428991261876258745e-01 -2.262337498714046546e-01 -8.746313260903308962e-01 6.137793620265323824e-01 -7.752556721188972322e-01 2.523534388152772201e-01 -9.972893867178685978e-01 -3.947775216024997369e-01
5.910340382577758955e-01 -4.492242622450047795e-01 1.102964510877078863e-01 -9.099772877933557380e-01 -5.803783792603788294e-01 -5.909389027431857233e-01 -1.163161384105899226e-01 -7.049826660863204308e-01 -2.797552372755018890e-01 9.238488605854464630e-01
1.403333393214213631e-01 -2.021117625180412491e-01 -4.446504533924585112e-01 -6.797597051919870292e-01 -5.116538628858983140e-01 4.115958343877224590e-01 1.288729764384127507e-01 7.844313500032070730e-01 2.856203753867137540e-01 3.501612236580023407e-01
2.337042934314791098e-01 -8.193593117607822496e-01 2.284390447433883864e-01 -2.662679576106129556e-02 -3.693012309318580710e-01 -1.582375666719657292e-01 9.711055728138862086e-01 -9.856331447030447501e-02 -2.224949734707250826e-01 9.433557836703039268e-01
3.077713229429901443e-02 -8.707854077059603570e-01 -2.668218726601526702e-01 3.083549626219014850e-01 -4.123205009084818240e-01 -1.549177514169520209e-01 2.705151112518978107e-01 -1.736974318544675655e-01 -9.311445138914156150e-01 -3.091062290441794549e-02
6.334917719377844980e-01 -8.687361006045776213e-01 -8.909815757621812604e-02 1.908282539988733206e-01 6.282731095987934555e-01 4.799767670629191407e-01 -5.229101950971045687e-01 -2.523941407762647637e-01 4.177491021111599534e-01 -9.876703850132407814e-01
-7.297228144579499531e-01 -4.402313087825721061e-01 2.991391504589190342e-01 9.229902103299789662e-01 -5.619657298036795368e-01 2.051145585634255308e-01 -7.131717127739903850e-01 -4.393534482398175900e-01 7.979138203963858089e-01 6.526436782490816491e-01
3.904088304466745152e-01 -5.166191311858953084e-01 -3.057486951700962297e-01 9.247584878328523050e-01 1.178157350002149023e-01 5.282434118798050582e-01 9.212225648361866970e-01 3.976629027720221532e-01 4.911612023660312243e-01 -7.701378151537329186e-01
-6.314030081218275914e-01 -9.348625975474605942e-02 -8.149570541493676712e-02 1.411927440012607782e-01 -5.470500051235928085e-01 -6.416952366776244032e-01 -4.935458776838038686e-01 -2.335460667085094422e-01 -2.177944986892097479e-01 -4.022853251130010799e-01
-4.499600187477706958e-01 4.618146867902404862e-02 -1.337085852145632747e-01 -2.941928665691358885e-02 9.668625872545409672e-02 -5.315966027963761054e-01 4.980375917458860213e-01 -1.616072898212368436e-01 -1.645670537336537120e-01 5.332354195150309506e-01
4.687344484484423646e-01 1.926395399279578202e-01 -3.365570445217801882e-02 4.475536257520536521e-01 5.584930034741765192e-01 -2.739110901879483473e-01 7.793995509513144127e-01 8.624209366515376285e-01 2.624290914225525517e-01 3.797065499066227812e-01
-1.987255295183884829e-01 1.090128667747559399e-01 9.407799645321985871e-01 5.393071052818512179e-01 4.690756834281727405e-01 2.570824309405074226e-01 -1.702333887313486338e-01 4.460319181571382741e-01 8.860418700450838347e-01 -9.073019932827852685e-01
3.093198214688638870e-01 -6.421353548376167453e-01 -9.044366447682629095e-01 6.243888223774054502e-01 -4.078851689033296535e-01 9.857014568922504161e-01 2.510931140018151514e-02 1.512583080082174902e-03 -6.790767108187758527e-01 2.946256000219640847e-01
2.130261474635833652e-01 1.965819481016854997e-01 2.080602928316695188e-01 -2.667703887606950874e-01 -2.926152241658728781e-01 -9.002567563925667482e-02 5.163395970778677374e-02 -6.646652145364223552e-01 6.665100949067446212e-01 8.842257111991851382e-01
-9.185279644318569137e-01 -2.027101217809654798e-01 2.110661063353774791e-01 -7.071939781980544071e-01 -4.898703498207708784e-01 2.837939157246744948e-01 1.531860172285203214e-01 8.758917025030903414e-01 7.943976285799526638e-01 1.072322227069059386e-01
