-9.395096535523601577e-01 -1.509901681775665527e-01
3.125270310916754557e-01 2.329614059056598907e-01
3.671065532376869278e-01 -2.744665572300841183e-01
5.651874975018256198e-01 9.936637735742201993e-01
-4.110121139649820510e-01 -4.558247709753205923e-01
-3.938122672711964478e-01 4.698599632712692209e-01
2.002815239938608161e-01 -2.970479580772191763e-01
-3.152502166681557805e-01 8.268397690462578886e-01
7.937730054633227450e-01 -2.982271141854373475e-01
-4.923297949631926795e-01 -2.466035141649644546e-01
