1.611754926764209506e-01 -6.388774018462868298e-01 1.454281973024158237e-01 -2.268220844474812814e-01 -8.745428294830970284e-01 6.124835079955461836e-01 -7.733543718629055652e-01 2.495246053783212459e-01 -9.952735102789688204e-01 -3.949671968109488840e-01
5.887324427550676420e-01 -4.491858211936494705e-01 1.129962502299521748e-01 -9.112414942434930998e-01 -5.801951111951135776e-01 -5.926578438722758246e-01 -1.143225336083658200e-01 -7.086111117452672525e-01 -2.776289578751160447e-01 9.235408546293060184e-01
1.198606887492753847e-01 -2.017847958406487618e-01 -4.208156265279854313e-01 -6.914868673041348890e-01 -5.099568607794158215e-01 3.961216403019190424e-01 1.464411722867707544e-01 7.518562942315079045e-01 3.043690971649715138e-01 3.473480976928938202e-01
1.967221740353119752e-01 -8.186240838962081101e-01 2.732321347109740173e-01 -4.315348037077213622e-02 -3.668814670861587079e-01 -1.844103473334433585e-01 1.004434036295812849e+00 -1.545080595923047084e-01 -1.870377356657589307e-01 9.389834327024442207e-01
5.360425870794098546e-03 -8.703381985814476751e-01 -2.367349764625026609e-01 2.951254734542030356e-01 -4.103980396481844983e-01 -1.736206805323699809e-01 2.927807608863001732e-01 -2.133114380642175678e-01 -9.074143160740579805e-01 -3.420058980889138789e-02
6.039123882555131884e-01 -8.681422689559528116e-01 -5.320193657505875584e-02 1.777957425296346761e-01 6.301827177224497145e-01 4.591141035418722094e-01 -4.961894892386530809e-01 -2.970245903581155145e-01 4.461723144770372573e-01 -9.911391895701587851e-01
-7.662775288800646178e-01 -4.394816892871629688e-01 3.436896081415686810e-01 9.073918027384062501e-01 -5.596761504585985314e-01 1.795260414029596074e-01 -6.799762561870896782e-01 -4.941926668448110016e-01 8.332128558584471767e-01 6.484341453626025764e-01
3.554778176239145049e-01 -5.159684806155215853e-01 -2.639662520944445201e-01 9.077375496683924849e-01 1.202969008593782058e-01 5.029830073814531843e-01 9.522200020975740697e-01 3.439426849466864500e-01 5.241704824922411854e-01 -7.744825385580210719e-01
-6.487327608119244360e-01 -9.307958091901878672e-02 -5.975888522975261741e-02 1.354503853146269143e-01 -5.461936759014813791e-01 -6.531945950960325042e-01 -4.772434675887646804e-01 -2.585153776519739655e-01 -2.004961592716885399e-01 -4.040292958654950750e-01
-4.657108232824890282e-01 4.664099369801269490e-02 -1.128719629780510075e-01 -3.174266082822700674e-02 9.706308226156683261e-02 -5.409414795313342017e-01 5.138451094824277865e-01 -1.824989141085076039e-01 -1.478566770898187277e-01 5.320913707127383763e-01
4.322647499824471273e-01 1.933666913484620997e-01 1.054210121729457980e-02 4.313239254157993918e-01 5.608698125957651826e-01 -2.996952370085734785e-01 8.122894736953121253e-01 8.072936832421132580e-01 2.974182376919146664e-01 3.754051369544820216e-01
-2.350200296834954183e-01 1.097595428109134769e-01 9.850420424653630880e-01 5.238968068311926629e-01 4.713382788414314795e-01 2.317055217910080345e-01 -1.372478724289512286e-01 3.916310506708622907e-01 9.211159289285205665e-01 -9.114698226669225578e-01
2.855580631358028976e-01 -6.418681955291178909e-01 -8.781224616379020853e-01 6.071590485753257660e-01 -4.054138391880910408e-01 9.663582151452769775e-01 4.426233113950766435e-02 -3.854854840775913394e-02 -6.585505927948321903e-01 2.908094209467340097e-01
2.017371604872366664e-01 1.969673960492699105e-01 2.236684827926005981e-01 -2.666287065977150927e-01 -2.925956617652897274e-01 -9.603279062265253352e-02 6.358161299032663583e-02 -6.785139218865903210e-01 6.791033958192957964e-01 8.836809326127054165e-01
-9.549101685671037565e-01 -2.019782125924122762e-01 2.552360124706905542e-01 -7.231752946851760511e-01 -4.875282815219396659e-01 2.581516770362845548e-01 1.860686715835869753e-01 8.210270896447902089e-01 8.293743017447436916e-01 1.029730278548577904e-01
