1.806945123642619000e-01 -6.399798633348878774e-01 1.431083133384789541e-01 -2.479265186181749958e-01 -8.665515915156796201e-01 6.148105077603760460e-01 -7.721698866271827777e-01 2.470870690325713270e-01 -9.995945938849073453e-01 -3.841757891184682250e-01
6.154604825608416263e-01 -4.507093889160614375e-01 1.108907290515566690e-01 -9.408714632894070728e-01 -5.689385170633675104e-01 -5.897543865260813645e-01 -1.117505187174151760e-01 -7.129587860129878996e-01 -2.827777863158887350e-01 9.387460438059720413e-01
1.555440986118895863e-01 -2.037069673545077175e-01 -4.322290506761323758e-01 -7.251742064977771962e-01 -4.974497927044068124e-01 4.022704924479896249e-01 1.422451560885011623e-01 7.541620729737912310e-01 2.913260266411202282e-01 3.642093937418539595e-01
2.308429946419749412e-01 -8.202754162159225926e-01 2.479651712154657683e-01 -6.557091577223411738e-02 -3.591286051752754505e-01 -1.747389170838791472e-01 9.876912951643886940e-01 -1.387712816594931509e-01 -2.098029116335485278e-01 9.493692083626279477e-01
2.360130562870497994e-02 -8.712026563370725007e-01 -2.516527621227986344e-01 2.841034717127655651e-01 -4.066666557730722054e-01 -1.680778347343397650e-01 2.825794360057916066e-01 -2.035691541556234330e-01 -9.205957710124205162e-01 -2.921203721895136718e-02
6.464027168290328307e-01 -8.703355124553119326e-01 -7.414344165268119125e-02 1.426984901645657611e-01 6.429213049933518720e-01 4.683778422649539919e-01 -5.077056734504282742e-01 -2.873487450694980905e-01 4.253696055682624211e-01 -9.739996652611477845e-01
-7.209633592777865418e-01 -4.417696657005182326e-01 3.174327776727955408e-01 8.726394980739957674e-01 -5.472408575572839107e-01 1.904419594733413879e-01 -6.957377514764525595e-01 -4.801747208560450675e-01 8.082138947006503038e-01 6.651444432402430218e-01
4.007841675798629044e-01 -5.183037349466171895e-01 -2.865528561814887354e-01 8.704897700316096554e-01 1.338043492802505618e-01 5.129286450094164840e-01 9.397124583735457781e-01 3.545022853312820299e-01 5.018046300637700741e-01 -7.563099128321539855e-01
-6.371523569746888604e-01 -9.356784569950669928e-02 -7.388505635205371014e-02 1.316298502492964373e-01 -5.451891423716619389e-01 -6.484457916416743739e-01 -4.878489740318321388e-01 -2.479413335213331848e-01 -2.122031303556247139e-01 -4.027230956092893166e-01
-4.262232899934189079e-01 4.457493115110992832e-02 -1.301946956307545034e-01 -6.581912872732041675e-02 1.095282583514622654e-01 -5.328974434278790362e-01 5.050397810489830608e-01 -1.755233016468378815e-01 -1.656554258454839279e-01 5.488745547015115855e-01
4.660362285215910449e-01 1.917322053179983665e-01 -1.446150312959379805e-02 4.091328240634707347e-01 5.685446652675177903e-01 -2.901240593037991977e-01 7.957222898554249246e-01 8.228649427532759297e-01 2.748894866816423699e-01 3.856864442047581165e-01
-1.944147393229055110e-01 1.077416964775174957e-01 9.590245378009755184e-01 4.944544533533206110e-01 4.817518394953635430e-01 2.421446870445627397e-01 -1.535792368840927791e-01 4.065390467865441226e-01 8.969296865663709539e-01 -8.974909465718305945e-01
3.101146820682461613e-01 -6.431853557143333289e-01 -8.864106573107970455e-01 5.842720447137280670e-01 -3.969338262573435805e-01 9.707043086025228806e-01 4.099005004307824940e-02 -3.655287322142290046e-02 -6.678375993389363829e-01 3.022396776526040107e-01
2.291884367685447788e-01 1.955641336231206950e-01 2.090853509923516484e-01 -2.885845878613581550e-01 -2.846745772516609541e-01 -8.976950703065224302e-02 5.520693270980619322e-02 -6.712693719138561610e-01 6.649079835767310875e-01 8.943329198345968400e-01
-9.143252974841179492e-01 -2.040025438210313624e-01 2.298082583743038809e-01 -7.529963602704715653e-01 -4.769509543545187857e-01 2.684332498607622797e-01 1.702569856509544843e-01 8.353839215295663090e-01 8.056137695476046634e-01 1.171753733886375520e-01
