1.609280842868825723e-01 -6.388048690993973766e-01 1.440482955044597169e-01 -2.241868225731915298e-01 -8.753350591359179145e-01 6.133651118057618090e-01 -7.746068441196681809e-01 2.519760127156693841e-01 -9.961468056184931141e-01 -3.956637229700726843e-01
5.888561805620851075e-01 -4.491582887911247379e-01 1.119219705561384226e-01 -9.099273231062532385e-01 -5.805982626261624313e-01 -5.920853951109615876e-01 -1.152483499496521624e-01 -7.070647060667202277e-01 -2.783736232691645385e-01 9.231875848604293999e-01
1.150183094995779060e-01 -2.010639939311051338e-01 -4.284995383678255054e-01 -6.687361336397061873e-01 -5.167078780447482700e-01 4.022782122364048640e-01 1.389273770479952652e-01 7.694721641126908152e-01 3.002157671676287665e-01 3.413996995372652887e-01
1.845759363201033842e-01 -8.168632901987037398e-01 2.552638137358522186e-01 1.196526231582720201e-02 -3.832237698262282999e-01 -1.697174274372173775e-01 9.867354311747327245e-01 -1.123729862021211612e-01 -1.965815445704452713e-01 9.245820388047431004e-01
-2.768089438065078622e-03 -8.692170465736396290e-01 -2.471778569786240998e-01 3.296522134020491990e-01 -4.206179680692400114e-01 -1.646964127087906793e-01 2.823281354134502541e-01 -1.875994105895495423e-01 -9.127420157304250159e-01 -4.320925643258308191e-02
6.112126986663053430e-01 -8.681416277682408866e-01 -7.168383987536217083e-02 1.883496096335461056e-01 6.267389595356496201e-01 4.671005885199652208e-01 -5.113120015069076985e-01 -2.763390255641363091e-01 4.323019659064470943e-01 -9.941273458821100473e-01
-7.772978756133375189e-01 -4.377953048787567858e-01 3.249311929329266047e-01 9.610646910102109697e-01 -5.756161527483867335e-01 1.942673833881465306e-01 -6.981946299051795535e-01 -4.521046910314294731e-01 8.229094275969988104e-01 6.343911804466715321e-01
3.407942344833626014e-01 -5.140917192123221069e-01 -2.787237456082962139e-01 9.639810778567721172e-01 1.036959362977810939e-01 5.167453592540579566e-01 9.369510030707298709e-01 3.839365454044459947e-01 5.172962506466948218e-01 -7.891229577310786558e-01
-6.557659703428108111e-01 -9.206722890423485461e-02 -6.996354098739976379e-02 1.670685197367371144e-01 -5.555660740194329206e-01 -6.448014950638022436e-01 -4.873159743435238611e-01 -2.344312479101592073e-01 -2.058886652200165035e-01 -4.122888903437091357e-01
-4.647908028943042447e-01 4.706262567639243194e-02 -1.268577545410597696e-01 -1.302326819441426350e-02 9.134802641536592105e-02 -5.332401609096638628e-01 5.016845518174819496e-01 -1.615759021924277894e-01 -1.574098039724686204e-01 5.270794928505756483e-01
4.212240784877025468e-01 1.950277297892025752e-01 -7.464048499113127601e-03 4.839219616944764879e-01 5.452569017825275033e-01 -2.853786312852138463e-01 7.947297305979870163e-01 8.482228806515628161e-01 2.876226792720941727e-01 3.616491711287818100e-01
-2.450819102974289287e-01 1.113636683607122924e-01 9.661340432784099042e-01 5.755586041539028086e-01 4.559777085869035074e-01 2.461876956925582449e-01 -1.554486033722394245e-01 4.328571078220994073e-01 9.105160473666684684e-01 -9.249996777408460158e-01
2.654505751866851893e-01 -6.399638991479733585e-01 -8.799230348707071103e-01 6.567168723519919427e-01 -4.198071152145948504e-01 9.746317153805702516e-01 3.954748047462789545e-02 -1.270634778635335721e-02 -6.556382216071696689e-01 2.780811019216737900e-01
2.035758674851575745e-01 1.972398666214225105e-01 2.114836889990296120e-01 -2.527375557978214782e-01 -2.968744307654760939e-01 -8.969660926725468719e-02 5.314850186134374710e-02 -6.614722638461689730e-01 6.705680470150527928e-01 8.799340562884895300e-01
-9.665188031747807829e-01 -2.002638132026871298e-01 2.371908510744420440e-01 -6.691951056073280890e-01 -5.035423820887791058e-01 2.726951742219131392e-01 1.683861742334898381e-01 8.626676181104135921e-01 8.196689404048604910e-01 8.886224487126209715e-02
