1.782974486195660346e-01 -6.398418069097941974e-01 1.431881433008138638e-01 -2.451948177524750638e-01 -8.675930667653430906e-01 6.145789111458287435e-01 -7.724972302007936387e-01 2.475797465890343940e-01 -9.992109969833837813e-01 -3.855830119542463241e-01
6.187912160189210642e-01 -4.509012190896144467e-01 1.107798048731344492e-01 -9.446671768956823589e-01 -5.674913813885272829e-01 -5.894325817369691078e-01 -1.112956729940480921e-01 -7.136433642287267620e-01 -2.833107963525000605e-01 9.407013877939952584e-01
1.572927459477133916e-01 -2.038076789023202107e-01 -4.322872862784457593e-01 -7.271669701243781425e-01 -4.966900411439069685e-01 4.024394411477937306e-01 1.424839517689082402e-01 7.538026668885605686e-01 2.910461944083047037e-01 3.652359565390005947e-01
2.428687182298835123e-01 -8.209680254180707903e-01 2.475646757913465834e-01 -7.927546560260415043e-02 -3.539036738384203629e-01 -1.735770302226709028e-01 9.893335307299775394e-01 -1.412429740060573424e-01 -2.117273620438088477e-01 9.564290426649516563e-01
2.559672135047295558e-02 -8.713175802566940353e-01 -2.517192159091294346e-01 2.818294901106299100e-01 -4.057996883878246530e-01 -1.678850440641715402e-01 2.828519304334630724e-01 -2.039792794783663044e-01 -9.209150930537368662e-01 -2.804060630612896857e-02
6.474653845792666118e-01 -8.703967157132496135e-01 -7.417883191990432001e-02 1.414874708832936367e-01 6.433830124314343646e-01 4.684805138162997928e-01 -5.075605552992350500e-01 -2.875671591820455064e-01 4.251995491576889830e-01 -9.733758143818030950e-01
-7.183479496392544128e-01 -4.419202975331720240e-01 3.173456760872009341e-01 8.696589695880314608e-01 -5.461045154753140229e-01 1.906946519681816388e-01 -6.953805905376048146e-01 -4.807122758679688301e-01 8.077953563802674486e-01 6.666798484527245439e-01
4.005190816876703086e-01 -5.182884675968439936e-01 -2.865440279653697075e-01 8.707918626909265658e-01 1.336891748730766050e-01 5.129030332603206066e-01 9.396762581834355865e-01 3.545567694349723298e-01 5.018470511829863367e-01 -7.564655344428690142e-01
-6.371048401686216778e-01 -9.357058238116233717e-02 -7.388663881511794984e-02 1.315756999579008879e-01 -5.451684972897063997e-01 -6.484412007202007278e-01 -4.878424851259200445e-01 -2.479510998297828062e-01 -2.122107343668313273e-01 -4.026952003417025305e-01
-4.311625546558533473e-01 4.485940302775337507e-02 -1.300302021696036481e-01 -6.019032824833889239e-02 1.073822487141109783e-01 -5.333746593453547735e-01 5.043652739361916826e-01 -1.745081159430795503e-01 -1.648650060560615804e-01 5.459749046440987019e-01
4.787452063068427521e-01 1.910002447919129931e-01 -1.488475312457483365e-02 3.946496357482020545e-01 5.740664566012486647e-01 -2.888961586124080827e-01 7.974578307705848523e-01 8.202528185933588567e-01 2.728556965870980178e-01 3.931473904555104482e-01
-2.103086522802799785e-01 1.086570900745804646e-01 9.595538564207031218e-01 5.125672031210694035e-01 4.748462588648781346e-01 2.406090681270508791e-01 -1.557497132753195290e-01 4.098057826903361289e-01 8.994731549146884886e-01 -9.068216443110868052e-01
3.200223798445507306e-01 -6.437559793946306952e-01 -8.867406156367105829e-01 5.729812033030594609e-01 -3.926291338861042646e-01 9.716615585997442350e-01 4.234304751906487613e-02 -3.858923973082657027e-02 -6.694231066816725972e-01 3.080561014300921552e-01
2.366258947310557748e-01 1.951357808684801853e-01 2.088376596281447117e-01 -2.970603367436123743e-01 -2.814431536378720344e-01 -8.905092368518777168e-02 5.622259367143751796e-02 -6.727980207131945001e-01 6.637177833428224982e-01 8.986991619539999032e-01
-9.221825653884208052e-01 -2.035500125438501895e-01 2.300699307650543035e-01 -7.440421947487099175e-01 -4.803647768156084630e-01 2.676741058245412641e-01 1.691839953475867686e-01 8.369988554503406952e-01 8.068711510541248799e-01 1.125626771905377660e-01
