1.631644675498337693e-01 -6.389264482070652340e-01 1.429049230202115717e-01 -2.262393913073289520e-01 -8.746305240236320611e-01 6.137741270589269771e-01 -7.752515574275032906e-01 2.523428476027498313e-01 -9.972849394713273474e-01 -3.947786684705086868e-01
5.909998469999138138e-01 -4.492241524279070308e-01 1.103310152755744705e-01 -9.100109254132527914e-01 -5.803735968583255689e-01 -5.909701167555130308e-01 -1.162916041560211333e-01 -7.050458172389749700e-01 -2.797287201279616276e-01 9.238420222714650576e-01
1.403485988784329841e-01 -2.021118115294075757e-01 -4.446658793881161365e-01 -6.797446927235769598e-01 -5.116559972717427129e-01 4.116097652001713958e-01 1.288620268015833736e-01 7.844595343601022952e-01 2.856085407848307778e-01 3.501642755972577681e-01
2.337106794756434736e-01 -8.193593322717807048e-01 2.284325890455281005e-01 -2.662051312217409912e-02 -3.693021241610819350e-01 -1.582317367003960029e-01 9.711009904485972122e-01 -9.855151946552551112e-02 -2.224999261892236790e-01 9.433570608907931865e-01
3.087558789523264097e-02 -8.707857239303120611e-01 -2.669214021334734288e-01 3.084518239919716853e-01 -4.123342720973031672e-01 -1.548278689577095024e-01 2.704444635212184811e-01 -1.735155846492744680e-01 -9.312208714710826785e-01 -3.089093160452112755e-02
6.335279048481746722e-01 -8.687362166579667422e-01 -8.913468459455500814e-02 1.908638018313157658e-01 6.282680556137796302e-01 4.800097536560093414e-01 -5.229361226024744624e-01 -2.523274033971047992e-01 4.177210791083287300e-01 -9.876631583652096813e-01
-7.296973870335174972e-01 -4.402313904515754994e-01 2.991134456931396346e-01 9.230152260237997064e-01 -5.619692863901994961e-01 2.051377718638220660e-01 -7.131899584585034146e-01 -4.393064838617176115e-01 7.978941000699806274e-01 6.526487637803805031e-01
3.904091581327563398e-01 -5.166191322383729689e-01 -3.057490264303072136e-01 9.247588102129152832e-01 1.178156891660839534e-01 5.282437110322211193e-01 9.212223297019959123e-01 3.976635080072509765e-01 4.911609482279643002e-01 -7.701377496159184100e-01
-6.311940593159020008e-01 -9.348693086639520144e-02 -8.170693326188059602e-02 1.413983094279563091e-01 -5.470792312258471179e-01 -6.415044823441554689e-01 -4.936958108397321854e-01 -2.331601388788513973e-01 -2.179565496537409774e-01 -4.022435349704236440e-01
-4.500935642784547608e-01 4.618189760687044926e-02 -1.335735830795167778e-01 -2.955066976712924023e-02 9.670493801542698331e-02 -5.317185196868821073e-01 4.981334185814924043e-01 -1.618539480234176819e-01 -1.644634820383749363e-01 5.332087101651347139e-01
4.687580887209670810e-01 1.926394639990133550e-01 -3.367960257327248796e-02 4.475768832322158941e-01 5.584896968602953704e-01 -2.738895084210246633e-01 7.793825876542478381e-01 8.624646001653230032e-01 2.624107571279513662e-01 3.797112780042780633e-01
-1.987243863547591416e-01 1.090128631030889694e-01 9.407788088998844112e-01 5.393082299349364339e-01 4.690755235315082206e-01 2.570834745617676109e-01 -1.702342090190259449e-01 4.460340295769976149e-01 8.860409834606023383e-01 -9.073017646479728526e-01
3.093558468923771620e-01 -6.421354705457744672e-01 -9.044730631273448784e-01 6.244242644634397932e-01 -4.078902078539314302e-01 9.857343453580148518e-01 2.508346102301821368e-02 1.579121931296965931e-03 -6.791046504597904043e-01 2.946328051724235730e-01
2.130090931601239246e-01 1.965820028775032702e-01 2.080775331493870950e-01 -2.667871669143299096e-01 -2.926128387451255586e-01 -9.004124491841467015e-02 5.164619718159527834e-02 -6.646967137847251683e-01 6.665233214304031595e-01 8.842223003073641507e-01
-9.185424468767022788e-01 -2.027100752655647264e-01 2.110807467427712192e-01 -7.072082261375965961e-01 -4.898683241312146719e-01 2.837806943564007978e-01 1.531964092412988199e-01 8.758649534700791994e-01 7.944088604898245087e-01 1.072293261915021750e-01
