1.612010256212827453e-01 -6.388784039744654919e-01 1.453913291425150134e-01 -2.268266032841438906e-01 -8.745422916469310914e-01 6.124954900317531870e-01 -7.733828305344290222e-01 2.495533142122054737e-01 -9.953034258714074101e-01 -3.949666040640077425e-01
5.887525748566875272e-01 -4.491866113471722488e-01 1.129671805889187197e-01 -9.112450572355171863e-01 -5.801946871244705317e-01 -5.926483963302144886e-01 -1.143449725737956391e-01 -7.085884755329433515e-01 -2.776525455870016423e-01 9.235413219957503417e-01
1.200615367975877285e-01 -2.017926788126259974e-01 -4.211056399988571397e-01 -6.915224135182217458e-01 -5.099526300357699604e-01 3.962158937693520677e-01 1.462173097960167978e-01 7.520821245572374414e-01 3.041337741974125541e-01 3.473527603773947092e-01
1.966965292183855130e-01 -8.186230773772258384e-01 2.732691644079474624e-01 -4.314894173492106466e-02 -3.668820072788425146e-01 -1.844223818686918648e-01 1.004462619658411437e+00 -1.545368942133450441e-01 -1.870076889987768443e-01 9.389828373583947174e-01
5.355672433820780204e-03 -8.703380120164759814e-01 -2.367281127624727977e-01 2.951263147204723492e-01 -4.103981397764826511e-01 -1.736229112133286512e-01 2.927860590022113296e-01 -2.133167827525480897e-01 -9.074087467249701833e-01 -3.420070015986112488e-02
6.039365490859947005e-01 -8.681432172307865791e-01 -5.323682347769961853e-02 1.777914665306392639e-01 6.301832266558493600e-01 4.591254416756906376e-01 -4.962164185702334640e-01 -2.969974243076441422e-01 4.461440065179838044e-01 -9.911386286768328890e-01
-7.662926114484713835e-01 -4.394810973199265725e-01 3.437113865359820997e-01 9.073944720608621006e-01 -5.596764681638537464e-01 1.795189634931562417e-01 -6.799594453623947210e-01 -4.942096254429391156e-01 8.332305273010413016e-01 6.484337952209978662e-01
3.554449644528304697e-01 -5.159671911799049715e-01 -2.639188139328328964e-01 9.077433640433022477e-01 1.202962088270384533e-01 5.029675901278783945e-01 9.522566197932392784e-01 3.439057453677883958e-01 5.242089748041067754e-01 -7.744833012439067410e-01
-6.489916948907161753e-01 -9.306941816113180332e-02 -5.938499874418122493e-02 1.354962116309713638e-01 -5.461991301925125386e-01 -6.533161070298937334e-01 -4.769548632019833811e-01 -2.588065189791980414e-01 -2.001927799939936803e-01 -4.040353070163430482e-01
-4.657289350351427881e-01 4.664170455599626897e-02 -1.128458106091590751e-01 -3.173945539883533951e-02 9.706270074836270689e-02 -5.409499789691094573e-01 5.138652965945011974e-01 -1.825192786728422056e-01 -1.478354565132784515e-01 5.320909502486657061e-01
4.322296630819382757e-01 1.933680684544673845e-01 1.059276476062598338e-02 4.313301351175495846e-01 5.608690735112551451e-01 -2.997117025010800351e-01 8.123285810752779446e-01 8.072542320936587634e-01 2.974593471456513094e-01 3.754043224126004108e-01
-2.350331702871518158e-01 1.097600585590686600e-01 9.850610167701061570e-01 5.238991324635038360e-01 4.713380020424987049e-01 2.316993552015430835e-01 -1.372332260916367952e-01 3.916162755867679257e-01 9.211313250743826675e-01 -9.114701277258440149e-01
2.857161268413185851e-01 -6.418743992825109990e-01 -8.783506968846004348e-01 6.071310743611730842e-01 -4.054105096709592071e-01 9.664323908838283739e-01 4.408615549273457723e-02 -3.837082411119483588e-02 -6.587357876252418754e-01 2.908130903933432432e-01
2.016197230524508499e-01 1.969720052850343628e-01 2.238380559518056978e-01 -2.666079224465431330e-01 -2.925981355144008922e-01 -9.608790136695904982e-02 6.371250715076190452e-02 -6.786459666556252657e-01 6.792409910107279902e-01 8.836782063043763236e-01
-9.549098968971312384e-01 -2.019782232550340895e-01 2.552356201942790892e-01 -7.231753427654988853e-01 -4.875282757993746330e-01 2.581518045248866189e-01 1.860683687839470857e-01 8.210273951061520803e-01 8.293739834434973313e-01 1.029730341616722222e-01
