1.609432003855900128e-01 -6.388061259243321688e-01 1.440448167596391216e-01 -2.242168694870455004e-01 -8.753264280886482451e-01 6.133616674790057788e-01 -7.746075508572514146e-01 2.519641785713220283e-01 -9.961522307172629986e-01 -3.956560758727498683e-01
5.888779282803421333e-01 -4.491600970007103011e-01 1.119169656429190446e-01 -9.099705519730154624e-01 -5.805858450316547792e-01 -5.920903505064855077e-01 -1.152493667417584661e-01 -7.070817319966286041e-01 -2.783814284258948613e-01 9.231985868339729340e-01
1.151929881146771945e-01 -2.010785175488238041e-01 -4.285397380476043683e-01 -6.690833497701109689e-01 -5.166081393877633987e-01 4.022384102849011489e-01 1.389192101297524184e-01 7.693354111061452283e-01 3.001530758106702446e-01 3.414880678653458568e-01
1.845613276937401459e-01 -8.168620755674532719e-01 2.552671756934763447e-01 1.199430050526717473e-02 -3.832321111150175930e-01 -1.697140987421867087e-01 9.867361141859706253e-01 -1.123615493495016548e-01 -1.965763016011814746e-01 9.245746484330794601e-01
-2.935166424663199908e-03 -8.692031549917677014e-01 -2.471394067003467865e-01 3.299843194513976674e-01 -4.207133663196034878e-01 -1.646583428505302149e-01 2.823359469254033693e-01 -1.874686087725733474e-01 -9.126820525632083347e-01 -4.329377916570658485e-02
6.112018071541628350e-01 -8.681407221956919384e-01 -7.168133335617440927e-02 1.883712591565758210e-01 6.267327406588111272e-01 4.671030702401108292e-01 -5.113114922855060973e-01 -2.763304987789286793e-01 4.323058748203983392e-01 -9.941328557993815984e-01
-7.773363988493501298e-01 -4.377921018721791513e-01 3.249400584815278492e-01 9.611412652888162711e-01 -5.756381488915347511e-01 1.942761612226323042e-01 -6.981928287910661446e-01 -4.520745318253721057e-01 8.229232534104145014e-01 6.343716918907498226e-01
3.407934652100493289e-01 -5.140916552512498905e-01 -2.787235685715087619e-01 9.639826069741337378e-01 1.036954970551921956e-01 5.167455345392758526e-01 9.369510390373090303e-01 3.839371476558342544e-01 5.172965267353726304e-01 -7.891233468994751643e-01
-6.562652997166894542e-01 -9.202571226559082274e-02 -6.984862777422429225e-02 1.680610580213864336e-01 -5.558511829957978323e-01 -6.446877187809287868e-01 -4.872926287143500290e-01 -2.340403311794785890e-01 -2.057094581888644635e-01 -4.125414965480009855e-01
-4.646081346593698425e-01 4.704743776336699213e-02 -1.268997929127629043e-01 -1.338636563279124031e-02 9.145232701573313694e-02 -5.332817833614104108e-01 5.016760113528152543e-01 -1.617189101405584750e-01 -1.574753627674862211e-01 5.271719030549124607e-01
4.211505009046879744e-01 1.950338473822906815e-01 -7.447115715014697435e-03 4.840682149931091471e-01 5.452148901756120880e-01 -2.853618660309825694e-01 7.947331706418907515e-01 8.482804833276882395e-01 2.876490859305067538e-01 3.616119488964466555e-01
-2.451270023889527416e-01 1.113674175334376099e-01 9.661444205512019767e-01 5.756482356266612310e-01 4.559519617337659536e-01 2.461979702945123194e-01 -1.554464951380708226e-01 4.328924096767872709e-01 9.105322307123179248e-01 -9.250224894212302207e-01
2.653992275820369340e-01 -6.399596298618889234e-01 -8.799112179848044279e-01 6.568189381748826827e-01 -4.198364338642996407e-01 9.746434153523664268e-01 3.954988117885198384e-02 -1.266614859362117859e-02 -6.556197931864374828e-01 2.780551256339002242e-01
2.036922687715072289e-01 1.972301884602810085e-01 2.114569009778717590e-01 -2.529689315973003838e-01 -2.968079675182993538e-01 -8.972313225263342518e-02 5.314305963941842736e-02 -6.615633924932849963e-01 6.705262711251487318e-01 8.799929426441851499e-01
-9.665079347589946579e-01 -2.002647168548943313e-01 2.371883498705364690e-01 -6.692167092207453871e-01 -5.035361763995855888e-01 2.726926977644613115e-01 1.683856660919345327e-01 8.626591094069624432e-01 8.196650397800860910e-01 8.886774310429626511e-02
