1.782543757616100177e-01 -6.398393261727669534e-01 1.431895777660573965e-01 -2.451457317973655958e-01 -8.676117810425886256e-01 6.145747495843753017e-01 -7.725031122401345707e-01 2.475885995160600761e-01 -9.992041041275353530e-01 -3.856082983528463237e-01
6.188609835314566876e-01 -4.509052372778623030e-01 1.107774813897017541e-01 -9.447466841573531893e-01 -5.674610688289647431e-01 -5.894258410235674317e-01 -1.112861455265679866e-01 -7.136577038088370850e-01 -2.833219610959053503e-01 9.407423455853984873e-01
1.573210380158172050e-01 -2.038093083549326334e-01 -4.322882284956630072e-01 -7.271992118480713474e-01 -4.966777488180323941e-01 4.024421746367157215e-01 1.424878153402039382e-01 7.537968519130466838e-01 2.910416668901332216e-01 3.652525657111159729e-01
2.429704307490851145e-01 -8.209738834461767221e-01 2.475612884360479105e-01 -7.939137748745506151e-02 -3.538594818257699837e-01 -1.735672030851338477e-01 9.893474206148794581e-01 -1.412638793639281187e-01 -2.117436388772047928e-01 9.564887541265353343e-01
2.563032730732933695e-02 -8.713195157572728444e-01 -2.517203350959996144e-01 2.817911926637470810e-01 -4.057850872857953206e-01 -1.678817971643534745e-01 2.828565196706230300e-01 -2.039861866374868271e-01 -9.209204709419767099e-01 -2.802087755673249650e-02
6.474869675704166827e-01 -8.703979587634637083e-01 -7.417955070319676159e-02 1.414628748433512384e-01 6.433923898003700570e-01 4.684825990957143804e-01 -5.075576079210237790e-01 -2.875715952156572275e-01 4.251960952785215908e-01 -9.733631438476639808e-01
-7.183550886294802762e-01 -4.419198863703602265e-01 3.173459138386258149e-01 8.696671052022066917e-01 -5.461076172207908197e-01 1.906939622218320751e-01 -6.953815654397440538e-01 -4.807108085643695961e-01 8.077964988173580441e-01 6.666756574293976056e-01
4.005026342297175468e-01 -5.182875203223913374e-01 -2.865434802119143365e-01 8.708106062621926435e-01 1.336820287884488700e-01 5.129014441596602136e-01 9.396740121148131619e-01 3.545601499430677817e-01 5.018496832339373048e-01 -7.564751901053322625e-01
-6.371011326593212232e-01 -9.357079591135367136e-02 -7.388676228714846639e-02 1.315714748694408742e-01 -5.451668864526216796e-01 -6.484408425125376407e-01 -4.878419788276013858e-01 -2.479518618481591496e-01 -2.122113276714871488e-01 -4.026930238072807811e-01
-4.312964942101985555e-01 4.486711713885804115e-02 -1.300257415499800617e-01 -6.003769033982857967e-02 1.073240547127582017e-01 -5.333876001557145141e-01 5.043469831199944853e-01 -1.744805868410710670e-01 -1.648435720002706106e-01 5.458962739443914414e-01
4.788139189578072275e-01 1.909962873573342046e-01 -1.488704147771127348e-02 3.945713306098679318e-01 5.740963108449985697e-01 -2.888895198163496936e-01 7.974672141859273644e-01 8.202386958229276326e-01 2.728447006508974426e-01 3.931877289787382712e-01
-2.106947365940822214e-01 1.086793262042062419e-01 9.595667142749412237e-01 5.130071859361199360e-01 4.746785131142705616e-01 2.405717658983536900e-01 -1.558024370375785950e-01 4.098851360561920898e-01 8.995349391483489221e-01 -9.070482993861220811e-01
3.200712194937032629e-01 -6.437587922640756188e-01 -8.867422421547207501e-01 5.729255454958085414e-01 -3.926079140558401681e-01 9.716662773300760447e-01 4.234971707273147562e-02 -3.859927792820710968e-02 -6.694309223845832379e-01 3.080847732873721045e-01
2.368025946546096772e-01 1.951256040178168949e-01 2.088317749501618636e-01 -2.972617044941402442e-01 -2.813663811292535510e-01 -8.903385150503553835e-02 5.624672385344077485e-02 -6.728343385152372180e-01 6.636895064380782250e-01 8.988028956023250693e-01
-9.225450782758325419e-01 -2.035291339863244398e-01 2.300820036146862813e-01 -7.436290740002271527e-01 -4.805222812627716333e-01 2.676390809914970803e-01 1.691344905047106051e-01 8.370733640919867380e-01 8.069291632036479367e-01 1.123498599825856065e-01
