1.631591509381188076e-01 -6.389264311309204025e-01 1.429102976211364950e-01 -2.262446218304272894e-01 -8.746297803781398761e-01 6.137692733976700676e-01 -7.752477424433987796e-01 2.523330278365578105e-01 -9.972808161548402106e-01 -3.947797318025560442e-01
5.909672349300331140e-01 -4.492240476829198470e-01 1.103639830509812320e-01 -9.100430094159860372e-01 -5.803690353405661639e-01 -5.909998890895810097e-01 -1.162682030624523355e-01 -7.051060516360748709e-01 -2.797034277250876055e-01 9.238354997979624228e-01
1.403659891206551769e-01 -2.021118673842093594e-01 -4.446834593087390375e-01 -6.797275840708287831e-01 -5.116584296809406629e-01 4.116256411658141268e-01 1.288495482717962326e-01 7.844916540863112742e-01 2.855950537227102126e-01 3.501677536774444599e-01
2.337166511665367541e-01 -8.193593514519397214e-01 2.284265522203621501e-01 -2.661463812719081640e-02 -3.693029594338556043e-01 -1.582262850017802092e-01 9.710967054063454063e-01 -9.854048977001883536e-02 -2.225045575546189258e-01 9.433582552398719345e-01
3.096987477312077366e-02 -8.707860267653622088e-01 -2.670167174147603517e-01 3.085445841405592970e-01 -4.123474601981979570e-01 -1.547417922248622013e-01 2.703768070964699954e-01 -1.733414370632788692e-01 -9.312939959832651216e-01 -3.087207405684253697e-02
6.335624401620306712e-01 -8.687363275801198714e-01 -8.916959659109420511e-02 1.908977779361201721e-01 6.282632250879018887e-01 4.800412817652348063e-01 -5.229609037376165004e-01 -2.522636167740418545e-01 4.176942951269799753e-01 -9.876562512394014837e-01
-7.296742829135959285e-01 -4.402314646584796765e-01 2.990900895725580044e-01 9.230379560329474709e-01 -5.619725180113056551e-01 2.051588641642854149e-01 -7.132065370342911548e-01 -4.392638106202123027e-01 7.978761815903733234e-01 6.526533846465366606e-01
3.904094629545469264e-01 -5.166191332174140394e-01 -3.057493345768421689e-01 9.247591100989145385e-01 1.178156465300287531e-01 5.282439893112820251e-01 9.212221109742895209e-01 3.976640710122011924e-01 4.911607118223770274e-01 -7.701376886510039599e-01
-6.309912959733436910e-01 -9.348758211128080364e-02 -8.191190817953100667e-02 1.415977895486806026e-01 -5.471075921545290877e-01 -6.413193748672769701e-01 -4.938413055589849776e-01 -2.327856355818301581e-01 -2.181138034609001464e-01 -4.022029819318099220e-01
-4.502180339103054596e-01 4.618229738431607612e-02 -1.334477558357129445e-01 -2.967312393894749878e-02 9.672234784063228619e-02 -5.318321509735297603e-01 4.982227329216148415e-01 -1.620838430671615316e-01 -1.643669491876275646e-01 5.331838160115712766e-01
4.687798162998424445e-01 1.926393942133487469e-01 -3.370156713863490389e-02 4.475982589897982145e-01 5.584866577788364372e-01 -2.738696727976148160e-01 7.793669968282699312e-01 8.625047309395668105e-01 2.623939062294832758e-01 3.797156235597122786e-01
-1.987214882896763957e-01 1.090128537949465876e-01 9.407758792251010860e-01 5.393110810734375038e-01 4.690751181731426800e-01 2.570861202742940055e-01 -1.702362885525366132e-01 4.460393822946770448e-01 8.860387358562676896e-01 -9.073011850296665015e-01
3.093906639722313057e-01 -6.421355823729169021e-01 -9.045082599631529829e-01 6.244585177717791868e-01 -4.078950777910028691e-01 9.857661306981200244e-01 2.505847770406781361e-02 1.643428975329257191e-03 -6.791316529657274170e-01 2.946397686519457437e-01
2.129925339099877357e-01 1.965820560632854097e-01 2.080942730141485952e-01 -2.668034580307348524e-01 -2.926105225685118882e-01 -9.005636225162209907e-02 5.165807942529476726e-02 -6.647272986709967801e-01 6.665361640137555943e-01 8.842189884271114408e-01
-9.185572336700361662e-01 -2.027100277726431032e-01 2.110956948182353965e-01 -7.072227734974998459e-01 -4.898662558718049898e-01 2.837671951411549487e-01 1.532070196421613517e-01 8.758376423063054528e-01 7.944203284382124197e-01 1.072263688058451986e-01
