1.612252941747161772e-01 -6.388793564772567990e-01 1.453562866938907794e-01 -2.268308983480151753e-01 -8.745417804444121090e-01 6.125068787175279583e-01 -7.734098799325399565e-01 2.495806013846371130e-01 -9.953318600437097707e-01 -3.949660406698951576e-01
5.887717674460036799e-01 -4.491873646263054853e-01 1.129394675516780383e-01 -9.112484539520621096e-01 -5.801942828440904698e-01 -5.926393896801260830e-01 -1.143663643716469891e-01 -7.085668956931925333e-01 -2.776750325223290017e-01 9.235417675514303593e-01
1.202574887094263606e-01 -2.018003696188991614e-01 -4.213885837195145423e-01 -6.915570932109919022e-01 -5.099485024263017419e-01 3.963078495901634635e-01 1.459989044720876594e-01 7.523024497456058945e-01 3.039041877723505092e-01 3.473573093981590088e-01
1.966722747637154323e-01 -8.186221254277888937e-01 2.733041864987373892e-01 -4.314464916625780633e-02 -3.668825181843795025e-01 -1.844337639382342964e-01 1.004489653342233169e+00 -1.545641655333531983e-01 -1.869792713452450017e-01 9.389822742915847620e-01
5.353131737424465797e-03 -8.703379122981134142e-01 -2.367244441374275477e-01 2.951267643745207336e-01 -4.103981932947280420e-01 -1.736241035049494175e-01 2.927888908277048174e-01 -2.133196394708462285e-01 -9.074057699262375598e-01 -3.420075914209076695e-02
6.039618220109502778e-01 -8.681442091535903627e-01 -5.327331618324014639e-02 1.777869937124634259e-01 6.301837590148519075e-01 4.591373016904095050e-01 -4.962445874271217416e-01 -2.969690078359740193e-01 4.461143955770290881e-01 -9.911380419662501051e-01
-7.663065237780871675e-01 -4.394805512827336669e-01 3.437314751703187676e-01 9.073969342737195909e-01 -5.596767612187308893e-01 1.795124347500722251e-01 -6.799439388698689246e-01 -4.942252682433307398e-01 8.332468276371329807e-01 6.484334722464695222e-01
3.554130693617974512e-01 -5.159659393474329558e-01 -2.638727591858140431e-01 9.077490088566012583e-01 1.202955369760802112e-01 5.029526224797025158e-01 9.522921696259684099e-01 3.438698830387407757e-01 5.242463445845726433e-01 -7.744840416879781309e-01
-6.492438509986074857e-01 -9.305952142800891225e-02 -5.902089927363353417e-02 1.355408383777569614e-01 -5.462044417096528770e-01 -6.534344382146022312e-01 -4.766738134489701961e-01 -2.590900392645992256e-01 -1.998973421040281528e-01 -4.040411608166958324e-01
-4.657517495900199700e-01 4.664259999161678855e-02 -1.128128676540149644e-01 -3.173541766454428259e-02 9.706222017345103592e-02 -5.409606853260952031e-01 5.138907253856851431e-01 -1.825449309926062691e-01 -1.478087259136915688e-01 5.320904206091082722e-01
4.321968770914250135e-01 1.933693552533515825e-01 1.064010591720982932e-02 4.313359376027996461e-01 5.608683828940338456e-01 -2.997270882283253890e-01 8.123651238923966789e-01 8.072173680515175587e-01 2.974977607456179007e-01 3.754035612863106941e-01
-2.350462154387736591e-01 1.097605705608806631e-01 9.850798532473917790e-01 5.239014412026539169e-01 4.713377272542058072e-01 2.316932334055690768e-01 -1.372186861438560168e-01 3.916016078274110468e-01 9.211466093841765845e-01 -9.114704305688479113e-01
2.858681611753743912e-01 -6.418803663924979030e-01 -8.785702260524548279e-01 6.071041672289788638e-01 -4.054073071589201493e-01 9.665037371740912153e-01 4.391670010102013966e-02 -3.819987914324323580e-02 -6.589139181620405905e-01 2.908166198681823578e-01
2.015013942745447484e-01 1.969766495046230970e-01 2.240089161611675261e-01 -2.665869805449043728e-01 -2.926006280391202363e-01 -9.614343039852532580e-02 6.384439479006193130e-02 -6.787790136365755567e-01 6.793796305414501191e-01 8.836754593035297534e-01
-9.549096196068556086e-01 -2.019782341382440061e-01 2.552352198024607777e-01 -7.231753918405064985e-01 -4.875282699584213564e-01 2.581519346509703605e-01 1.860680597199941277e-01 8.210277068868927497e-01 8.293736585572408782e-01 1.029730405989619096e-01
