1.609574841313932969e-01 -6.388073135434549910e-01 1.440415295684336905e-01 -2.242452618975456502e-01 -8.753182723013910316e-01 6.133584128106686073e-01 -7.746082186790343993e-01 2.519529960623341780e-01 -9.961573570883779372e-01 -3.956488498552168109e-01
5.888985179225738609e-01 -4.491618089223016752e-01 1.119122272436364196e-01 -9.100114788826892953e-01 -5.805740886797806644e-01 -5.920950420249128099e-01 -1.152503293892162550e-01 -7.070978512879183553e-01 -2.783888179544302122e-01 9.232090029473520865e-01
1.153625545896033722e-01 -2.010926161186935568e-01 -4.285787612445159933e-01 -6.694204042815448119e-01 -5.165113196799291373e-01 4.021997731763585771e-01 1.389112822243436518e-01 7.692026603098196524e-01 3.000922191774655912e-01 3.415738500080496287e-01
1.845475867329434416e-01 -8.168609330780787214e-01 2.552703379708024523e-01 1.202161399886894633e-02 -3.832399569808367934e-01 -1.697109677518537918e-01 9.867367566304011683e-01 -1.123507917779425352e-01 -1.965713700331256364e-01 9.245676970055614063e-01
-3.096663672946968482e-03 -8.691897273360963405e-01 -2.471022405156796942e-01 3.303053344170145400e-01 -4.208055786298592893e-01 -1.646215443812927837e-01 2.823434975624543042e-01 -1.873421752406891350e-01 -9.126240919385821826e-01 -4.337547915979196589e-02
6.111927611847527420e-01 -8.681399700704157674e-01 -7.167925156113975904e-02 1.883892402156341073e-01 6.267275755569492457e-01 4.671051314382463904e-01 -5.113110693505488191e-01 -2.763234168386852208e-01 4.323091213774940544e-01 -9.941374320733129544e-01
-7.773716510945167801e-01 -4.377891708314662900e-01 3.249481712603380923e-01 9.612113376794626518e-01 -5.756582773519454133e-01 1.942841937350936465e-01 -6.981911806087515160e-01 -4.520469334240951320e-01 8.229359052801585861e-01 6.343538580994485532e-01
3.407927314241647188e-01 -5.140915942407725536e-01 -2.787233997016240750e-01 9.639840655516205281e-01 1.036950780753496670e-01 5.167457017383927376e-01 9.369510733447102835e-01 3.839377221247000094e-01 5.172967900877744052e-01 -7.891237181151030677e-01
-6.567476072047564450e-01 -9.198561090816044505e-02 -6.973763189436674170e-02 1.690197611779044595e-01 -5.561265727513569068e-01 -6.445778210739941949e-01 -4.872700789258673226e-01 -2.336627406024343601e-01 -2.055363602347675123e-01 -4.127854915345481879e-01
-4.644369154723714255e-01 4.703320177909008082e-02 -1.269391964567251896e-01 -1.372670531047213635e-02 9.155009039536361748e-02 -5.333207970539195486e-01 5.016680061765604881e-01 -1.618529548179050148e-01 -1.575368125515033413e-01 5.272585212896733209e-01
4.210824499499001838e-01 1.950395054650054250e-01 -7.431454802031388016e-03 4.842034827771956040e-01 5.451760341838055579e-01 -2.853463600642063835e-01 7.947363522939995262e-01 8.483337592977332475e-01 2.876735091072965544e-01 3.615775225352377276e-01
-2.451728591891520759e-01 1.113712302877093163e-01 9.661549738102981344e-01 5.757393871434562937e-01 4.559257782443736917e-01 2.462084191415941925e-01 -1.554443511507379028e-01 4.329283102092837954e-01 9.105486885084175253e-01 -9.250456879608021099e-01
2.653483826978569882e-01 -6.399554023743950770e-01 -8.798995167925246497e-01 6.569200047188658020e-01 -4.198654654687681287e-01 9.746550007751909606e-01 3.955225837889977947e-02 -1.262634297245159715e-02 -6.556015451897846402e-01 2.780294036678548908e-01
2.038054865494633994e-01 1.972207749912936459e-01 2.114308455937222719e-01 -2.531939794014212430e-01 -2.967433220027979601e-01 -8.974892984958030007e-02 5.313776625914015672e-02 -6.616520288241897196e-01 6.704856377818636526e-01 8.800502184918400639e-01
-9.664969540207459797e-01 -2.002656298461296946e-01 2.371858228172902538e-01 -6.692385361023103219e-01 -5.035299065760872050e-01 2.726901957134174048e-01 1.683851526988585090e-01 8.626505127681080021e-01 8.196610988432928568e-01 8.887329816024616691e-02
