1.782131522519248834e-01 -6.398369519470545885e-01 1.431909506420323275e-01 -2.450987533649633399e-01 -8.676296918157736515e-01 6.145707667010231745e-01 -7.725087417320523064e-01 2.475970723395573281e-01 -9.991975072188715723e-01 -3.856324990710492395e-01
6.189272373078172906e-01 -4.509090530960830345e-01 1.107752749250288382e-01 -9.448221871549854489e-01 -5.674322829160205472e-01 -5.894194397960906828e-01 -1.112770978957041412e-01 -7.136713211974926585e-01 -2.833325635437469736e-01 9.407812405990407800e-01
1.573489531326714985e-01 -2.038109160974248824e-01 -4.322891581591865595e-01 -7.272310239970164458e-01 -4.966656202697784517e-01 4.024448717058163871e-01 1.424916274349506962e-01 7.537911144137454666e-01 2.910371996946509721e-01 3.652689535898228645e-01
2.430654833208795718e-01 -8.209793579014501574e-01 2.475581228785015409e-01 -7.949969967673040094e-02 -3.538181834242736246e-01 -1.735580194103649443e-01 9.893604010158391082e-01 -1.412834158776778426e-01 -2.117588499336912344e-01 9.565445557921875563e-01
2.566066819565189852e-02 -8.713212632095820309e-01 -2.517213455455453719e-01 2.817566160985304213e-01 -4.057719047893720843e-01 -1.678788657249900562e-01 2.828606630292767599e-01 -2.039924227147512370e-01 -9.209253263283950774e-01 -2.800306560200255604e-02
6.475078333778550022e-01 -8.703991605082183058e-01 -7.418024560195594919e-02 1.414390961080677911e-01 6.434014555676277336e-01 4.684846150831378231e-01 -5.075547584815842672e-01 -2.875758838437945109e-01 4.251927561687048884e-01 -9.733508943441707695e-01
-7.183636688301203721e-01 -4.419193922025144161e-01 3.173461995870108798e-01 8.696768832239919478e-01 -5.461113451427634935e-01 1.906931332303524740e-01 -6.953827371539071933e-01 -4.807090450433557649e-01 8.077978718882191655e-01 6.666706203275253317e-01
4.004855464583283453e-01 -5.182865361697437390e-01 -2.865429111339540813e-01 8.708300795365268021e-01 1.336746045007080330e-01 5.128997931939682786e-01 9.396716786048412429e-01 3.545636620571999131e-01 5.018524177528558283e-01 -7.564852216708943811e-01
-6.370995038320770298e-01 -9.357088972198633614e-02 -7.388681653235484870e-02 1.315696186531416789e-01 -5.451661787604442644e-01 -6.484406851404709293e-01 -4.878417563945801061e-01 -2.479521966271688305e-01 -2.122115883291711136e-01 -4.026920675861962451e-01
-4.314248292082659142e-01 4.487450846129858312e-02 -1.300214675801765474e-01 -5.989143940007118222e-02 1.072682957766646211e-01 -5.333999994718137128e-01 5.043294576632854076e-01 -1.744542096646624629e-01 -1.648230348294404402e-01 5.458209334615571340e-01
4.788782755430407989e-01 1.909925808058883789e-01 -1.488918475979401738e-02 3.944979896568018285e-01 5.741242724671381525e-01 -2.888833018893976479e-01 7.974760027359367731e-01 8.202254683711232008e-01 2.728344018064287058e-01 3.932255102253045531e-01
-2.110475978085867843e-01 1.086996488835411390e-01 9.595784656927021095e-01 5.134093076098831254e-01 4.745252021219008576e-01 2.405376735790046017e-01 -1.558506238457935122e-01 4.099576609530861671e-01 8.995914067616326282e-01 -9.072554504725335311e-01
3.201185998879226835e-01 -6.437615210892309037e-01 -8.867438200748301025e-01 5.728715506597543694e-01 -3.925873282420469512e-01 9.716708550718743398e-01 4.235618735021040582e-02 -3.860901619941492502e-02 -6.694385045660983247e-01 3.081125884728719289e-01
2.369717354457819003e-01 1.951158625276214753e-01 2.088261420156942438e-01 -2.974544578352613100e-01 -2.812928929092993746e-01 -8.901750966402108278e-02 5.626982175859586432e-02 -6.728691026602782177e-01 6.636624392048607879e-01 8.989021915782146044e-01
-9.229075255948070433e-01 -2.035082592051455364e-01 2.300940742806776018e-01 -7.432160279737273223e-01 -4.806797572217877956e-01 2.676040624934650780e-01 1.690849946158752004e-01 8.371478592571045541e-01 8.069871648603964553e-01 1.121370812673110756e-01
