1.638240032665904400e-01 -6.389285665350479260e-01 1.422381936325226581e-01 -2.255905350459328773e-01 -8.747227746503484225e-01 6.143762328976829501e-01 -7.757248134053144062e-01 2.535610081307432817e-01 -9.977964446630884776e-01 -3.946467601233129008e-01
6.006036009967198330e-01 -4.492549982188376312e-01 1.006225114612655097e-01 -9.005626790857017561e-01 -5.817168938209105189e-01 -5.822026213666531280e-01 -1.231828670140301119e-01 -6.873077118684290943e-01 -2.871769445454654401e-01 9.257627906004691765e-01
1.380626235755711417e-01 -2.021044693259017311e-01 -4.423549705544838617e-01 -6.819936526373066021e-01 -5.113362531714774617e-01 4.095228439885749694e-01 1.305023496070380762e-01 7.802373447027959319e-01 2.873814367871908027e-01 3.497070763641159652e-01
2.325307106228211018e-01 -8.193555423920575453e-01 2.296254280241401546e-01 -2.778137546662932250e-02 -3.691370794737161010e-01 -1.593089583243108565e-01 9.719476880557793574e-01 -1.007309184643218197e-01 -2.215847972902110496e-01 9.431210649664425461e-01
2.589897411114072678e-02 -8.707697398069810246e-01 -2.618905075560750695e-01 3.035557934475799358e-01 -4.116381828198860116e-01 -1.593711380188155557e-01 2.740154789533478241e-01 -1.827073756635061441e-01 -9.273612415476707449e-01 -3.188626344510638033e-02
6.313244094762179293e-01 -8.687291393674007045e-01 -8.690715531479950573e-02 1.886959863018061456e-01 6.285762630752789182e-01 4.779981303346050314e-01 -5.213549840373248312e-01 -2.563972528647481819e-01 4.194300075168160280e-01 -9.881038614616206583e-01
-7.436652617462889969e-01 -4.401865277714944735e-01 3.132336704481501477e-01 9.092735244972375286e-01 -5.600155708242164909e-01 1.923861669000626329e-01 -7.031671802568275620e-01 -4.651051073520863777e-01 8.087269333069522226e-01 6.498551633423944596e-01
3.903854245838448422e-01 -5.166190560098390394e-01 -3.057250340154441526e-01 9.247354609667333136e-01 1.178190088267265234e-01 5.282220441110658804e-01 9.212393599303999592e-01 3.976196722122535832e-01 4.911793548633878737e-01 -7.701424963690213232e-01
-6.355226351234185556e-01 -9.347302814206152888e-02 -7.733114492413514784e-02 1.371398235805995069e-01 -5.464737843624133395e-01 -6.454561421269188193e-01 -4.905898010751822413e-01 -2.411550056573694145e-01 -2.145995078101781972e-01 -4.031092580328361485e-01
-4.411329511253117563e-01 4.615311748609433190e-02 -1.426319312009668439e-01 -2.073515029995566875e-02 9.545159849470225000e-02 -5.235381628672814980e-01 4.917036474078682606e-01 -1.453037218985074319e-01 -1.714129163642898190e-01 5.350008491514871567e-01
4.563783676374544851e-01 1.926792257722166890e-01 -2.116485371575960173e-02 4.353976193420429075e-01 5.602212740888105058e-01 -2.851912501723403159e-01 7.882657714721270636e-01 8.395992917546385437e-01 2.720118923597337757e-01 3.772353111909857448e-01
-2.003200134388535558e-01 1.090179880135620644e-01 9.423918397664911017e-01 5.377384398567597312e-01 4.692987071965828427e-01 2.556267886546952361e-01 -1.690892519883158696e-01 4.430869110482247297e-01 8.872784775293732773e-01 -9.076208929772749956e-01
2.953861174524973765e-01 -6.420906019085932392e-01 -8.903509634153944363e-01 6.106807382422223540e-01 -4.059362328634262274e-01 9.729810471697751817e-01 3.510757010135309719e-02 -2.422292723458286529e-02 -6.682703787828359054e-01 2.918388337856303583e-01
2.148004511165102215e-01 1.965762493093649033e-01 2.062666365397745338e-01 -2.650248153132387929e-01 -2.928633996927004213e-01 -8.840587164379333507e-02 5.036079164597355440e-02 -6.613880809108184655e-01 6.651340276109567462e-01 8.845805751683905038e-01
-9.182815137005054806e-01 -2.027109133430709254e-01 2.108169675229755458e-01 -7.069515180914973662e-01 -4.899048213950074615e-01 2.840189064576132405e-01 1.530091742177709935e-01 8.763468962786508110e-01 7.942064928682743830e-01 1.072815133030204371e-01
