1.636692942689438601e-01 -6.389280696333781151e-01 1.423945900681518328e-01 -2.257427389361345293e-01 -8.747011351824183212e-01 6.142349953749461910e-01 -7.756138005274714198e-01 2.532752610673617011e-01 -9.976764595682743320e-01 -3.946777022052311290e-01
5.956198678860942231e-01 -4.492389912293171528e-01 1.056606030169319893e-01 -9.054657136777605198e-01 -5.810198087485457519e-01 -5.867523898302404728e-01 -1.196067430430385742e-01 -6.965126522578181101e-01 -2.833117932038932696e-01 9.247660348815823772e-01
1.386668183442474889e-01 -2.021064099072121534e-01 -4.429657553807331283e-01 -6.813992412221275830e-01 -5.114207631451650471e-01 4.100744277598902809e-01 1.300688040404015811e-01 7.813532906625402230e-01 2.869128514579039058e-01 3.498279164206823388e-01
2.328643532301910568e-01 -8.193566140011507848e-01 2.292881463187420032e-01 -2.745313532836192796e-02 -3.691837467562410491e-01 -1.590043680544417914e-01 9.717082797047551512e-01 -1.001146815503400622e-01 -2.218435549609884261e-01 9.431877940969112251e-01
2.648222965150109909e-02 -8.707716131346884270e-01 -2.624801247661981973e-01 3.041296046904612971e-01 -4.117197639803403253e-01 -1.588386701669383394e-01 2.735969585244249491e-01 -1.816301043968423512e-01 -9.278135873864751249e-01 -3.176961127242338562e-02
6.316655475324303159e-01 -8.687302350507307702e-01 -8.725201422320616462e-02 1.890316005197327232e-01 6.285285473887999297e-01 4.783095633779547162e-01 -5.215997708172664948e-01 -2.557671718788115944e-01 4.191654367249291746e-01 -9.880356332277020481e-01
-7.407821896967197173e-01 -4.401957877585483403e-01 3.103191522295994376e-01 9.121099127380720706e-01 -5.604188320831353654e-01 1.950181919299369682e-01 -7.052359553773448475e-01 -4.597800817607246571e-01 8.064909568706372101e-01 6.504317830147529067e-01
3.903893144326013309e-01 -5.166190685034390828e-01 -3.057289662914585149e-01 9.247392878295663809e-01 1.178184647455244038e-01 5.282255952464913751e-01 9.212365687333048392e-01 3.976268567514599228e-01 4.911763380778164656e-01 -7.701417183921699383e-01
-6.353963165694540560e-01 -9.347343385796257065e-02 -7.745884125656828101e-02 1.372640967360753417e-01 -5.464914528001841854e-01 -6.453408229153085873e-01 -4.906804421265359428e-01 -2.409216956599223580e-01 -2.146974745988250999e-01 -4.030839940914751618e-01
-4.420170648090191445e-01 4.615595712420413749e-02 -1.417381743353275381e-01 -2.160494807570090964e-02 9.557526130679623588e-02 -5.243452912722480486e-01 4.923380513912289924e-01 -1.469366772705795743e-01 -1.707272389584515437e-01 5.348240248009812348e-01
4.599744007245142319e-01 1.926676758632102915e-01 -2.480010936201120647e-02 4.389354240817169295e-01 5.597182894929109143e-01 -2.819083460580253386e-01 7.856854045388146357e-01 8.462411542841710155e-01 2.692229765405553810e-01 3.779545243722034487e-01
-1.992481113137447579e-01 1.090145452276618659e-01 9.413082462182134069e-01 5.387929853314169515e-01 4.691487780262473817e-01 2.566053535931896445e-01 -1.698584053115517190e-01 4.450667111189486325e-01 8.864471601524325228e-01 -9.074065105957203059e-01
2.980881039497727536e-01 -6.420992802765127516e-01 -8.930824209499932387e-01 6.133389731375002984e-01 -4.063141653110859952e-01 9.754477548929740838e-01 3.316873460039084648e-02 -1.923236612541632390e-02 -6.703659136967314858e-01 2.923792360169962801e-01
2.143418593364338487e-01 1.965777222361158039e-01 2.067302302602678776e-01 -2.654759813992706441e-01 -2.927992555105974892e-01 -8.882453098456005725e-02 5.068985843611410747e-02 -6.622350985790933509e-01 6.654896900420402828e-01 8.844888559753119051e-01
-9.182903869863779933e-01 -2.027108848434320265e-01 2.108259375913225930e-01 -7.069602476977208116e-01 -4.899035802701343645e-01 2.840108058239446120e-01 1.530155413264435438e-01 8.763305073457561267e-01 7.942133745756276841e-01 1.072797386296495958e-01
