1.631542317999002123e-01 -6.389264153313998218e-01 1.429152704132523599e-01 -2.262494613160725698e-01 -8.746290923280888308e-01 6.137647825994193562e-01 -7.752442126700923586e-01 2.523239422027439560e-01 -9.972770011002891621e-01 -3.947807156391786032e-01
5.909360926788729262e-01 -4.492239476587658875e-01 1.103954649760988393e-01 -9.100736473998676246e-01 -5.803646794093952899e-01 -5.910283195911887333e-01 -1.162458566509546320e-01 -7.051635712823236535e-01 -2.796792752451734976e-01 9.238292712908867665e-01
1.403857715022156227e-01 -2.021119309221973137e-01 -4.447034574601806400e-01 -6.797081220131802048e-01 -5.116611966836221992e-01 4.116437009723407647e-01 1.288353532402142232e-01 7.845281920868386605e-01 2.855797114287047522e-01 3.501717101898651485e-01
2.337222457911666551e-01 -8.193593694210195011e-01 2.284208965741870156e-01 -2.660913409286934025e-02 -3.693037419655900155e-01 -1.582211775359224637e-01 9.710926909314921973e-01 -9.853015651479107850e-02 -2.225088964849777362e-01 9.433593741750097017e-01
3.106012597763739558e-02 -8.707863166384458564e-01 -2.671079530048834361e-01 3.086333739629469886e-01 -4.123600838210997321e-01 -1.546593997541990118e-01 2.703120465066232714e-01 -1.731747433541243886e-01 -9.313639906150947834e-01 -3.085402365120452906e-02
6.335954291420251572e-01 -8.687364335356847489e-01 -8.920294538763905157e-02 1.909302327458941295e-01 6.282586108509441436e-01 4.800713981895081139e-01 -5.229845752865374120e-01 -2.522026862250708046e-01 4.176687104101718395e-01 -9.876496533831881086e-01
-7.296532759473052243e-01 -4.402315321296467188e-01 2.990688534796273612e-01 9.230586228463805165e-01 -5.619754562991897684e-01 2.051780419233313058e-01 -7.132216107780174896e-01 -4.392250108152919719e-01 7.978598895654719358e-01 6.526575860781385074e-01
3.904097451453287793e-01 -5.166191341237676982e-01 -3.057496198455280090e-01 9.247593877203550417e-01 1.178156070594196386e-01 5.282442469299569732e-01 9.212219084856736462e-01 3.976645922177448611e-01 4.911604929683463516e-01 -7.701376322123324458e-01
-6.307959617647614925e-01 -9.348820949492281374e-02 -8.210937293234701895e-02 1.417899608308162696e-01 -5.471349139548546958e-01 -6.411410496234608569e-01 -4.939814694341684853e-01 -2.324248538734008107e-01 -2.182652955776723525e-01 -4.021639147335517861e-01
-4.503341384946177861e-01 4.618267029450671274e-02 -1.333303848784779255e-01 -2.978734851328639077e-02 9.673858762931292210e-02 -5.319381456093692506e-01 4.983060448442007684e-01 -1.622982878927183015e-01 -1.642769038782468105e-01 5.331605948827842223e-01
4.687998448408373098e-01 1.926393298847342839e-01 -3.372181413441473208e-02 4.476179632209732473e-01 5.584838563453249360e-01 -2.738513882662871324e-01 7.793526251626999857e-01 8.625417235958451334e-01 2.623783730256824542e-01 3.797196293044691751e-01
-1.987170556616502937e-01 1.090128395580224202e-01 9.407713982496290761e-01 5.393154419266500410e-01 4.690744981722799190e-01 2.570901669258213729e-01 -1.702394692259368292e-01 4.460475693455971391e-01 8.860352981163683861e-01 -9.073002984959703809e-01
3.094244062557457431e-01 -6.421356907479776055e-01 -9.045423702796305809e-01 6.244917136872935037e-01 -4.078997973940841626e-01 9.857969348310893221e-01 2.503426561521123611e-02 1.705750873684921953e-03 -6.791578219096693347e-01 2.946465171702380981e-01
2.129764131545089367e-01 1.965821078406896627e-01 2.081105696015151107e-01 -2.668193177527560800e-01 -2.926082677250541608e-01 -9.007107927262995861e-02 5.166964702308111251e-02 -6.647570736589265561e-01 6.665486665210694772e-01 8.842157642465906520e-01
-9.185722973111848377e-01 -2.027099793905286218e-01 2.111109227611415728e-01 -7.072375932223916584e-01 -4.898641488891181117e-01 2.837534431849559891e-01 1.532178286977440018e-01 8.758098198054327099e-01 7.944320110968745574e-01 1.072233560501199556e-01
