1.612483812247835768e-01 -6.388802626078875502e-01 1.453229502707664156e-01 -2.268349843086766016e-01 -8.745412941295527265e-01 6.125177129503718287e-01 -7.734356124431402968e-01 2.496065600936246687e-01 -9.953589099114067418e-01 -3.949655047043658662e-01
5.887900857944401434e-01 -4.491880835928506177e-01 1.129130168699048475e-01 -9.112516959449055154e-01 -5.801938969790702005e-01 -5.926307932916011767e-01 -1.143867817525572178e-01 -7.085462988358718350e-01 -2.776964951561511907e-01 9.235421928116210877e-01
1.204481672702650552e-01 -2.018078534543876479e-01 -4.216639130130492297e-01 -6.915908396227808952e-01 -5.099444858968087413e-01 3.963973307460681439e-01 1.457863767531409060e-01 7.525168456626469826e-01 3.036807798519676194e-01 3.473617359981571173e-01
1.966493021931129404e-01 -8.186212237902982247e-01 2.733373576198473431e-01 -4.314058346624416451e-02 -3.668830020877976716e-01 -1.844445444484425212e-01 1.004515258255585852e+00 -1.545899955234656120e-01 -1.869523556070436243e-01 9.389817409836944684e-01
5.352797561039127766e-03 -8.703378991822126043e-01 -2.367239616052137230e-01 2.951268235172678778e-01 -4.103982003339531337e-01 -1.736242603264038231e-01 2.927892632961385799e-01 -2.133200152134167027e-01 -9.074053783895542624e-01 -3.420076689999065889e-02
6.039882094880322239e-01 -8.681452448208231143e-01 -5.331141824039432875e-02 1.777823236401503137e-01 6.301843148512263904e-01 4.591496847393496950e-01 -4.962739985485835614e-01 -2.969393381797603704e-01 4.460834787746727481e-01 -9.911374293813559611e-01
-7.663193860003719715e-01 -4.394800464606122281e-01 3.437500475077613915e-01 9.073992106379203948e-01 -5.596770321537271053e-01 1.795063987987178256e-01 -6.799296028126281533e-01 -4.942397303198736158e-01 8.332618976183595594e-01 6.484331736501675048e-01
3.553821113800729736e-01 -5.159647242950365920e-01 -2.638280575727959820e-01 9.077544878197045808e-01 1.202948848647673596e-01 5.029380945958281668e-01 9.523266749694645483e-01 3.438350743803768039e-01 5.242826164039419146e-01 -7.744847603770705913e-01
-6.494881940466398218e-01 -9.304993134527393683e-02 -5.866808142930470676e-02 1.355840823642879556e-01 -5.462095886493744112e-01 -6.535491029062121537e-01 -4.764014720257373492e-01 -2.593647746707459789e-01 -1.996110583604294442e-01 -4.040468332369783755e-01
-4.657789569113204853e-01 4.664366783645366998e-02 -1.127735817871630131e-01 -3.173060249568501745e-02 9.706164706754993876e-02 -5.409734531094702037e-01 5.139210502943125647e-01 -1.825755224685162437e-01 -1.477768485435027312e-01 5.320897889915426893e-01
4.321661717537046421e-01 1.933705603898656644e-01 1.068444272626223324e-02 4.313413718528079643e-01 5.608677361045153464e-01 -2.997414975520562574e-01 8.123993476423374549e-01 8.071828434620217374e-01 2.975337365554550639e-01 3.754028484623450623e-01
-2.350591014852791427e-01 1.097610763180655313e-01 9.850984599856911217e-01 5.239037217832801518e-01 4.713374558173666906e-01 2.316871862740442489e-01 -1.372043235324643118e-01 3.915871189632962879e-01 9.211617072789743954e-01 -9.114707297182289558e-01
2.860141333384267903e-01 -6.418860955717479166e-01 -8.787810017807390350e-01 6.070783329836267894e-01 -4.054042323428764250e-01 9.665722386239783415e-01 4.375400152228742234e-02 -3.803575038318523366e-02 -6.590849459757491813e-01 2.908200086098103876e-01
2.013824063997909919e-01 1.969813195927329896e-01 2.241807280699161797e-01 -2.665659219958904647e-01 -2.926031344473192242e-01 -9.619926872940415263e-02 6.397701704970407133e-02 -6.789128016954553146e-01 6.795190423008665714e-01 8.836726970017594329e-01
-9.549093613560529770e-01 -2.019782442741843986e-01 2.552348469025880751e-01 -7.231754375458963047e-01 -4.875282645185231023e-01 2.581520558422581435e-01 1.860677718771775457e-01 8.210279972599552334e-01 8.293733559785213538e-01 1.029730465942505224e-01
