1.609709801899726345e-01 -6.388084356704846201e-01 1.440384236517028016e-01 -2.242720885885688686e-01 -8.753105662707670875e-01 6.133553376233094045e-01 -7.746088496733146700e-01 2.519424302206815791e-01 -9.961622007621467878e-01 -3.956420223215106335e-01
5.889180380138654414e-01 -4.491634319162989275e-01 1.119077349855616133e-01 -9.100502798003605731e-01 -5.805629430241516786e-01 -5.920994898374082327e-01 -1.152512420309244473e-01 -7.071131332454186902e-01 -2.783958236260193342e-01 9.232188779846051130e-01
1.155266471628330904e-01 -2.011062595621265769e-01 -4.286165247045375382e-01 -6.697465780852047690e-01 -5.164176254812097300e-01 4.021623833410997162e-01 1.389036102455552812e-01 7.690741949408435030e-01 3.000333271025729109e-01 3.416568629535010060e-01
1.845346404482312297e-01 -8.168598566618847645e-01 2.552733173652719234e-01 1.204734788093762832e-02 -3.832473490994965371e-01 -1.697080178349680002e-01 9.867373619205721536e-01 -1.123406563451823104e-01 -1.965667236706861720e-01 9.245611475974714333e-01
-3.252647098467547487e-03 -8.691767581260907427e-01 -2.470663432551410965e-01 3.306153893220511453e-01 -4.208946426367183302e-01 -1.645860022816807433e-01 2.823507904064165297e-01 -1.872200583896991288e-01 -9.125681101997565881e-01 -4.345438976091908073e-02
6.111855330613583659e-01 -8.681393690895747861e-01 -7.167758811627163162e-02 1.884036078646658674e-01 6.267234484156877228e-01 4.671067784252953548e-01 -5.113107314071047016e-01 -2.763177580601031136e-01 4.323117155179594384e-01 -9.941410887154219500e-01
-7.774039813461012249e-01 -4.377864827393120328e-01 3.249556115858761030e-01 9.612756018988909412e-01 -5.756767374013979088e-01 1.942915604474123592e-01 -6.981896690412290329e-01 -4.520216226033971774e-01 8.229475084597549506e-01 6.343375025182155236e-01
3.407920324464561168e-01 -5.140915361244139392e-01 -2.787232388423223073e-01 9.639854549394117900e-01 1.036946789704112776e-01 5.167458610061820279e-01 9.369511060246911160e-01 3.839382693428188276e-01 5.172970409476808085e-01 -7.891240717215902700e-01
-6.572108158812224321e-01 -9.194709751751363458e-02 -6.963103132134218498e-02 1.699405008123524297e-01 -5.563910573951595939e-01 -6.444722751875311406e-01 -4.872484220825959444e-01 -2.333001021699696031e-01 -2.053701167569033648e-01 -4.130198246054192501e-01
-4.642764076851229604e-01 4.701985639195416233e-02 -1.269761349316823607e-01 -1.404575348220491945e-02 9.164173773941136636e-02 -5.333573700663652994e-01 5.016605018007382899e-01 -1.619786137170652340e-01 -1.575944180630841074e-01 5.273397207243893936e-01
4.210193489432356162e-01 1.950447519852960554e-01 -7.416933045832446898e-03 4.843289113383635880e-01 5.451400045321189713e-01 -2.853319819836057647e-01 7.947393025163961289e-01 8.483831600350388857e-01 2.876961557703182626e-01 3.615456003079176583e-01
-2.452190986430184960e-01 1.113750748576419064e-01 9.661656151314325092e-01 5.758312992772592898e-01 4.558993762659418469e-01 2.462189551794446429e-01 -1.554421892728279908e-01 4.329645103150246421e-01 9.105652836371702641e-01 -9.250690800813957670e-01
2.652978875995070096e-01 -6.399512039697724530e-01 -8.798878960982403630e-01 6.570203759786420461e-01 -4.198942973511990973e-01 9.746665064964525893e-01 3.955461922507235578e-02 -1.258681119283877950e-02 -6.555834227296684080e-01 2.780038586552904256e-01
2.039157654081227289e-01 1.972116058781500092e-01 2.114054665580460124e-01 -2.534131853903591747e-01 -2.966803545625634198e-01 -8.977405778972194494e-02 5.313261028499832728e-02 -6.617383643236526281e-01 6.704460592032880362e-01 8.801060075668611926e-01
-9.664858992851558250e-01 -2.002665489898589057e-01 2.371832787346587756e-01 -6.692605100715456334e-01 -5.035235945013064596e-01 2.726876768014739327e-01 1.683846358461131842e-01 8.626418581979554689e-01 8.196571313491919364e-01 8.887889065078040385e-02
