1.781737242664131471e-01 -6.398346811327133565e-01 1.431922637212549032e-01 -2.450538211171691405e-01 -8.676468224703695054e-01 6.145669572954605142e-01 -7.725141260267780474e-01 2.476051761221960690e-01 -9.991911976440389642e-01 -3.856556457068880395e-01
6.189902187727389649e-01 -4.509126804488864382e-01 1.107731774388924645e-01 -9.448939610169156955e-01 -5.674049187555769702e-01 -5.894133547288548103e-01 -1.112684971324393590e-01 -7.136842660156306195e-01 -2.833426423307007225e-01 9.408182145659887974e-01
1.573765309915843569e-01 -2.038125044158922983e-01 -4.322900765909317156e-01 -7.272624518058233845e-01 -4.966536382532134031e-01 4.024475361901359016e-01 1.424953934736758188e-01 7.537854462323415605e-01 2.910327864698241673e-01 3.652851434775177264e-01
2.431544640102122345e-01 -8.209844826528878148e-01 2.475551595342460054e-01 -7.960110233096452659e-02 -3.537795231317207301e-01 -1.735494223814143810e-01 9.893725522391401128e-01 -1.413017044145137291e-01 -2.117730893200233666e-01 9.565967928919514307e-01
2.568777315224698293e-02 -8.713228242917260280e-01 -2.517222482281164520e-01 2.817257272105901933e-01 -4.057601282392075404e-01 -1.678762469309764416e-01 2.828643644883531150e-01 -2.039979936987573461e-01 -9.209296638756917508e-01 -2.798715333685408702e-02
6.475280096892237491e-01 -8.704003225421548251e-01 -7.418091753826977497e-02 1.414161031245249889e-01 6.434102217629226184e-01 4.684865644536613805e-01 -5.075520031998858039e-01 -2.875800307572028980e-01 4.251895273974457545e-01 -9.733390496169861406e-01
-7.183736693730181644e-01 -4.419188162315146884e-01 3.173465326373791084e-01 8.696882798719750562e-01 -5.461156901744441683e-01 1.906921670099572808e-01 -6.953841028303342497e-01 -4.807069895940382365e-01 8.077994722533649030e-01 6.666647493979904748e-01
4.004677942655609502e-01 -5.182855137504290832e-01 -2.865423199286166733e-01 8.708503099874099762e-01 1.336668915354456422e-01 5.128980780340127721e-01 9.396692543613337500e-01 3.545673107323650819e-01 5.018552585976835401e-01 -7.564956432923897189e-01
-6.371000665026331777e-01 -9.357085731555339625e-02 -7.388679779360858568e-02 1.315702598741557705e-01 -5.451664232293113033e-01 -6.484407395038962463e-01 -4.878418332330000662e-01 -2.479520809793662739e-01 -2.122114982862248755e-01 -4.026923979081817873e-01
-4.315477354013391720e-01 4.488158711728974098e-02 -1.300173744071078386e-01 -5.975137514238881842e-02 1.072148955454862024e-01 -5.334118742741779107e-01 5.043126735654287485e-01 -1.744289482910292011e-01 -1.648033664184750391e-01 5.457487800188570715e-01
4.789386784696819110e-01 1.909891019613496332e-01 -1.489119637228006332e-02 3.944291543046501425e-01 5.741505163053519656e-01 -2.888774659522642674e-01 7.974842513734237137e-01 8.202130535296878744e-01 2.728247356573520466e-01 3.932609704327793554e-01
-2.113704630667857520e-01 1.087182439765721625e-01 9.595892181482671424e-01 5.137772458039666645e-01 4.743849237600364921e-01 2.405064793727932360e-01 -1.558947143993499318e-01 4.100240206678948951e-01 8.996430741872188941e-01 -9.074449921003781006e-01
3.201646284788032260e-01 -6.437641720586609884e-01 -8.867453529755234820e-01 5.728190963427451932e-01 -3.925673297592010003e-01 9.716753022067675660e-01 4.236247302511599033e-02 -3.861847662938164977e-02 -6.694458704214629741e-01 3.081396100672409433e-01
2.371335973109356399e-01 1.951065402596961484e-01 2.088207514929652509e-01 -2.976389160909679865e-01 -2.812225672340665228e-01 -8.900187108950388670e-02 5.629192565194788417e-02 -6.729023707401884380e-01 6.636365368023546818e-01 8.989972143799194182e-01
-9.232690467390509692e-01 -2.034874377660492450e-01 2.301061141020599721e-01 -7.428040374186637429e-01 -4.808368307767957317e-01 2.675691334794664256e-01 1.690356252056730013e-01 8.372221640620350902e-01 8.070450183034155733e-01 1.119248462731761151e-01
