1.631496917450490358e-01 -6.389264007494370734e-01 1.429198599872725517e-01 -2.262539278566137735e-01 -8.746284573012135244e-01 6.137606378753889258e-01 -7.752409549115762966e-01 2.523155567347941108e-01 -9.972734800451464876e-01 -3.947816236584357763e-01
5.909063214021730293e-01 -4.492238520379724376e-01 1.104255609732988641e-01 -9.101029366086332839e-01 -5.803605152392617983e-01 -5.910554984976115200e-01 -1.162244939949114153e-01 -7.052185587427786118e-01 -2.796561860292137713e-01 9.238233169812055667e-01
1.404081472469877745e-01 -2.021120027896717852e-01 -4.447260772610981405e-01 -6.796861085850519624e-01 -5.116643264253876167e-01 4.116641283218102632e-01 1.288192973167784638e-01 7.845695200215863085e-01 2.855623578429478671e-01 3.501761853796618307e-01
2.337274964719011361e-01 -8.193593862854040566e-01 2.284155886233632526e-01 -2.660396843317176449e-02 -3.693044763891794036e-01 -1.582163840646253483e-01 9.710889232567748719e-01 -9.852045852292598549e-02 -2.225129686684663988e-01 9.433604243207406315e-01
3.114647762512581103e-02 -8.707865939867479588e-01 -2.671952465048306746e-01 3.087183273714299570e-01 -4.123721620048832470e-01 -1.545805672818733878e-01 2.702500840801322357e-01 -1.730152521153255907e-01 -9.314309609320696737e-01 -3.083675316408998612e-02
6.336269209959832782e-01 -8.687365346827095047e-01 -8.923478072873319844e-02 1.909612146716709868e-01 6.282542060201058431e-01 4.801001478518231447e-01 -5.230071725587690512e-01 -2.521445208634830459e-01 4.176442867946063009e-01 -9.876433549549147317e-01
-7.296341727266486554e-01 -4.402315934862736091e-01 2.990495418968158736e-01 9.230774167403591468e-01 -5.619781283062291743e-01 2.051954817077192572e-01 -7.132353184713864369e-01 -4.391897272229554616e-01 7.978450739970395222e-01 6.526614067571387956e-01
3.904100048994374461e-01 -5.166191349580582237e-01 -3.057498824328199749e-01 9.247596432684254131e-01 1.178155707270744645e-01 5.282444840656593810e-01 9.212217220967010567e-01 3.976650719828191405e-01 4.911602915151546678e-01 -7.701375802610366250e-01
-6.306091073903927757e-01 -9.348880964263257820e-02 -8.229826535992083858e-02 1.419737895874673139e-01 -5.471610496632056675e-01 -6.409704658219379514e-01 -4.941155485255707691e-01 -2.320797343938096891e-01 -2.184102111298775739e-01 -4.021265435176145098e-01
-4.504425441438520417e-01 4.618301847689383621e-02 -1.332207968299467526e-01 -2.989399881665776373e-02 9.675375055199834928e-02 -5.320371117043050102e-01 4.983838323244313973e-01 -1.624985128078420271e-01 -1.641928295044248198e-01 5.331389135550655967e-01
4.688183582155485141e-01 1.926392704226025099e-01 -3.374052943772833102e-02 4.476361768200183278e-01 5.584812668412596492e-01 -2.738344869662885372e-01 7.793393407187663158e-01 8.625759177444562997e-01 2.623640149143001699e-01 3.797233320132037404e-01
-1.987113022386935990e-01 1.090128210789066687e-01 9.407655820730861373e-01 5.393211021879749101e-01 4.690736934290946625e-01 2.570954193624476747e-01 -1.702435976480039803e-01 4.460581959008672048e-01 8.860308360294214536e-01 -9.072991478008773925e-01
3.094571726732214811e-01 -6.421357959887057376e-01 -9.045754940861284732e-01 6.245239495383664297e-01 -4.079043805007614987e-01 9.858268480727471195e-01 2.501075376809234335e-02 1.766270350338813855e-03 -6.791832340173511451e-01 2.946530705135414485e-01
2.129606807766540877e-01 1.965821583706843234e-01 2.081264735751552630e-01 -2.668347953859128707e-01 -2.926060672047791078e-01 -9.008544173446976500e-02 5.168093593689702947e-02 -6.647861313145277951e-01 6.665608678207823878e-01 8.842126177423035305e-01
-9.185876082642377982e-01 -2.027099302140860371e-01 2.111264007134261433e-01 -7.072526562546186391e-01 -4.898620073144029363e-01 2.837394654518387571e-01 1.532288152142801119e-01 8.757815405202004078e-01 7.944438855591340332e-01 1.072202938315624243e-01
