1.612703626012307045e-01 -6.388811253425569214e-01 1.452912103791840492e-01 -2.268388745865243528e-01 -8.745408311050448802e-01 6.125280283154773686e-01 -7.734601125850286696e-01 2.496312756009186062e-01 -9.953846643201751387e-01 -3.949649944070334762e-01
5.888075890310603411e-01 -4.491887705675309816e-01 1.128877431645022300e-01 -9.112547936787462888e-01 -5.801935282838912578e-01 -5.926225794167010452e-01 -1.144062906209729058e-01 -7.085266184772102127e-01 -2.777170027668448560e-01 9.235425991490029407e-01
1.206332802008141525e-01 -2.018151188475861835e-01 -4.219312058443357438e-01 -6.916236010258157707e-01 -5.099405866039788959e-01 3.964842000769754904e-01 1.455800524096798054e-01 7.527249836742130329e-01 3.034638928843501615e-01 3.473660333921294585e-01
1.966275137112039884e-01 -8.186203686264379442e-01 2.733688189823875181e-01 -4.313672732699326551e-02 -3.668834610490978032e-01 -1.844547692924839444e-01 1.004539543399857182e+00 -1.546144941432331388e-01 -1.869268272025383093e-01 9.389812351644060140e-01
5.354659129179102639e-03 -8.703379722458525203e-01 -2.367266496066260939e-01 2.951264940557660199e-01 -4.103981611211370284e-01 -1.736233867343847381e-01 2.927871884177216666e-01 -2.133179220960429168e-01 -9.074075594898571850e-01 -3.420072368371354643e-02
6.040157145205347078e-01 -8.681463243503593219e-01 -5.335113398575250937e-02 1.777774557821750201e-01 6.301848942282353150e-01 4.591625922318894326e-01 -4.963046552820494783e-01 -2.969084119621475670e-01 4.460512525921150884e-01 -9.911367908524291170e-01
-7.663313015744018797e-01 -4.394795787929552389e-01 3.437672529374923291e-01 9.074013194637168267e-01 -5.596772831481456878e-01 1.795008070880778073e-01 -6.799163218765995609e-01 -4.942531280002944172e-01 8.332758584622137477e-01 6.484328970302908335e-01
3.553520704772186733e-01 -5.159635452365525232e-01 -2.637846801709337052e-01 9.077598044776118424e-01 1.202942520711707403e-01 5.029239970764216583e-01 9.523601581493807977e-01 3.438012968707928052e-01 5.243178137308127651e-01 -7.744854577761904890e-01
-6.497238941860133954e-01 -9.304068048319522055e-02 -5.832774346695424744e-02 1.356257967234011375e-01 -5.462145535314101297e-01 -6.536597116753641856e-01 -4.761387638704199787e-01 -2.596297921289513200e-01 -1.993349010528652765e-01 -4.040523050122629689e-01
-4.658102495250875386e-01 4.664489602263468399e-02 -1.127283969839872474e-01 -3.172506430919205811e-02 9.706098790741386761e-02 -5.409881380286285513e-01 5.139559286141118788e-01 -1.826107073817843651e-01 -1.477401846535809082e-01 5.320890625339722568e-01
4.321373538318124541e-01 1.933716914482584426e-01 1.072605421127041311e-02 4.313464720667743446e-01 5.608671290722789804e-01 -2.997550211540299103e-01 8.124314677043811272e-01 8.071504410526258999e-01 2.975675009806289517e-01 3.754021794547102719e-01
-2.350717744486211513e-01 1.097615737120692658e-01 9.851167590436901156e-01 5.239059646523140934e-01 4.713371888689966149e-01 2.316812391376509850e-01 -1.371901984206556069e-01 3.915728696864747005e-01 9.211765555155715379e-01 -9.114710239208873022e-01
2.861540899711790265e-01 -6.418915886508357316e-01 -8.789830914160481345e-01 6.070535633706158896e-01 -4.054012842403696970e-01 9.666379171209216192e-01 4.359800777144585970e-02 -3.787838538896187712e-02 -6.592489257127969182e-01 2.908232577009906006e-01
2.012629836027833574e-01 1.969860067508615586e-01 2.243531679823395908e-01 -2.665447864740621009e-01 -2.926056500168945362e-01 -9.625531115950541894e-02 6.411012406774865835e-02 -6.790470787739452119e-01 6.796589636355381270e-01 8.836699246032754251e-01
-9.549091462890910709e-01 -2.019782527152264862e-01 2.552345363577926407e-01 -7.231754756085826408e-01 -4.875282599882665990e-01 2.581521567683415785e-01 1.860675321664799764e-01 8.210282390777994266e-01 8.293731039960096085e-01 1.029730515870268953e-01
