1.609837294802215213e-01 -6.388094957076142499e-01 1.440354895925729795e-01 -2.242974308963442687e-01 -8.753032866327518091e-01 6.133524325932238064e-01 -7.746094457532129995e-01 2.519324490116373605e-01 -9.961667764241733947e-01 -3.956355725711341309e-01
5.889365681338963876e-01 -4.491649725993381859e-01 1.119034705546174818e-01 -9.100871129099511458e-01 -5.805523626260611358e-01 -5.921037120768530837e-01 -1.152521083875487906e-01 -7.071276401707480286e-01 -2.784024740014455768e-01 9.232282522043705475e-01
1.156850027539885611e-01 -2.011194260053585925e-01 -4.286529678836412116e-01 -6.700613482450076264e-01 -5.163272070062353558e-01 4.021263007241409615e-01 1.388962064934387008e-01 7.689502209605053595e-01 2.999764940043378458e-01 3.417369736117213397e-01
1.845224235397077694e-01 -8.168588408895247621e-01 2.552761289046824311e-01 1.207163195086011220e-02 -3.832543247561786548e-01 -1.697052341124138664e-01 9.867379331095126327e-01 -1.123310919290096133e-01 -1.965623390780287250e-01 9.245549671741842834e-01
-3.403197070188143658e-03 -8.691642406794898301e-01 -2.470316964230120371e-01 3.309146439193220157e-01 -4.209806042295555772e-01 -1.645516982389683691e-01 2.823578292148579694e-01 -1.871021953000676641e-01 -9.125140785026775170e-01 -4.353055162701796599e-02
6.111800945670028407e-01 -8.681389169070742318e-01 -7.167633652785339315e-02 1.884144181917587479e-01 6.267203431235903732e-01 4.671080176307268461e-01 -5.113104771359179290e-01 -2.763135003525767908e-01 4.323136673687384413e-01 -9.941438400004215525e-01
-7.774336884718701102e-01 -4.377840127464170950e-01 3.249624482381038293e-01 9.613346520193024602e-01 -5.756936996885410052e-01 1.942983294590540644e-01 -6.981882801152449192e-01 -4.519983653846333382e-01 8.229581702114795450e-01 6.343224739525562539e-01
3.407913676550130555e-01 -5.140914808504654099e-01 -2.787230858504800013e-01 9.639867763737055562e-01 1.036942993852762174e-01 5.167460124843510361e-01 9.369511371063284910e-01 3.839387897970742980e-01 5.172972795382927425e-01 -7.891244080335555466e-01
-6.576533741926856580e-01 -9.191030109724056263e-02 -6.952918312204094120e-02 1.708201928358860366e-01 -5.566437510153705581e-01 -6.443714346556754791e-01 -4.872277307258128243e-01 -2.329536305676504215e-01 -2.052112846006996505e-01 -4.132437108438117290e-01
-4.641258974749203348e-01 4.700734225131652372e-02 -1.270107726132907178e-01 -1.434492904381131501e-02 9.172767662906650132e-02 -5.333916650490905242e-01 5.016534648513055750e-01 -1.620964456780601137e-01 -1.576484354899359841e-01 5.274158624754967661e-01
4.209606964113467020e-01 1.950496286380614952e-01 -7.403435039801130151e-03 4.844454974765655675e-01 5.451065148874018051e-01 -2.853186175243759837e-01 7.947420447549489175e-01 8.484290781348174937e-01 2.877172058960653089e-01 3.615159285236653752e-01
-2.452653825855418135e-01 1.113789231265747692e-01 9.661762666909681219e-01 5.759232998430622308e-01 4.558729488852082401e-01 2.462295013543995270e-01 -1.554400253148968403e-01 4.330007452502011578e-01 9.105818947326985713e-01 -9.250924947083977168e-01
2.652476487371180358e-01 -6.399470268698363995e-01 -8.798763343728435160e-01 6.571202379072742517e-01 -4.199229829270509362e-01 9.746779538322543068e-01 3.955696809119720742e-02 -1.254748001613342073e-02 -6.555653922314678139e-01 2.779784432701761232e-01
2.040233270433628177e-01 1.972026626879916922e-01 2.113807128508410071e-01 -2.536269902384617470e-01 -2.966189386128442185e-01 -8.979856658827781168e-02 5.312758135183114766e-02 -6.618225725537194570e-01 6.704074558237842485e-01 8.801604220231835640e-01
-9.664748098125637288e-01 -2.002674710217890175e-01 2.371807266578240259e-01 -6.692825530890007535e-01 -5.035172625922610390e-01 2.726851499744203933e-01 1.683841173692752213e-01 8.626331764327770379e-01 8.196531513881397668e-01 8.888450071444906064e-02
