1.781360422395782128e-01 -6.398325108750693158e-01 1.431935186544161798e-01 -2.450108785689978363e-01 -8.676631945415722580e-01 6.145633165788281227e-01 -7.725192718929871916e-01 2.476129210513597911e-01 -9.991851674711789144e-01 -3.856777673583367538e-01
6.190501498082426890e-01 -4.509161321153397073e-01 1.107711815419049339e-01 -9.449622586005448355e-01 -5.673788799444264841e-01 -5.894075643843302847e-01 -1.112603129365140747e-01 -7.136965838674999008e-01 -2.833522329640642545e-01 9.408533977445417973e-01
1.574037987469007749e-01 -2.038140748742614805e-01 -4.322909846952258106e-01 -7.272935262196633666e-01 -4.966417909703287892e-01 4.024501707132400741e-01 1.424991171645828003e-01 7.537798417876999668e-01 2.910284228702019194e-01 3.653011513154596490e-01
2.432378979707565114e-01 -8.209892879461762050e-01 2.475523809139684173e-01 -7.969618391682217751e-02 -3.537432727795636334e-01 -1.735413612596177213e-01 9.893839459998883257e-01 -1.413188529112518466e-01 -2.117864410754021764e-01 9.566457737231108815e-01
2.571167927745898751e-02 -8.713242011404610521e-01 -2.517230443792740635e-01 2.816984837202651248e-01 -4.057497415159596610e-01 -1.678739371977962802e-01 2.828676291142836474e-01 -2.040029072148789036e-01 -9.209334895209542182e-01 -2.797311898111876777e-02
6.475475229301665969e-01 -8.704014463872308260e-01 -7.418156739219750051e-02 1.413938657779821029e-01 6.434186998676569846e-01 4.684884497604460685e-01 -5.075493384672364883e-01 -2.875840413872445822e-01 4.251864047359057985e-01 -9.733275941526433606e-01
-7.183850809044460828e-01 -4.419181589960793355e-01 3.173469126782212379e-01 8.697012844866205405e-01 -5.461206482518291550e-01 1.906910644643735886e-01 -6.953856611916778840e-01 -4.807046441389238867e-01 8.078012984159386178e-01 6.666580501320021890e-01
4.004493520294800102e-01 -5.182844515887783388e-01 -2.865417057426088987e-01 8.708713268136746288e-01 1.336588787604540696e-01 5.128962962042843410e-01 9.396667358853535434e-01 3.545711012347362301e-01 5.018582098686430459e-01 -7.565064700114593199e-01
-6.371028865051089340e-01 -9.357069490040635651e-02 -7.388670387842091736e-02 1.315734735572384184e-01 -5.451676484628033004e-01 -6.484410119634951286e-01 -4.878422183331835860e-01 -2.479515013736164897e-01 -2.122110470073573785e-01 -4.026940534218866885e-01
-4.316654052802011421e-01 4.488836419314049669e-02 -1.300134556202093561e-01 -5.961727820372154929e-02 1.071637703859084495e-01 -5.334232431606494851e-01 5.042966045398393771e-01 -1.744047631568143575e-01 -1.647845359634927676e-01 5.456797006124440852e-01
4.789954823948975315e-01 1.909858303976025573e-01 -1.489308812639818930e-02 3.943644203850661945e-01 5.741751964509370643e-01 -2.888719777391109411e-01 7.974920085304523232e-01 8.202013784045958378e-01 2.728156454486517779e-01 3.932943178065828604e-01
-2.116663344931156709e-01 1.087352843875736969e-01 9.595990716220732519e-01 5.141144217481732337e-01 4.742563736669123120e-01 2.404778932240806966e-01 -1.559351186690480229e-01 4.100848322385817202e-01 8.996904218485569649e-01 -9.076186867000761715e-01
3.202093884810440216e-01 -6.437667499650309155e-01 -8.867468436281190636e-01 5.727680877130663095e-01 -3.925478824522147248e-01 9.716796267746932170e-01 4.236858546126658076e-02 -3.862767632153839281e-02 -6.694530332673446216e-01 3.081658869225903929e-01
2.372884668041178313e-01 1.950976207102548265e-01 2.088155938387998289e-01 -2.978154058190916054e-01 -2.811552796016728584e-01 -8.898690809555054315e-02 5.631307466538307271e-02 -6.729342016515025282e-01 6.636117533739387397e-01 8.990881322321683244e-01
-9.236287913264868976e-01 -2.034667186459181432e-01 2.301180947583644776e-01 -7.423940714329431145e-01 -4.809931324541474318e-01 2.675343761106913076e-01 1.689864984024750938e-01 8.372961037245413296e-01 8.071025874479098583e-01 1.117136542264032112e-01
