1.631455140338050891e-01 -6.389263873312667208e-01 1.429240832655406523e-01 -2.262580379207544679e-01 -8.746278729560891252e-01 6.137568239434536554e-01 -7.752379571560802374e-01 2.523078405144205116e-01 -9.972702400068336193e-01 -3.947824592083100659e-01
5.908778314237757012e-01 -4.492237605325135053e-01 1.104543616968526182e-01 -9.101309652663700511e-01 -5.803565302869756470e-01 -5.910815076763462628e-01 -1.162040507463629330e-01 -7.052711796490392926e-01 -2.796340905285560341e-01 9.238176189335235433e-01
1.404332597512507608e-01 -2.021120834471997196e-01 -4.447514636718188918e-01 -6.796614027120925217e-01 -5.116678389633712021e-01 4.116870541240957304e-01 1.288012776061572828e-01 7.846159027430599231e-01 2.855428817539624187e-01 3.501812079263520450e-01
2.337324327090614107e-01 -8.193594021398438176e-01 2.284105985458045607e-01 -2.659911212545740949e-02 -3.693051668308948154e-01 -1.582118776563442575e-01 9.710853812139641494e-01 -9.851134130741712180e-02 -2.225167969841604643e-01 9.433614115771827846e-01
3.122906758027291924e-02 -8.707868592530688678e-01 -2.672787372830030539e-01 3.087995799983371814e-01 -4.123837140329679185e-01 -1.545051689479344792e-01 2.701908208909107323e-01 -1.728627087112113991e-01 -9.314950138556215009e-01 -3.082023502230988796e-02
6.336569629430636175e-01 -8.687366311728548229e-01 -8.926515034856261077e-02 1.909907701680183534e-01 6.282500039907455980e-01 4.801275738596724185e-01 -5.230287294368570761e-01 -2.520890334756320517e-01 4.176209876593028336e-01 -9.876373465106633720e-01
-7.296168073261225517e-01 -4.402316492612876608e-01 2.990319870888417664e-01 9.230945009536576373e-01 -5.619805572407674532e-01 2.052113349947869148e-01 -7.132477791757838581e-01 -4.391576533792859172e-01 7.978316062009817022e-01 6.526648798689409503e-01
3.904102423721627080e-01 -5.166191357207843282e-01 -3.057501224957016595e-01 9.247598768959013338e-01 1.178155375112725223e-01 5.282447008601570682e-01 9.212215516959418871e-01 3.976655105942439317e-01 4.911601073423664254e-01 -7.701375327660581194e-01
-6.304315780774436551e-01 -9.348937983966938703e-02 -8.247773101600611168e-02 1.421484442776709822e-01 -5.471858810559020458e-01 -6.408083950907231818e-01 -4.942429363325617775e-01 -2.317518382752190298e-01 -2.185478945986513433e-01 -4.020910373309820596e-01
-4.505438714556013191e-01 4.618334392474213179e-02 -1.331183643235603065e-01 -2.999368539770035785e-02 9.676792341295928357e-02 -5.321296158166368695e-01 4.984565406778723728e-01 -1.626856640544608601e-01 -1.641142447595654585e-01 5.331186479077638651e-01
4.688355154114886014e-01 1.926392153163097865e-01 -3.375787377019272978e-02 4.476530562000592406e-01 5.584788670287279544e-01 -2.738188237541383518e-01 7.793270294135028475e-01 8.626076070348680513e-01 2.623507085920246396e-01 3.797267634837085959e-01
-1.987044289830809385e-01 1.090127990030594907e-01 9.407586338496773948e-01 5.393278641491956460e-01 4.690727320525963639e-01 2.571016941209338103e-01 -1.702485296163918360e-01 4.460708907837573900e-01 8.860255054524097673e-01 -9.072977731372091625e-01
3.094890359160631932e-01 -6.421358983285748723e-01 -9.046077048669094456e-01 6.245552968393555116e-01 -4.079088372785321104e-01 9.858559367848050980e-01 2.498789000231867868e-02 1.825121666101554851e-03 -6.792079456648416613e-01 2.946594432202694902e-01
2.129452924058266028e-01 1.965822077957809499e-01 2.081420297896235394e-01 -2.668499345823361346e-01 -2.926039148014794589e-01 -9.009949014411428037e-02 5.169197800527613323e-02 -6.648145535901619496e-01 6.665728023246628720e-01 8.842095400400498129e-01
-9.186031352301783359e-01 -2.027098803438430741e-01 2.111420970346885584e-01 -7.072679318019697847e-01 -4.898598355255177617e-01 2.837252905154198923e-01 1.532399567328695811e-01 8.757528622598003132e-01 7.944559275509308627e-01 1.072171884100330680e-01
