1.612913077802710926e-01 -6.388819474080976724e-01 1.452609666993346371e-01 -2.268425814775024696e-01 -8.745403899074136733e-01 6.125378574164677126e-01 -7.734834577954435852e-01 2.496548260244597084e-01 -9.954092046715963260e-01 -3.949645081650087208e-01
5.888243308931764286e-01 -4.491894276594520230e-01 1.128635688417645722e-01 -9.112577566640478466e-01 -5.801931756266094364e-01 -5.926147228377152132e-01 -1.144249508717677111e-01 -7.085077941958355385e-01 -2.777366183155579593e-01 9.235429878110867907e-01
1.208126160271047050e-01 -2.018221574984719879e-01 -4.221901568566616691e-01 -6.916553399933006441e-01 -5.099368090023844724e-01 3.965683583429127634e-01 1.453801671477011337e-01 7.529266260023633750e-01 3.032537746422913627e-01 3.473701966707111177e-01
1.966068209720187587e-01 -8.186195564687670512e-01 2.733986981530510119e-01 -4.313306511297972795e-02 -3.668838969292348429e-01 -1.844644799291333126e-01 1.004562607244258388e+00 -1.546377607274479205e-01 -1.869025826214587016e-01 9.389807547827687673e-01
5.358701586774011760e-03 -8.703381309059948778e-01 -2.367324866917648596e-01 2.951257786190749077e-01 -4.103980759691929214e-01 -1.736214897000422364e-01 2.927826827497125861e-01 -2.133133768215277892e-01 -9.074122958222510249e-01 -3.420062983811966717e-02
6.040443406381197367e-01 -8.681474478807328365e-01 -5.339246851595169652e-02 1.777723895138557386e-01 6.301854972202289851e-01 4.591760258244197423e-01 -4.963365615616326942e-01 -2.968762252144399594e-01 4.460177128938386804e-01 -9.911361262975285635e-01
-7.663423600154590787e-01 -4.394791447664277428e-01 3.437832207146273023e-01 9.074032765935797773e-01 -5.596775160875724353e-01 1.794956176106454748e-01 -6.799039962892725608e-01 -4.942655619341414508e-01 8.332888150489867751e-01 6.484326403087435908e-01
3.553229275552031718e-01 -5.159624014224127864e-01 -2.637425994037264632e-01 9.077649622103046712e-01 1.202936381930017895e-01 5.029103209592068469e-01 9.523926404521217970e-01 3.437685290364684843e-01 5.243519589413320192e-01 -7.744861343286983946e-01
-6.499503289938191042e-01 -9.303179327089913797e-02 -5.800078413083072093e-02 1.356658712982980186e-01 -5.462193232447948299e-01 -6.537659724329993871e-01 -4.758863827270894409e-01 -2.598843917968741701e-01 -1.990695994411283420e-01 -4.040575616930108804e-01
-4.658453250082938424e-01 4.664627268052868453e-02 -1.126777499266091026e-01 -3.171885662808323486e-02 9.706024906340245118e-02 -5.410045981632519707e-01 5.139950232685082110e-01 -1.826501456928068534e-01 -1.476990885768899586e-01 5.320882482571430705e-01
4.321102531391899371e-01 1.933727551080863805e-01 1.076518611221008101e-02 4.313512683644230572e-01 5.608665582124470195e-01 -2.997677388989667957e-01 8.124616737661407573e-01 8.071199694682920089e-01 2.975992534196714168e-01 3.754015503125278097e-01
-2.350841902116338478e-01 1.097620610113620859e-01 9.851346867186417944e-01 5.239081620018716245e-01 4.713369273383971603e-01 2.316754126995819729e-01 -1.371763599808202005e-01 3.915589096015801851e-01 9.211911024042328533e-01 -9.114713121526438755e-01
2.862881387755064067e-01 -6.418968498568916603e-01 -8.791766504739322308e-01 6.070298393288003913e-01 -4.053984605827244958e-01 9.667008232069865814e-01 4.344859880545656750e-02 -3.772766306231108147e-02 -6.594059835617385179e-01 2.908263696420203548e-01
2.011433414877928094e-01 1.969907025168781967e-01 2.245259245777976864e-01 -2.665236121371989952e-01 -2.926081702062716672e-01 -9.631145651059862256e-02 6.424347553462078642e-02 -6.791816024500590965e-01 6.797991419334163954e-01 8.836671471133276112e-01
-9.549089977970643961e-01 -2.019782585433064492e-01 2.552343219435206922e-01 -7.231755018887949804e-01 -4.875282568603711564e-01 2.581522264523067323e-01 1.860673666592957132e-01 8.210284060398537198e-01 8.293729300158059203e-01 1.029730550342671108e-01
