1.592269393754764117e-01 -6.388009241747505396e-01 1.482418004752316110e-01 -2.264772282570573503e-01 -8.745838745894136679e-01 6.115690957986873455e-01 -7.711825409739246906e-01 2.473336832839758415e-01 -9.929904940929615842e-01 -3.950124324473007764e-01
5.863476366106015192e-01 -4.490922212798540980e-01 1.164397783753552129e-01 -9.108194297500652459e-01 -5.802453457058641684e-01 -5.937769797073524369e-01 -1.116644612598843567e-01 -7.112925495433037870e-01 -2.748348074530226337e-01 9.234854913895791384e-01
1.150892962093857247e-01 -2.015975261409904129e-01 -4.139259996532801411e-01 -6.906424232473437064e-01 -5.100573673008352849e-01 3.938825332000699397e-01 1.517593012271298003e-01 7.464914169497974816e-01 3.099594838344466585e-01 3.472373298849401047e-01
1.990606061844274188e-01 -8.187158637031670683e-01 2.698555680494532094e-01 -4.356733756529583557e-02 -3.668322094157997482e-01 -1.833129737703791673e-01 1.001827651769008787e+00 -1.518787639712194659e-01 -1.897775521458738568e-01 9.390377193705480297e-01
6.138834510840377942e-03 -8.703687499039419739e-01 -2.378589554772516101e-01 2.949877102028363729e-01 -4.103816429371614505e-01 -1.732553908817077992e-01 2.919131572503705918e-01 -2.124362078680099297e-01 -9.083263360448189383e-01 -3.418251906370969873e-02
6.036867362103943702e-01 -8.681334124658687257e-01 -5.287610750495284895e-02 1.778356785706982079e-01 6.301779644974915273e-01 4.590082101171438222e-01 -4.959379805519196771e-01 -2.972783099002215823e-01 4.464366989673984598e-01 -9.911444280790823180e-01
-7.590628628541578049e-01 -4.397648536523899865e-01 3.332720295146675560e-01 9.061149466012561327e-01 -5.595241778469541849e-01 1.829117217470150603e-01 -6.880176243760686150e-01 -4.860806120235135475e-01 8.247598156948564574e-01 6.486016337287612288e-01
3.568304800334388682e-01 -5.160215705009277842e-01 -2.659194217846662656e-01 9.074981546232314678e-01 1.203253938815514318e-01 5.036177813981054241e-01 9.507123430553788834e-01 3.454635968754393716e-01 5.225856399459014590e-01 -7.744511365199888697e-01
-6.432579802466398267e-01 -9.329445749930111165e-02 -6.766416550178212808e-02 1.344814552020989207e-01 -5.460783529332804420e-01 -6.506254038290574249e-01 -4.833455832128605856e-01 -2.523596221505152726e-01 -2.069106682509007922e-01 -4.039021989148303682e-01
-4.671463529667999603e-01 4.669733599443539468e-02 -1.107991375272456974e-01 -3.148859988058345244e-02 9.703284368996360765e-02 -5.416151412944744115e-01 5.154451312570049737e-01 -1.841130006725862078e-01 -1.461747433684331965e-01 5.320580449121352640e-01
4.385886172272291939e-01 1.931184894431045296e-01 1.410786751449703488e-03 4.302047234079686699e-01 5.610030210654892713e-01 -2.967275884781782058e-01 8.052409776580856660e-01 8.144041381942995761e-01 2.900088990451351045e-01 3.755519454399793844e-01
-2.339733242544536906e-01 1.097184612587903535e-01 9.835306577294526953e-01 5.237115602451328789e-01 4.713603270633592301e-01 2.321967170846498119e-01 -1.384145160005460506e-01 3.928079494755535306e-01 9.198895598908731763e-01 -9.114455234157126107e-01
2.860675683945443359e-01 -6.418881928141833004e-01 -8.788581590457514858e-01 6.070688760137410434e-01 -4.054031067654758069e-01 9.665973144928448058e-01 4.369444353874432641e-02 -3.797566886270347525e-02 -6.591475529867852901e-01 2.908212491038558167e-01
2.035257915589570032e-01 1.968971950752774480e-01 2.210857984719049318e-01 -2.669452596512899012e-01 -2.925579853247917694e-01 -9.519342632768097723e-02 6.158802923325405049e-02 -6.765028137830730870e-01 6.770077519970029156e-01 8.837224556568473721e-01
-9.548367383258867802e-01 -2.019810946146109454e-01 2.551299832645259613e-01 -7.231882904155139125e-01 -4.875267347579603783e-01 2.581861361953716738e-01 1.859868272398972622e-01 8.211096534308550687e-01 8.292882674396213627e-01 1.029747325368325223e-01
