1.609957695181200577e-01 -6.388104967741023987e-01 1.440327187573006151e-01 -2.243213633929849182e-01 -8.752964119663287912e-01 6.133496891720885413e-01 -7.746100086727500944e-01 2.519230230645595481e-01 -9.961710975387715328e-01 -3.956294816250929269e-01
5.889541800651512116e-01 -4.491664369397595502e-01 1.118994174311350870e-01 -9.101221208965657450e-01 -5.805423064988742832e-01 -5.921077250994734031e-01 -1.152529318152052118e-01 -7.071414282612296098e-01 -2.784087948431146486e-01 9.232371619207567770e-01
1.158374501080467189e-01 -2.011321012094258176e-01 -4.286880513700358497e-01 -6.703643743500430352e-01 -5.162401620388475942e-01 4.020915643473403911e-01 1.388890789748456756e-01 7.688308724415379158e-01 2.999217813454058135e-01 3.418140953463468246e-01
1.845108774493257331e-01 -8.168578808922019041e-01 2.552787860652959151e-01 1.209458260696343740e-02 -3.832609173865786367e-01 -1.697026032412612406e-01 9.867384729350437977e-01 -1.123220526852951595e-01 -1.965581952389376941e-01 9.245491261117144699e-01
-3.548406395488982318e-03 -8.691521672798430131e-01 -2.469982786610571412e-01 3.312032826860135115e-01 -4.210635163998802666e-01 -1.645186111062347800e-01 2.823646183268918586e-01 -1.869885133144275902e-01 -9.124619635392003936e-01 -4.360401170850105451e-02
6.111764170251468009e-01 -8.681386111386089066e-01 -7.167549019640691299e-02 1.884217281984927328e-01 6.267182433068181346e-01 4.671088555887248916e-01 -5.113103051962465395e-01 -2.763106212657164273e-01 4.323149872217101342e-01 -9.941457004355130911e-01
-7.774610295782128366e-01 -4.377817394757234082e-01 3.249687403862248636e-01 9.613889991020285741e-01 -5.757093110169543282e-01 1.943045593538130500e-01 -6.981870018100554409e-01 -4.519769604834522614e-01 8.229679828096410077e-01 6.343086423346790959e-01
3.407907364843161258e-01 -5.140914283719070221e-01 -2.787229405959513739e-01 9.639880309786089674e-01 1.036939389970420594e-01 5.167461563017579085e-01 9.369511666160625918e-01 3.839392839302021576e-01 5.172975060625724097e-01 -7.891247273370901594e-01
-6.580742419451978131e-01 -9.187530813405427044e-02 -6.943232668159675380e-02 1.716567696106465757e-01 -5.568840596781108321e-01 -6.442755364951283648e-01 -4.872080534887117120e-01 -2.326241401461617564e-01 -2.050602370870125146e-01 -4.134566240250353575e-01
-4.639846996251077993e-01 4.699560238497851178e-02 -1.270432671939507596e-01 -1.462559402965123850e-02 9.180829831192940937e-02 -5.334238381343160418e-01 5.016468632916651904e-01 -1.622069871457072210e-01 -1.576991107531863778e-01 5.274872931878905602e-01
4.209060545219671656e-01 1.950541718267759239e-01 -7.390860023366972384e-03 4.845541114896637636e-01 5.450753152545289026e-01 -2.853061669228532105e-01 7.947445994800532709e-01 8.484718563687285720e-01 2.877368166205380162e-01 3.614882856871058370e-01
-2.453114202532175325e-01 1.113827509190357945e-01 9.661868615740182298e-01 5.760148108778511133e-01 4.558466621234195659e-01 2.462399914136155776e-01 -1.554378728712918767e-01 4.330367873808615986e-01 9.105984174413092047e-01 -9.251157847471864759e-01
2.651976176684938125e-01 -6.399428670468704228e-01 -8.798648204680844520e-01 6.572196867953813415e-01 -4.199515498560322802e-01 9.746893538205466667e-01 3.955930724213919947e-02 -1.250831151773903333e-02 -6.555474363095001866e-01 2.779531330060439065e-01
2.041283721251117012e-01 1.971939287361586246e-01 2.113565382909142198e-01 -2.538357928259001861e-01 -2.965589595743651774e-01 -8.982250196953264765e-02 5.312267007752338038e-02 -6.619048106155670519e-01 6.703697556238318311e-01 8.802135633779050172e-01
-9.664637254040258085e-01 -2.002683926326693509e-01 2.371781757464059004e-01 -6.693045860404192027e-01 -5.035109335747083303e-01 2.726826243012530071e-01 1.683835991292018941e-01 8.626244986321632835e-01 8.196491732445534417e-01 8.889010821625856207e-02
