1.781000605894545730e-01 -6.398304385488760015e-01 1.431947169595428060e-01 -2.449698737751079824e-01 -8.676788278338152249e-01 6.145598401471424888e-01 -7.725241855553635073e-01 2.476203164956818914e-01 -9.991794094059086584e-01 -3.856988907847934134e-01
6.191072343693602154e-01 -4.509194198420233834e-01 1.107692804417051563e-01 -9.450273123336246917e-01 -5.673540778682725216e-01 -5.894020490570357484e-01 -1.112525174557824625e-01 -7.137083166727477002e-01 -2.833613680823179881e-01 9.408869098687615562e-01
1.574307726804000107e-01 -2.038156284102647930e-01 -4.322918830143047675e-01 -7.273242657932997846e-01 -4.966300713470239159e-01 4.024527768482222267e-01 1.425028007311152090e-01 7.537742977333651284e-01 2.910241062902464981e-01 3.653169866620477046e-01
2.433162550878044950e-01 -8.209938008438761869e-01 2.475497713689713553e-01 -7.978547991695875141e-02 -3.537092282122378251e-01 -1.735337906461644486e-01 9.893946464657266127e-01 -1.413349579451893545e-01 -2.117989803945498073e-01 9.566917741370337680e-01
2.573243081084800044e-02 -8.713253963037190797e-01 -2.517237354723384501e-01 2.816748352120230225e-01 -4.057407253984429696e-01 -1.678719322511651457e-01 2.828704629484328215e-01 -2.040071723558396222e-01 -9.209368103437431952e-01 -2.796093656347257636e-02
6.475663983279615898e-01 -8.704025334963858551e-01 -7.418219600388893664e-02 1.413723553193590998e-01 6.434269008425682612e-01 4.684902734408706304e-01 -5.075467608385934026e-01 -2.875879209189773356e-01 4.251833841470186170e-01 -9.733165131411891657e-01
-7.183979047379976945e-01 -4.419174204205533196e-01 3.173473397532840523e-01 8.697158985649037222e-01 -5.461262199456480282e-01 1.906898254666862524e-01 -6.953874124173228255e-01 -4.807020084080248501e-01 8.078033505861518249e-01 6.666505217584008935e-01
4.004301925099129078e-01 -5.182833481159216937e-01 -2.865410676687450975e-01 8.708931610583015015e-01 1.336505543404344909e-01 5.128944450729250315e-01 9.396641194569762545e-01 3.545750391630888565e-01 5.018612759249200250e-01 -7.565177178197485253e-01
-6.371079844333192854e-01 -9.357040129046557964e-02 -7.388653410095133434e-02 1.315792831711614375e-01 -5.451698634085123674e-01 -6.484415045089759744e-01 -4.878429145074267836e-01 -2.479504535771950291e-01 -2.122102311969852051e-01 -4.026970462171381993e-01
-4.317780431284258258e-01 4.489485145435354041e-02 -1.300097044161785398e-01 -5.948891578190996371e-02 1.071148315408898682e-01 -5.334341258684525133e-01 5.042812226895054817e-01 -1.743816122748441111e-01 -1.647665107734372913e-01 5.456135753153820156e-01
4.790490010316886815e-01 1.909827480466690097e-01 -1.489487046980424514e-02 3.943034303897950954e-01 5.741984492057864431e-01 -2.888668069399932814e-01 7.974993170477417959e-01 8.201903785172304229e-01 2.728070809775182126e-01 3.933257365154089746e-01
-2.119379586501579094e-01 1.087509283019974654e-01 9.596081175835224908e-01 5.144239654332667389e-01 4.741383585171708437e-01 2.404516497687952947e-01 -1.559722117261025109e-01 4.101406601765179016e-01 8.997338892720874171e-01 -9.077781466716287051e-01
3.202529448257044331e-01 -6.437692585479783958e-01 -8.867482941950309838e-01 5.727184507750922027e-01 -3.925289581098688196e-01 9.716838350490820675e-01 4.237453352566249165e-02 -3.863662862141078319e-02 -6.694600034945196176e-01 3.081914571574181916e-01
2.374366330675550529e-01 1.950890872264478548e-01 2.088106594238283154e-01 -2.979842565269605892e-01 -2.810909043857252598e-01 -8.897259274616607649e-02 5.633330828423006170e-02 -6.729646548227133929e-01 6.635880426488106609e-01 8.991751148791096160e-01
-9.239859301373021250e-01 -2.034461496028159566e-01 2.301299886338939726e-01 -7.419870749978930702e-01 -4.811483019747667123e-01 2.674998705036997215e-01 1.689377274447289579e-01 8.373695078119461899e-01 8.071597395956345844e-01 1.115039919296729465e-01
