1.631416834330601806e-01 -6.389263750279622345e-01 1.429279556473150303e-01 -2.262618064949424579e-01 -8.746273371620291170e-01 6.137533268969467271e-01 -7.752352084729459136e-01 2.523007654061172889e-01 -9.972672691712612947e-01 -3.947832253354510157e-01
5.908505411022398901e-01 -4.492236728801691226e-01 1.104819496786784983e-01 -9.101578136925494444e-01 -5.803527131331793765e-01 -5.911064216598057586e-01 -1.161844683227351155e-01 -7.053215847926069815e-01 -2.796129254259001606e-01 9.238121608194036494e-01
1.404611979823392198e-01 -2.021121731805305966e-01 -4.447797066300597790e-01 -6.796339168675604725e-01 -5.116717467416185272e-01 4.117125595995922982e-01 1.287812302690136690e-01 7.846675045736648535e-01 2.855212141628262756e-01 3.501867956235651391e-01
2.337370808443932912e-01 -8.193594170689445511e-01 2.284058997124510659e-01 -2.659453925451611342e-02 -3.693058169752108100e-01 -1.582076342630729660e-01 9.710820459012955430e-01 -9.850275621513751578e-02 -2.225204018614913570e-01 9.433623412127333241e-01
3.130803431376123769e-02 -8.707871128821552675e-01 -2.673585653204069157e-01 3.088772680721807440e-01 -4.123947592735348056e-01 -1.544330783392035278e-01 2.701341575780346060e-01 -1.727168573868387291e-01 -9.315562567771638047e-01 -3.080444153147498046e-02
6.336856002822055522e-01 -8.687367231516139876e-01 -8.929410004015023161e-02 1.910189438003779827e-01 6.282459984268069508e-01 4.801537175675349434e-01 -5.230492784254762162e-01 -2.520361403945097778e-01 4.175987778725132049e-01 -9.876316189905635090e-01
-7.296010370630444664e-01 -4.402316999129638475e-01 2.990160448167575868e-01 9.231100158585856530e-01 -5.619827630601271773e-01 2.052257320429479170e-01 -7.132590952744934931e-01 -4.391285257497887784e-01 7.978193755192536374e-01 6.526680339503418971e-01
3.904104576795009995e-01 -5.166191364123186025e-01 -3.057503401514345964e-01 9.247600887169005190e-01 1.178155073957891791e-01 5.282448974193459934e-01 9.212213972001620510e-01 3.976659082662641342e-01 4.911599403600203084e-01 -7.701374897041974865e-01
-6.302640127782804802e-01 -9.348991803381585808e-02 -8.264712397907170160e-02 1.423132962952227132e-01 -5.472093187613530363e-01 -6.406554207446253368e-01 -4.943631743689378411e-01 -2.314423456607692109e-01 -2.186778504422901004e-01 -4.020575239652940391e-01
-4.506386959925181568e-01 4.618364848667091266e-02 -1.330225055189040162e-01 -3.008697449933540186e-02 9.678118671733600131e-02 -5.322161833911962514e-01 4.985245829048494115e-01 -1.628608046951002530e-01 -1.640407032640755491e-01 5.330996828272981380e-01
4.688514545138665612e-01 1.926391641223475504e-01 -3.377398672313643158e-02 4.476687372103764218e-01 5.584766375934656635e-01 -2.738042725685657097e-01 7.793155921625858351e-01 8.626370465100551277e-01 2.623383469663973511e-01 3.797299513332776932e-01
-1.986966204010181536e-01 1.090127739230866144e-01 9.407507400980500423e-01 5.393355462917018839e-01 4.690716398500503481e-01 2.571088227611771915e-01 -1.702541327369591628e-01 4.460853132118485775e-01 8.860194494797550835e-01 -9.072962114065437067e-01
3.095200491014782340e-01 -6.421359979381893179e-01 -9.046390563185392475e-01 6.245858078473739416e-01 -4.079131751570098108e-01 9.858842494592250372e-01 2.496563620314489612e-02 1.882402928298762546e-03 -6.792319980473735530e-01 2.946656459139606055e-01
2.129302088253648417e-01 1.965822562419374808e-01 2.081572778893244768e-01 -2.668647739236761351e-01 -2.926018050298395679e-01 -9.011326030338635829e-02 5.170280136849810665e-02 -6.648424129188874598e-01 6.665845004473278657e-01 8.842065232964254617e-01
-9.186188454582869811e-01 -2.027098298849900337e-01 2.111579786169913708e-01 -7.072833876440375311e-01 -4.898576381033736271e-01 2.837109482746100753e-01 1.532512297529294021e-01 8.757238455147151601e-01 7.944681116723320002e-01 1.072140463357356133e-01
