1.613112805087776602e-01 -6.388827313064747715e-01 1.452321271842602624e-01 -2.268461162635726225e-01 -8.745399691938696707e-01 6.125472301683149157e-01 -7.735057191257785902e-01 2.496772830402098631e-01 -9.954326056544881007e-01 -3.949640444984088283e-01
5.888403603618524995e-01 -4.491900567910440678e-01 1.128404231757446780e-01 -9.112605935695097248e-01 -5.801928379754681675e-01 -5.926072005689327904e-01 -1.144428170985667542e-01 -7.084897709182244041e-01 -2.777553991907965036e-01 9.235433599349675005e-01
1.209860382699997766e-01 -2.018289640504522531e-01 -4.224405689817032905e-01 -6.916860323710716241e-01 -5.099331559668766056e-01 3.966497414972935398e-01 1.451868730849863454e-01 7.531216191921445979e-01 3.030505850311315252e-01 3.473742226655407439e-01
1.965871440041324358e-01 -8.186187841785319552e-01 2.734271106061512691e-01 -4.312958267081040686e-02 -3.668843114127588456e-01 -1.844737138871798965e-01 1.004584538923846582e+00 -1.546598851946980602e-01 -1.868795281655429852e-01 9.389802979822474693e-01
5.364906438726066776e-03 -8.703383744367360064e-01 -2.367414461547319160e-01 2.951246804804685264e-01 -4.103979452677089523e-01 -1.736185779027093756e-01 2.927757669064947055e-01 -2.133064001854627911e-01 -9.074195657170142093e-01 -3.420048579257244786e-02
6.040740918753403355e-01 -8.681486155702935470e-01 -5.343542765666317584e-02 1.777671241211547515e-01 6.301861239121928637e-01 4.591899874102654544e-01 -4.963697218841908732e-01 -2.968427734002508367e-01 4.459828549527726227e-01 -9.911354356229921114e-01
-7.663526391000221594e-01 -4.394787413284245159e-01 3.437980631440985535e-01 9.074050957924396643e-01 -5.596777326103221650e-01 1.794907938676703896e-01 -6.798925393620467439e-01 -4.942771195720402355e-01 8.333008585052388284e-01 6.484324016799459800e-01
3.552946644411978938e-01 -5.159612921393624818e-01 -2.637017890306151413e-01 9.077699642340217867e-01 1.202930428474607571e-01 5.028970577160842836e-01 9.524241421328742963e-01 3.437367504441666277e-01 5.243850733276358422e-01 -7.744867904564762817e-01
-6.501670754100620231e-01 -9.302328631282924531e-02 -5.768781429616323675e-02 1.357042312155542496e-01 -5.462238888780233115e-01 -6.538676866465863435e-01 -4.756448001326364361e-01 -2.601280979926382519e-01 -1.988156492020962951e-01 -4.040625934578904732e-01
-4.658838879202844008e-01 4.664778621455172719e-02 -1.126220672149906565e-01 -3.171203173963174637e-02 9.705943675879587229e-02 -5.410226948696923444e-01 5.140380049633839210e-01 -1.826935052128474124e-01 -1.476539064655197631e-01 5.320873530197058887e-01
4.320847192398534209e-01 1.933737572737266597e-01 1.080205565031957041e-02 4.313557873700091805e-01 5.608660203561757207e-01 -2.997797213830873386e-01 8.124901335015086712e-01 8.070912595612117491e-01 2.976291701304171755e-01 3.754009575434286150e-01
-2.350963140606214252e-01 1.097625368534856649e-01 9.851521928858899546e-01 5.239103076883012688e-01 4.713366719567915197e-01 2.316697232501931658e-01 -1.371628469043691401e-01 3.915452777401358109e-01 9.212053072727689473e-01 -9.114715936076206448e-01
2.864164329899582251e-01 -6.419018852042891465e-01 -8.793619002223792558e-01 6.070071337379254750e-01 -4.053957581420628009e-01 9.667610287935745061e-01 4.330560382672597047e-02 -3.758341110426460796e-02 -6.595562990640255752e-01 2.908293479903304446e-01
2.010236865541792373e-01 1.969953987860057210e-01 2.246986996826383087e-01 -2.665024355316879534e-01 -2.926106906656653628e-01 -9.636760787718302856e-02 6.437684128895501678e-02 -6.793161405392272867e-01 6.799393352501930110e-01 8.836643693257957288e-01
-9.549089382851163599e-01 -2.019782608790574030e-01 2.552342360115599229e-01 -7.231755124212571051e-01 -4.875282556067876416e-01 2.581522543799241731e-01 1.860673003280914339e-01 8.210284729541340587e-01 8.293728602888240653e-01 1.029730564158361228e-01
