1.610071347225245919e-01 -6.388114417316975713e-01 1.440301032248988700e-01 -2.243439544943189590e-01 -8.752899226188890491e-01 6.133470995172857210e-01 -7.746105400411441577e-01 2.519141254334932856e-01 -9.961751764587115643e-01 -3.956237320711996075e-01
5.889709387596541168e-01 -4.491678303379856851e-01 1.118955606673741193e-01 -9.101554328681120687e-01 -5.805327375560384029e-01 -5.921115437051195363e-01 -1.152537153506584949e-01 -7.071545483667316390e-01 -2.784148094620114700e-01 9.232456399924038326e-01
1.159839016371406184e-01 -2.011442778918529628e-01 -4.287217550066793614e-01 -6.706554822981736219e-01 -5.161565405902981407e-01 4.020581941683100680e-01 1.388822317848563970e-01 7.687162179550376395e-01 2.998692205606622307e-01 3.418881838474693846e-01
1.844999495436516757e-01 -8.168569722937202293e-01 2.552813009599125271e-01 1.211630447096729429e-02 -3.832671570435335906e-01 -1.697001132285517466e-01 9.867389838579874173e-01 -1.123134974081919785e-01 -1.965542732635142675e-01 9.245435977832852092e-01
-3.688378445933483685e-03 -8.691405293323426484e-01 -2.469660661798518120e-01 3.314815110981894075e-01 -4.211434381711791075e-01 -1.644867173294235763e-01 2.823711625755487842e-01 -1.868789315048869359e-01 -9.124117282097432557e-01 -4.367482230010531763e-02
6.111744713528545203e-01 -8.681384493660841972e-01 -7.167504242892799859e-02 1.884255956942590404e-01 6.267171323594863397e-01 4.671092989260742789e-01 -5.113102142283479923e-01 -2.763090980309714784e-01 4.323156855146071953e-01 -9.941466847334899937e-01
-7.774862267456096321e-01 -4.377796444623947014e-01 3.249745391387516280e-01 9.614390845859084322e-01 -5.757236981909913398e-01 1.943103007345435285e-01 -6.981858237425171421e-01 -4.519572340367089547e-01 8.229770259579092251e-01 6.342958953160817703e-01
3.407901384244761411e-01 -5.140913786463439106e-01 -2.787228029613929570e-01 9.639892197676502850e-01 1.036935975145703570e-01 5.167462925745852642e-01 9.369511945777326822e-01 3.839397521413862591e-01 5.172977207035167613e-01 -7.891250298901424376e-01
-6.584728520933190721e-01 -9.184216577483184096e-02 -6.934059249706607531e-02 1.724491039962385286e-01 -5.571116596096284956e-01 -6.441847099118319653e-01 -4.871894168829164484e-01 -2.323120748360252286e-01 -2.049171777258597116e-01 -4.136582772859421220e-01
-4.638521606239541240e-01 4.698458245684090234e-02 -1.270737690696472078e-01 -1.488904745285443698e-02 9.188397593260257123e-02 -5.334540382300362316e-01 5.016406665675510190e-01 -1.623107497435616609e-01 -1.577466783952101437e-01 5.275543434672322896e-01
4.208550395392819943e-01 1.950584134570752248e-01 -7.379119685451515816e-03 4.846555161456976846e-01 5.450461865265718853e-01 -2.852945427416925805e-01 7.947469846328810705e-01 8.485117951572122008e-01 2.877551256647672417e-01 3.614624776697684672e-01
-2.453569680369995787e-01 1.113865379802007061e-01 9.661973437175916946e-01 5.761053481495390649e-01 4.558206550773911681e-01 2.462503698487787107e-01 -1.554357433317023751e-01 4.330724459895021194e-01 9.106147643328283969e-01 -9.251388269581538593e-01
2.651477794314828218e-01 -6.399387232568495287e-01 -8.798533509406472053e-01 6.573187523838698310e-01 -4.199800066812890420e-01 9.747007098705783301e-01 3.956163737743826486e-02 -1.246929398403398906e-02 -6.555295495939176265e-01 2.779279202936770221e-01
2.042310819492456353e-01 1.971853889488421885e-01 2.113329011557217862e-01 -2.540399535222170324e-01 -2.965003139301204405e-01 -8.984590524323508853e-02 5.311786798577357305e-02 -6.619852204427465470e-01 6.703328935371689612e-01 8.802655233469659501e-01
-9.664526859853714846e-01 -2.002693105028750531e-01 2.371756351887389092e-01 -6.693265295635283385e-01 -5.035046302456496203e-01 2.726801088793986416e-01 1.683830829925841155e-01 8.626158560533870867e-01 8.196452112476307894e-01 8.889569295809382488e-02
