1.780657374666528847e-01 -6.398284617438608768e-01 1.431958600303545603e-01 -2.449307590438129234e-01 -8.676937405298034145e-01 6.145565239570499605e-01 -7.725288727288690538e-01 2.476273710566252728e-01 -9.991739167511610731e-01 -3.857190405544057565e-01
6.191616600056059072e-01 -4.509225544306592059e-01 1.107674678922887512e-01 -9.450893359481312705e-01 -5.673304310406808160e-01 -5.893967906265384915e-01 -1.112450850784399148e-01 -7.137195029791334466e-01 -2.833700776986031178e-01 9.409188610416688858e-01
1.574574598585570528e-01 -2.038171654308885972e-01 -4.322927717835048922e-01 -7.273546785797081471e-01 -4.966184763130598312e-01 4.024553552778224463e-01 1.425064451382724584e-01 7.537688126169378444e-01 2.910198355991252539e-01 3.653326536657343082e-01
2.433899566197196274e-01 -8.209980456079308819e-01 2.475473168699911519e-01 -7.986947039863931397e-02 -3.536772064015864525e-01 -1.735266698404218932e-01 9.894047111637935821e-01 -1.413501060991472491e-01 -2.118107746905265876e-01 9.567350414381109447e-01
2.575007834697328607e-02 -8.713264126954419764e-01 -2.517243231922717817e-01 2.816547240281558340e-01 -4.057330579043545438e-01 -1.678702272027988718e-01 2.828728729000052344e-01 -2.040107995205301950e-01 -9.209396344405959001e-01 -2.795057638181880355e-02
6.475846599725332275e-01 -8.704035852570539689e-01 -7.418280417561634588e-02 1.413515442957075097e-01 6.434348351542367173e-01 4.684920378224262660e-01 -5.075442670242310550e-01 -2.875916743036940892e-01 4.251804617757258264e-01 -9.733057924403664130e-01
-7.184121522603262866e-01 -4.419165998491340619e-01 3.173478142417799908e-01 8.697321350830877762e-01 -5.461324102031691607e-01 1.906884489167533225e-01 -6.953893580622330095e-01 -4.806990800609994841e-01 8.078056305861859299e-01 6.666421575925256526e-01
4.004102867352732908e-01 -5.182822016632703255e-01 -2.865404047421778455e-01 8.709158457373951112e-01 1.336419056878242195e-01 5.128925218407929254e-01 9.396614011198355376e-01 3.545791304720624648e-01 5.018644614027742978e-01 -7.565294037253481596e-01
-6.371153392295988427e-01 -9.356997769852569424e-02 -7.388628916248805856e-02 1.315876647185476311e-01 -5.451730589173128250e-01 -6.484422151058146788e-01 -4.878439188800900994e-01 -2.479489419181633014e-01 -2.122090542249207845e-01 -4.027013639318005600e-01
-4.318858608629067009e-01 4.490106110606475326e-02 -1.300061137374985409e-01 -5.936604637584139144e-02 1.070679869368675041e-01 -5.334445428723177951e-01 5.042664990750076459e-01 -1.743594520890397181e-01 -1.647492569357086600e-01 5.455502797195100895e-01
4.790995128371199341e-01 1.909798388711002326e-01 -1.489655267601756178e-02 3.942458669883503464e-01 5.742203955538085491e-01 -2.888619266512824080e-01 7.975062149514525744e-01 8.201799966352602000e-01 2.727989976830723640e-01 3.933553900305633011e-01
-2.121878190114424301e-01 1.087653187529514370e-01 9.596164387403021134e-01 5.147087070329573466e-01 4.740297992922751225e-01 2.404275090616859734e-01 -1.560063327142270917e-01 4.101920149193890586e-01 8.997738738826821514e-01 -9.079248299656935695e-01
3.202953488610483790e-01 -6.437717007648539047e-01 -8.867497063863220008e-01 5.726701270121907772e-01 -3.925105344223910886e-01 9.716879319910388668e-01 4.238032423043441160e-02 -3.864534408280126399e-02 -6.694667893201389219e-01 3.082163509162918480e-01
2.375783847654175940e-01 1.950809231829587487e-01 2.088059386346017843e-01 -2.981457971771090398e-01 -2.810293161675361251e-01 -8.895889715154371713e-02 5.635266592853402368e-02 -6.729937895840570894e-01 6.635653584326708376e-01 8.992583317842436363e-01
-9.243396654699433945e-01 -2.034257765795444983e-01 2.301417691626111428e-01 -7.415839571765405758e-01 -4.813019927536175135e-01 2.674656937298585113e-01 1.688894212667411965e-01 8.374422123696393383e-01 8.072163470921439599e-01 1.112963276825223169e-01
