1.631381860887537727e-01 -6.389263637950265418e-01 1.429314911377649322e-01 -2.262652472089080880e-01 -8.746268479812373542e-01 6.137501340881670320e-01 -7.752326989210636121e-01 2.522943058214751622e-01 -9.972645567938651645e-01 -3.947839248106959631e-01
5.908243758767254272e-01 -4.492235888414613521e-01 1.105084002928647807e-01 -9.101835552406939422e-01 -5.803490533488938619e-01 -5.911303085163540638e-01 -1.161656932222047134e-01 -7.053699118871342710e-01 -2.795926328953302065e-01 9.238069277265416046e-01
1.404920006695237200e-01 -2.021122721140569400e-01 -4.448108452875182417e-01 -6.796036129493046030e-01 -5.116760551772727705e-01 4.117406801051721743e-01 1.287591275147998426e-01 7.847243970462496332e-01 2.854973250329205237e-01 3.501929562172259036e-01
2.337414644579235423e-01 -8.193594311484415638e-01 2.284014682860845691e-01 -2.659022662213794685e-02 -3.693064301203144995e-01 -1.582036323580444104e-01 9.710789003987019274e-01 -9.849465969384707531e-02 -2.225238015880299514e-01 9.433632179434406906e-01
3.138351592432028769e-02 -8.707873553175590198e-01 -2.674348702220387675e-01 3.089515274555426627e-01 -4.124053170427393056e-01 -1.543641693820665128e-01 2.700799950474781497e-01 -1.725774430742604837e-01 -9.316147967996409873e-01 -3.078934507158728739e-02
6.337128764621499100e-01 -8.687368107585377031e-01 -8.932167372613987466e-02 1.910457783139520305e-01 6.282421832510243220e-01 4.801786186407993595e-01 -5.230688507016737487e-01 -2.519857613704198362e-01 4.175776237374171362e-01 -9.876261637047876185e-01
-7.295867390618739901e-01 -4.402317458359596980e-01 2.990015908647981613e-01 9.231240823410354901e-01 -5.619847629511645071e-01 2.052387850282048065e-01 -7.132693549380003661e-01 -4.391021173837026947e-01 7.978082866553080077e-01 6.526708935766739605e-01
3.904106508977516765e-01 -5.166191370329060728e-01 -3.057505354771503647e-01 9.247602788064871460e-01 1.178154803699522635e-01 5.282450738128814383e-01 9.212212585546121213e-01 3.976662651398045201e-01 4.911597905089419291e-01 -7.701374510601946000e-01
-6.301068531461864186e-01 -9.349042280654909498e-02 -8.280599777864502964e-02 1.424679111382586016e-01 -5.472313010045990467e-01 -6.405119459794285097e-01 -4.944759457222844823e-01 -2.311520722827748453e-01 -2.187997361350720871e-01 -4.020260917520132038e-01
-4.507275496355258593e-01 4.618393387100047653e-02 -1.329326827337366512e-01 -3.017438939006627033e-02 9.679361486041490603e-02 -5.322972999947257478e-01 4.985883406614580737e-01 -1.630249171122604146e-01 -1.639717925158770684e-01 5.330819119365128866e-01
4.688662959603582814e-01 1.926391164538883427e-01 -3.378899004786992122e-02 4.476833383384725140e-01 5.584745616896056308e-01 -2.737907234591525074e-01 7.793049425448423939e-01 8.626644586180505225e-01 2.623268366315650302e-01 3.797329196496659898e-01
-1.986880428116192254e-01 1.090127463731796337e-01 9.407420689513896761e-01 5.393439849894824389e-01 4.690704400848554334e-01 2.571166534465037512e-01 -1.702602876658813047e-01 4.461011559942266169e-01 8.860127971008181502e-01 -9.072944958730073672e-01
3.095502510203674285e-01 -6.421360949421397457e-01 -9.046695876550180371e-01 6.246155207252054309e-01 -4.079173995619583271e-01 9.859118215091425830e-01 2.494396453579991388e-02 1.938185783610102408e-03 -6.792554212493631116e-01 2.946716863528657249e-01
2.129153954647245162e-01 1.965823038201892081e-01 2.081722528218692969e-01 -2.668793474206977434e-01 -2.925997330544057307e-01 -9.012678377255797790e-02 5.171343083297803150e-02 -6.648697731523979249e-01 6.665959890000816568e-01 8.842035605972587975e-01
-9.186347050887534449e-01 -2.027097789462794231e-01 2.111740112312095741e-01 -7.072989904692827956e-01 -4.898554197840122026e-01 2.836964696408352249e-01 1.532626099780384221e-01 8.756945528239146181e-01 7.944804116632451230e-01 1.072108743806938908e-01
