1.613303393580410583e-01 -6.388834793365200104e-01 1.452046072602573012e-01 -2.268494893107187438e-01 -8.745395677306436744e-01 6.125561740572073033e-01 -7.735269618587942153e-01 2.496987125047894218e-01 -9.954549358937142545e-01 -3.949636020475022491e-01
5.888557222035644134e-01 -4.491906597193211503e-01 1.128182415261280713e-01 -9.112633123179308958e-01 -5.801925143874883117e-01 -5.925999916024545788e-01 -1.144599391974722991e-01 -7.084724983096690742e-01 -2.777733978430571571e-01 9.235437165598978648e-01
1.211534784353177491e-01 -2.018355358152374157e-01 -4.226823433176514211e-01 -6.917156660369855325e-01 -5.099296289402440729e-01 3.967283173973402688e-01 1.450002465642145910e-01 7.533098862297966658e-01 3.028544043018575049e-01 3.473781097865270562e-01
1.965684102726824312e-01 -8.186180489088527024e-01 2.734541610780171217e-01 -4.312626716321965592e-02 -3.668847060275732264e-01 -1.844825052056017489e-01 1.004605419284988921e+00 -1.546809491020201821e-01 -1.868575788495535628e-01 9.389798630789460976e-01
5.373251952923733740e-03 -8.703387019851245299e-01 -2.367534966155604437e-01 2.951232034861097087e-01 -4.103977694744589955e-01 -1.736146615407767879e-01 2.927664651103826232e-01 -2.132970166230857834e-01 -9.074293437117884054e-01 -3.420029205158253705e-02
6.041049727480322096e-01 -8.681498275962808986e-01 -5.348001792850397285e-02 1.777616588048565593e-01 6.301867743992501936e-01 4.592044791086067335e-01 -4.964041412830128008e-01 -2.968080514420469718e-01 4.459466734779525265e-01 -9.911347187239846201e-01
-7.663622066595735527e-01 -4.394783658166658835e-01 3.438118781708144889e-01 9.074067890651548174e-01 -5.596779341452243761e-01 1.794863040273649013e-01 -6.798818754908784179e-01 -4.942878771826224038e-01 8.333120683055075251e-01 6.484321795691910806e-01
3.552672638812283123e-01 -5.159602167102098624e-01 -2.636622241378148712e-01 9.077748136023824355e-01 1.202924656711030216e-01 5.028841992501522640e-01 9.524546824226823860e-01 3.437059416937948697e-01 5.244171771052876796e-01 -7.744874265600747432e-01
-6.503738937804450781e-01 -9.301516901504214285e-02 -5.738918001049889139e-02 1.357408340610014030e-01 -5.462282453829219175e-01 -6.539647418517589017e-01 -4.754142832024662590e-01 -2.603606412527939562e-01 -1.985733311259526290e-01 -4.040673947433308100e-01
-4.659256512782683490e-01 4.664942536107782173e-02 -1.125617632364060983e-01 -3.170464043423267680e-02 9.705855703871442419e-02 -5.410422934733866152e-01 5.140845538316407559e-01 -1.827404632630566239e-01 -1.476049745619310294e-01 5.320863834839617557e-01
4.320606186923143244e-01 1.933747031825492069e-01 1.083685550772650608e-02 4.313600527000914786e-01 5.608655126926000989e-01 -2.997910312274781330e-01 8.125169956425450923e-01 8.070641612919143837e-01 2.976574074591558094e-01 3.754003980495703163e-01
-2.351081198513484405e-01 1.097630002123196197e-01 9.851692397946046897e-01 5.239123970845794842e-01 4.713364232748923355e-01 2.316641830583856809e-01 -1.371496883313101933e-01 3.915320034983008624e-01 9.212191394893705088e-01 -9.114718676788795548e-01
2.865391585149742459e-01 -6.419067019893300863e-01 -8.795391090913401433e-01 6.069854136972141490e-01 -4.053931730025032709e-01 9.668186211195766155e-01 4.316881563316362497e-02 -3.744542049134816364e-02 -6.597000900293084058e-01 2.908321970615968532e-01
2.009042156567105719e-01 1.970000878320022353e-01 2.248712090494665028e-01 -2.664812914970096647e-01 -2.926132072484480817e-01 -9.642367287974777657e-02 6.451000191911632209e-02 -6.794504717011043970e-01 6.800793129416143890e-01 8.836615958106601720e-01
-9.549089889517297092e-01 -2.019782588904720233e-01 2.552343091713467627e-01 -7.231755034542479699e-01 -4.875282566740494761e-01 2.581522306032231762e-01 1.860673568004065359e-01 8.210284159854062125e-01 8.293729196521980596e-01 1.029730552396114218e-01
