1.610178566874522488e-01 -6.388123332072781491e-01 1.440276357244756056e-01 -2.243652670011212491e-01 -8.752838005507611596e-01 6.133446564298600245e-01 -7.746110413355408175e-01 2.519057313840035728e-01 -9.961790245229419360e-01 -3.956183079263272950e-01
5.889869031583490067e-01 -4.491691576946493236e-01 1.118918866989548622e-01 -9.101871659840170548e-01 -5.805236221432301669e-01 -5.921151813239675654e-01 -1.152544617496316232e-01 -7.071670466311469339e-01 -2.784205390117713841e-01 9.232537162370012540e-01
1.161243444242486544e-01 -2.011559549786568757e-01 -4.287540758209117397e-01 -6.709346464136848320e-01 -5.160763500359968337e-01 4.020261931302989700e-01 1.388756655273929164e-01 7.686062676135275717e-01 2.998188162859670713e-01 3.419592325804849398e-01
1.844895924077976923e-01 -8.168561111517783635e-01 2.552836845003620403e-01 1.213689179146588970e-02 -3.832730708001757525e-01 -1.696977532704152525e-01 9.867394680951775410e-01 -1.123053889773664438e-01 -1.965505561347717367e-01 9.245383582021343694e-01
-3.823225430386240076e-03 -8.691293175074057409e-01 -2.469350331561982470e-01 3.317495521981936868e-01 -4.212204336128944071e-01 -1.644559913408270013e-01 2.823774672070383795e-01 -1.867733620249764082e-01 -9.123633322430572123e-01 -4.374304016727827843e-02
6.111742281070036142e-01 -8.681384291414576682e-01 -7.167498644952084719e-02 1.884260792044072930e-01 6.267169934700494993e-01 4.671093543516314228e-01 -5.113102028556394396e-01 -2.763089075978070186e-01 4.323157728144318424e-01 -9.941468077893612643e-01
-7.775094724855198258e-01 -4.377777117001052654e-01 3.249798887993273766e-01 9.614852911341766895e-01 -5.757369711315740712e-01 1.943155974665564945e-01 -6.981847369119555946e-01 -4.519390353303573415e-01 8.229853687477672874e-01 6.342841355069620546e-01
3.407895730206652041e-01 -5.140913316359597696e-01 -2.787226728421328681e-01 9.639903436449105412e-01 1.036932746781617509e-01 5.167464214064692030e-01 9.369512210126039742e-01 3.839401947867038811e-01 5.172979236243615553e-01 -7.891253159228055480e-01
-6.588490557423544169e-01 -9.181088639939224971e-02 -6.925401483434380501e-02 1.731969000283282711e-01 -5.573264657934666744e-01 -6.440989888326609236e-01 -4.871718278698447535e-01 -2.320175512044418686e-01 -2.047821599548672045e-01 -4.138485953020551444e-01
-4.637276604545907954e-01 4.697423091572801301e-02 -1.271024209280213757e-01 -1.513652174738387701e-02 9.195506351066494444e-02 -5.334824066121669484e-01 5.016348456907149256e-01 -1.624082188726029830e-01 -1.577913609372288972e-01 5.276173269744357519e-01
4.208073139093589932e-01 1.950623815948120121e-01 -7.368136343048343161e-03 4.847503824150092289e-01 5.450189359657086063e-01 -2.852836680664692093e-01 7.947492159954175905e-01 8.485491587656741608e-01 2.877722541753170993e-01 3.614383337061786161e-01
-2.454018268355795118e-01 1.113902677558319398e-01 9.662076673014897699e-01 5.761945158959669300e-01 4.557950414307420095e-01 2.462605912930269370e-01 -1.554336460049044466e-01 4.331075652029922063e-01 9.106308639507061375e-01 -9.251615206177523643e-01
2.650981431856539450e-01 -6.399345962613440797e-01 -8.798419278984699332e-01 6.574174164658739272e-01 -4.200083481728559276e-01 9.747120198952667902e-01 3.956395806884822897e-02 -1.243043458589371958e-02 -6.555117353720475437e-01 2.779028097668183039e-01
2.043316199122724719e-01 1.971770297404732419e-01 2.113097638419927926e-01 -2.542397971176171834e-01 -2.964429083833532985e-01 -8.986881364061619082e-02 5.311316743714674521e-02 -6.620639299556887458e-01 6.702968109215355907e-01 8.803163845911786689e-01
-9.664417311811130951e-01 -2.002702213378341201e-01 2.371731141038140034e-01 -6.693483048949950831e-01 -5.034983752300391524e-01 2.726776127376266401e-01 1.683825708120250120e-01 8.626072797178259144e-01 8.196412796184283645e-01 8.890123489427309567e-02
