1.780330345256241065e-01 -6.398265782515514255e-01 1.431969491438820352e-01 -2.448934906764126396e-01 -8.677079492898950308e-01 6.145533643037262017e-01 -7.725333386499809718e-01 2.476340926154952937e-01 -9.991686833705816229e-01 -3.857382391783533149e-01
6.192135992777768605e-01 -4.509255458197091726e-01 1.107657381468239999e-01 -9.451485260948543354e-01 -5.673078644875088061e-01 -5.893917724205673947e-01 -1.112379922395444892e-01 -7.137301782537289752e-01 -2.833783894274489734e-01 9.409493525669920810e-01
1.574838597408458052e-01 -2.038186859050018784e-01 -4.322936509848250286e-01 -7.273847639629033024e-01 -4.966070061032839544e-01 4.024579059498168965e-01 1.425100503122401496e-01 7.537633865495144692e-01 2.910156108833374944e-01 3.653481520091975132e-01
2.434593809715412671e-01 -8.210020440321897928e-01 2.475450048149182292e-01 -7.994858659335521422e-02 -3.536470429383468672e-01 -1.735199622821082532e-01 9.894141917691680055e-01 -1.413643751481411248e-01 -2.118218845186686239e-01 9.567757977732140873e-01
2.576467809542080933e-02 -8.713272535529629215e-01 -2.517248094110347001e-01 2.816380861120547641e-01 -4.057267146117770618e-01 -1.678688166219075018e-01 2.828748666449947824e-01 -2.040138002619188984e-01 -9.209419708066103327e-01 -2.794200543769708930e-02
6.476023308748783958e-01 -8.704046029945302632e-01 -7.418339267372023316e-02 1.413314064836277140e-01 6.434425128004704897e-01 4.684937451283617826e-01 -5.075418538817623171e-01 -2.875953062709319941e-01 4.251776339396277082e-01 -9.732954185413142945e-01
-7.184278445537531921e-01 -4.419156960676068335e-01 3.173483368458183684e-01 8.697500180666479785e-01 -5.461392281842306629e-01 1.906869327776684886e-01 -6.953915010054149137e-01 -4.806958547647185442e-01 8.078081417897989835e-01 6.666329452577661741e-01
4.003896038795792256e-01 -5.182810104554336217e-01 -2.865397159363024526e-01 8.709394159803349744e-01 1.336329194093635875e-01 5.128905235295805332e-01 9.396585766643280602e-01 3.545833814974373999e-01 5.018677712352209719e-01 -7.565415458249924452e-01
-6.371248931185617970e-01 -9.356942745210071466e-02 -7.388597098713800548e-02 1.315985523583980965e-01 -5.451772098869793748e-01 -6.484431381719385490e-01 -4.878452235613535137e-01 -2.479469782713143722e-01 -2.122075253368335135e-01 -4.027069726481932732e-01
-4.319890745720370018e-01 4.490700559366326422e-02 -1.300026763877282221e-01 -5.924842373054996225e-02 1.070231426878470032e-01 -5.334545150500132893e-01 5.042524041872654683e-01 -1.743382381859383545e-01 -1.647327398701509682e-01 5.454896869677425819e-01
4.791472657884440767e-01 1.909770885889009728e-01 -1.489814300348132718e-02 3.941914475851281963e-01 5.742411432360563506e-01 -2.888573129142110174e-01 7.975127361054149544e-01 8.201701817909848868e-01 2.727913558820534989e-01 3.933834239298402147e-01
-2.124181429328635962e-01 1.087785840227113027e-01 9.596241092705549702e-01 5.149711848485473142e-01 4.739297282515710918e-01 2.404052559027666791e-01 -1.560377858016524510e-01 4.102393542640568325e-01 8.998107321192639896e-01 -9.080600441762322061e-01
3.203366420213372701e-01 -6.437740790020213266e-01 -8.867510815818869796e-01 5.726230692057564520e-01 -3.924925933874409134e-01 9.716919216038091278e-01 4.238596323385455944e-02 -3.865383122184994080e-02 -6.694733973748375755e-01 3.082405925236535449e-01
2.377140076162854998e-01 1.950731121241192356e-01 2.088014219557690065e-01 -2.983003533752678904e-01 -2.809703908082167301e-01 -8.894579370647023864e-02 5.637118661608964132e-02 -6.730216646603516262e-01 6.635436550025956004e-01 8.993379506818290903e-01
-9.246892406050635227e-01 -2.034056431585776481e-01 2.301534111433184149e-01 -7.411855803284704836e-01 -4.814538760115955607e-01 2.674319189009650710e-01 1.688416832062791251e-01 8.375140618662380021e-01 8.072722888412854347e-01 1.110911057254300727e-01
