1.598053791081639474e-01 -6.387115220069830013e-01 1.443066693680543355e-01 -2.219551736245296003e-01 -8.759761055894393911e-01 6.136209293656325059e-01 -7.745543531985547014e-01 2.528549600817611709e-01 -9.957438718588099702e-01 -3.962316893437149434e-01
5.853115071921740631e-01 -4.488635676489123316e-01 1.127377243008660934e-01 -9.028814247268224236e-01 -5.826222136470947666e-01 -5.912777122845008781e-01 -1.150826224071414688e-01 -7.042896397526100527e-01 -2.771014561901657958e-01 9.213943667317373576e-01
1.115651350789634288e-01 -2.007768804503141935e-01 -4.277048417425382554e-01 -6.618721116227186396e-01 -5.186795846491950579e-01 4.030650462787115362e-01 1.390888266516306648e-01 7.721755974086152996e-01 3.014550956917281255e-01 3.396527698976700704e-01
1.861632386052922694e-01 -8.169952661224936241e-01 2.548985197727612895e-01 8.810113891203889824e-03 -3.823174459578835838e-01 -1.700791072486864952e-01 9.866612184957369580e-01 -1.136156589796268324e-01 -1.971512201091783212e-01 9.253850406434107612e-01
3.370019825197865040e-03 -8.697273984126692170e-01 -2.485904513405074179e-01 3.174512319299881424e-01 -4.171132072031388804e-01 -1.660950311205631746e-01 2.820411544542178461e-01 -1.924048350874450752e-01 -9.149449551037123207e-01 -4.010404259251305892e-02
6.122716450211520556e-01 -8.682296736462874476e-01 -7.192754059593196858e-02 1.862446968173603057e-01 6.273436007345249976e-01 4.668592989297273288e-01 -5.113615114500603687e-01 -2.771680571986810948e-01 4.319219148973761357e-01 -9.935916345195505706e-01
-7.594080988415797817e-01 -4.392827467087579985e-01 3.208141274459394565e-01 9.255044190160476303e-01 -5.654013802763159235e-01 1.901910513936620473e-01 -6.990310479417791711e-01 -4.661103021852439077e-01 8.164888684411526487e-01 6.434414563614235805e-01
3.408328144072538257e-01 -5.140949269322018234e-01 -2.787326242027677869e-01 9.639043908972538821e-01 1.037179648087885875e-01 5.167365685027752731e-01 9.369491993062332158e-01 3.839063418183835119e-01 5.172824044882585737e-01 -7.891034404972729899e-01
-6.452325509851077889e-01 -9.294302790192422725e-02 -7.238765045790045149e-02 1.461307930022241186e-01 -5.495516623549060453e-01 -6.472016208388153835e-01 -4.878084534867940802e-01 -2.426776881830723376e-01 -2.096690613066928277e-01 -4.069601289662335697e-01
-4.742227005569749632e-01 4.784683887808510727e-02 -1.246871438711111418e-01 5.724916905087681918e-03 8.596256577864429260e-02 -5.310910258644605531e-01 5.021255304515402917e-01 -1.541918250856368355e-01 -1.540247389899549180e-01 5.223079813143538530e-01
4.372088777306833984e-01 1.936986769261329067e-01 -1.114271180046793111e-02 4.521482947502440952e-01 5.543839629729470087e-01 -2.890208985650627449e-01 7.939823778183056069e-01 8.357086449836026443e-01 2.818858078486393692e-01 3.697357361785637564e-01
-2.415874050919355753e-01 1.110731184402675709e-01 9.653298349889948282e-01 5.686124271737328373e-01 4.579730143993792080e-01 2.453914440927879859e-01 -1.556119853540358644e-01 4.301213173364190623e-01 9.092618854126913730e-01 -9.232318392318054068e-01
2.793156755540440184e-01 -6.411167100816532738e-01 -8.831138810687537699e-01 6.291566212331507479e-01 -4.118903677133860519e-01 9.714724388308803027e-01 3.889923202667457808e-02 -2.356110616771001781e-02 -6.606143427877819718e-01 2.850953305233646651e-01
1.972869489678281407e-01 1.977627574650306086e-01 2.129309898630094566e-01 -2.402368043419165766e-01 -3.004653012704299742e-01 -8.826362773316609456e-02 5.344253375149588675e-02 -6.565487732707701030e-01 6.728251111406685636e-01 8.767525494137320408e-01
-9.666831939878769431e-01 -2.002501449621614527e-01 2.372286831699237930e-01 -6.688683389795704315e-01 -5.036362465776266228e-01 2.727326320135655124e-01 1.683938601561751347e-01 8.627963169664618626e-01 8.197279395166787719e-01 8.877908104896553576e-02
