1.631350094124958683e-01 -6.389263535920275405e-01 1.429347024625840512e-01 -2.262683724472052682e-01 -8.746264036529496355e-01 6.137472340248738556e-01 -7.752304194675170290e-01 2.522884385097750037e-01 -9.972620931116760179e-01 -3.947845601517459002e-01
5.907992674578566028e-01 -4.492235081970550881e-01 1.105337825736313201e-01 -9.102082570944114437e-01 -5.803455413823428444e-01 -5.911532305889859451e-01 -1.161476764430960512e-01 -7.054162870628969406e-01 -2.795731599747862117e-01 9.238019059969376778e-01
1.405256610758522096e-01 -2.021123802261406699e-01 -4.448448728337610625e-01 -6.795704975851893925e-01 -5.116807633280224810e-01 4.117714094905114974e-01 1.287349741776783463e-01 7.847865677176837362e-01 2.854712195891115356e-01 3.501996883599315935e-01
2.337456047086270972e-01 -8.193594444462944937e-01 2.283972828769454955e-01 -2.658615341196221560e-02 -3.693070092257556003e-01 -1.581998526247271886e-01 9.710759295233645227e-01 -9.848701266298137691e-02 -2.225270125736918958e-01 9.433640460011386564e-01
3.145564931225648675e-02 -8.707875869989831763e-01 -2.675077903814004898e-01 3.090224928319870168e-01 -4.124154064891107918e-01 -1.542983170969784434e-01 2.700282350651553864e-01 -1.724442129190136563e-01 -9.316707400965561492e-01 -3.077491826233564459e-02
6.337388331524423934e-01 -8.687368941274622447e-01 -8.934791353057426611e-02 1.910713147035569270e-01 6.282385526349922866e-01 4.802023151205848661e-01 -5.230874761658192984e-01 -2.519378194398338433e-01 4.175574929370552413e-01 -9.876209723193506429e-01
-7.295738074573852039e-01 -4.402317873702981110e-01 2.989885182130468944e-01 9.231368045520231824e-01 -5.619865717214680423e-01 2.052505905974399969e-01 -7.132786341308803291e-01 -4.390782327482663505e-01 7.977982575050045488e-01 6.526734799211756366e-01
3.904108220629507464e-01 -5.166191375826625354e-01 -3.057507085092781018e-01 9.247604472001136333e-01 1.178154564287213629e-01 5.282452300736617534e-01 9.212211357334341155e-01 3.976665812814235146e-01 4.911596577611835879e-01 -7.701374168268424469e-01
-6.299603598361659396e-01 -9.349089332068503955e-02 -8.295408891671228468e-02 1.426120323724002215e-01 -5.472517913272848533e-01 -6.403782087532843281e-01 -4.945810633571829928e-01 -2.308814995702617723e-01 -2.189133495251129602e-01 -4.019967928226162446e-01
-4.508109225145865429e-01 4.618420165195338822e-02 -1.328484004921631767e-01 -3.025641226348271470e-02 9.680527639768891912e-02 -5.323734130785222618e-01 4.986481656450038047e-01 -1.631789065745390399e-01 -1.639071323929934543e-01 5.330652372085210589e-01
4.688801452166556083e-01 1.926390719721924882e-01 -3.380299036041777005e-02 4.476969633422985262e-01 5.584726245654431098e-01 -2.737780801437608158e-01 7.792950048823862330e-01 8.626900381536766194e-01 2.623160957932478277e-01 3.797356895262043452e-01
-1.986788439691324626e-01 1.090127168279026171e-01 9.407327697755256679e-01 5.393530348807824559e-01 4.690691534237043658e-01 2.571250512885467909e-01 -1.702668883807254008e-01 4.461181462292296840e-01 8.860056629069137379e-01 -9.072926560877194735e-01
3.095796702211311979e-01 -6.421361894321189201e-01 -9.046993277361283781e-01 6.246444635589835093e-01 -4.079215144865014353e-01 9.859386789970713272e-01 2.492285451511392497e-02 1.992522960847113722e-03 -6.792782374116206334e-01 2.946775702467170355e-01
2.129008219605057761e-01 1.965823506280587607e-01 2.081869852818367672e-01 -2.668936849451449267e-01 -2.925976946281864111e-01 -9.014008827109884492e-02 5.172388818625540952e-02 -6.648966903718036559e-01 6.666072915313633329e-01 8.842006458698141724e-01
-9.186506795172137974e-01 -2.027097276388551972e-01 2.111901598955432946e-01 -7.073147062336687663e-01 -4.898531854076176306e-01 2.836818862052420398e-01 1.532740725775139090e-01 8.756650481015574305e-01 7.944928006861369241e-01 1.072076794658438498e-01
