1.613485382158733605e-01 -6.388841936132457766e-01 1.451783291163062095e-01 -2.268527101560397774e-01 -8.745391843826212375e-01 6.125647143714818554e-01 -7.735472460571095610e-01 2.497191750087903728e-01 -9.954762585267558084e-01 -3.949631795612841278e-01
5.888704574347444209e-01 -4.491912380541143168e-01 1.127969646674554793e-01 -9.112659201684255583e-01 -5.801922039986833202e-01 -5.925930766901922331e-01 -1.144763628848394776e-01 -7.084559302519505275e-01 -2.777906623291105936e-01 9.235440586380739836e-01
1.213149282624697844e-01 -2.018418724686122656e-01 -4.229154679366727843e-01 -6.917442395290779311e-01 -5.099262280964914629e-01 3.968040821665447249e-01 1.448202967925252826e-01 7.534914178272459351e-01 3.026652421329614762e-01 3.473818578419005654e-01
1.965505538595654633e-01 -8.186173480725469354e-01 2.734799447507432757e-01 -4.312310692398002576e-02 -3.668850821622031688e-01 -1.844908848182807704e-01 1.004625321799103022e+00 -1.547010265666729500e-01 -1.868366574407574476e-01 9.389794485425769777e-01
5.383713526802518315e-03 -8.703391125855481913e-01 -2.367686025495083224e-01 2.951213519901758620e-01 -4.103975491076812809e-01 -1.736097521596741688e-01 2.927548047830585976e-01 -2.132852537971258733e-01 -9.074416009810583050e-01 -3.420004918629811208e-02
6.041369882276264036e-01 -8.681510841538158108e-01 -5.352624650994523836e-02 1.777559926851142447e-01 6.301874487861212071e-01 4.592195032524241105e-01 -4.964398252991875093e-01 -2.967720537500310729e-01 4.459091626446174406e-01 -9.911339754850946315e-01
-7.663711220488806930e-01 -4.394780159015700405e-01 3.438247514997755383e-01 9.074083669163695021e-01 -5.596781219425516207e-01 1.794821202358729273e-01 -6.798719385197548037e-01 -4.942979015034367762e-01 8.333225139926143665e-01 6.484319725985588923e-01
3.552407095348399380e-01 -5.159591744936177227e-01 -2.636238811306135799e-01 9.077795132073305240e-01 1.202919063197267213e-01 5.028717378932033855e-01 9.524842795343932966e-01 3.436760844124082670e-01 5.244482894195282574e-01 -7.744880430188373355e-01
-6.505707065964567715e-01 -9.300744441962575937e-02 -5.710499319184078604e-02 1.357756661171342638e-01 -5.462323911268200938e-01 -6.540571016755173384e-01 -4.751949183265071208e-01 -2.605819344280133620e-01 -1.983427360252948968e-01 -4.040719637499728956e-01
-4.659703376633004268e-01 4.665117923184695231e-02 -1.124972385684654963e-01 -3.169673180966565973e-02 9.705761574682179871e-02 -5.410632637878691753e-01 5.141343606659124488e-01 -1.827907079180197958e-01 -1.475526179031355078e-01 5.320853460901875387e-01
4.320378327370097415e-01 1.933755974956812007e-01 1.086975716666985919e-02 4.313640853728121227e-01 5.608650327201212260e-01 -2.998017241633282315e-01 8.125423925570361972e-01 8.070385411290512678e-01 2.976841045501457117e-01 3.753998690739515642e-01
-2.351195889909414305e-01 1.097634503581227522e-01 9.851858005977054411e-01 5.239144269001281273e-01 4.713361816843473218e-01 2.316588008493764561e-01 -1.371369049850060251e-01 3.915191077816042031e-01 9.212325772697574910e-01 -9.114721339347872098e-01
2.866565234215058822e-01 -6.419113083784738771e-01 -8.797085775237585281e-01 6.069646423821383197e-01 -4.053907007811562435e-01 9.668736978280062511e-01 4.303800231172959928e-02 -3.731345727191950901e-02 -6.598376002432455589e-01 2.908349216861835784e-01
2.007851154893373347e-01 1.970047623274219228e-01 2.250431831025457019e-01 -2.664602130743772279e-01 -2.926157160220237419e-01 -9.647956390702490392e-02 6.464274933857805383e-02 -6.795843860200053710e-01 6.802188562683160189e-01 8.836588309020184662e-01
-9.549091695863208828e-01 -2.019782518008466365e-01 2.552345699977037197e-01 -7.231754714854241595e-01 -4.875282604790087682e-01 2.581521458354761323e-01 1.860675581332540962e-01 8.210282128827677273e-01 8.293731312921338583e-01 1.029730510461820403e-01
