1.610279644248321373e-01 -6.388131736130349125e-01 1.440253095793677662e-01 -2.243853585816401319e-01 -8.752780291966040238e-01 6.133423532992062777e-01 -7.746115139123628257e-01 2.518978182031297308e-01 -9.961826521437114890e-01 -3.956131945136039940e-01
5.890021268898842921e-01 -4.491704234686935693e-01 1.118883831840431498e-01 -9.102174268442316807e-01 -5.805149296393609104e-01 -5.921186501757439435e-01 -1.152551735194766447e-01 -7.071789650394598725e-01 -2.784260027394714343e-01 9.232614177847960901e-01
1.162588308098092271e-01 -2.011671368216726152e-01 -4.287850258581047957e-01 -6.712019707358974907e-01 -5.159995604904022981e-01 4.019955493071100117e-01 1.388693777553320907e-01 7.685009804405419365e-01 2.997705497365760752e-01 3.420272680239468399e-01
1.844797632341481086e-01 -8.168552939071459518e-01 2.552859465381792092e-01 1.215642965898185157e-02 -3.832786830989595717e-01 -1.696955136127862862e-01 9.867399276480399717e-01 -1.122976938794423285e-01 -1.965470284892524289e-01 9.245333857122773891e-01
-3.953066817813728068e-03 -8.691185218718096017e-01 -2.469051520960944546e-01 3.320076434595843895e-01 -4.212945709398689953e-01 -1.644264059184636084e-01 2.823835378070088109e-01 -1.866717113444127385e-01 -9.123167327622759837e-01 -4.380872574828720972e-02
6.111756575240876455e-01 -8.681385479900486368e-01 -7.167531540855807959e-02 1.884232378911282202e-01 6.267178096440279012e-01 4.671090286472547315e-01 -5.113102696865589047e-01 -2.763100266648647607e-01 4.323152598031705374e-01 -9.941460846602147017e-01
-7.775309341878219316e-01 -4.377759272712576921e-01 3.249848278902376375e-01 9.615279514748313883e-01 -5.757492254156088007e-01 1.943204876910051282e-01 -6.981837334922298410e-01 -4.519222333176224904e-01 8.229930712546780214e-01 6.342732782262976432e-01
3.407890398727428938e-01 -5.140912873074847678e-01 -2.787225501460848243e-01 9.639914034057657233e-01 1.036929702593425706e-01 5.167465428885850143e-01 9.369512459393843917e-01 3.839406121794183280e-01 5.172981149687152502e-01 -7.891255856375068989e-01
-6.592030577432578253e-01 -9.178145297544483550e-02 -6.917254655003605979e-02 1.739005648978908525e-01 -5.575285951961987951e-01 -6.440183265806493917e-01 -4.871552768719019100e-01 -2.317404088769784987e-01 -2.046551102539633793e-01 -4.140276817056153802e-01
-4.636106133845867561e-01 4.696449906103668248e-02 -1.271293575666622433e-01 -1.536918119856463261e-02 9.202189548983760736e-02 -5.335090767446345472e-01 5.016293732758417834e-01 -1.624998530930901741e-01 -1.578333685959363020e-01 5.276765400262286576e-01
4.207625796667563978e-01 1.950661010142619722e-01 -7.357841423852009427e-03 4.848393025762106068e-01 5.449933934385029488e-01 -2.852734750033193989e-01 7.947513074987294646e-01 8.485841804663440957e-01 2.877883090906235841e-01 3.614157030583199925e-01
-2.454458380361820291e-01 1.113939270581027208e-01 9.662177958233463260e-01 5.762819988357588130e-01 4.557699117487949980e-01 2.462706196051417662e-01 -1.554315883066745563e-01 4.331420208460063925e-01 9.106466593695419220e-01 -9.251837854852168475e-01
2.650487347778690550e-01 -6.399304882093862501e-01 -8.798305572898227345e-01 6.575156276644845699e-01 -4.200365595725938372e-01 9.747232780051928724e-01 3.956626810792575333e-02 -1.239175355840000173e-02 -6.554940029202105389e-01 2.778778145011608913e-01
2.044301328434863785e-01 1.971688389029601085e-01 2.112870925591535942e-01 -2.544356154709483953e-01 -2.963866590969175263e-01 -8.989126061793184519e-02 5.310856156679091139e-02 -6.621410541046263143e-01 6.702614550805687799e-01 8.803662213901523037e-01
-9.664308998899493464e-01 -2.002711219033221912e-01 2.371706214435869708e-01 -6.693698347142176264e-01 -5.034921907384031226e-01 2.726751447393237493e-01 1.683820644061930771e-01 8.625988000786293242e-01 8.196373923175113152e-01 8.890671434629729419e-02
