1.780019167163825744e-01 -6.398247860532796372e-01 1.431979854674029218e-01 -2.448580287298407765e-01 -8.677214693425930880e-01 6.145503578007542878e-01 -7.725375881051331772e-01 2.476404883762478304e-01 -9.991637036551970219e-01 -3.857565072331186617e-01
6.192632110666547174e-01 -4.509284031597486919e-01 1.107640859140678752e-01 -9.452050638347982980e-01 -5.672863091783009182e-01 -5.893869790885706283e-01 -1.112312172423002843e-01 -7.137403751519009187e-01 -2.833863286942017723e-01 9.409784777174546866e-01
1.575099657048187884e-01 -2.038201894511915413e-01 -4.322945203977162643e-01 -7.274145143959248605e-01 -4.965956635950145581e-01 4.024604282243659514e-01 1.425136153486553925e-01 7.537580208922315395e-01 2.910114332026589867e-01 3.653634778046562781e-01
2.435248687179732419e-01 -8.210058157317032812e-01 2.475428238615152987e-01 -8.002321662103673017e-02 -3.536185898497646307e-01 -1.735136350659874649e-01 9.894231347908094554e-01 -1.413778350917749838e-01 -2.118323643804055634e-01 9.568142430804975618e-01
2.577629118763111182e-02 -8.713279223970845644e-01 -2.517251961645016745e-01 2.816248517981511656e-01 -4.057216689603479476e-01 -1.678676946021671890e-01 2.828764525315249911e-01 -2.040161871445814179e-01 -9.209438292245180069e-01 -2.793518784321780482e-02
6.476194330229577689e-01 -8.704055879751886327e-01 -7.418396223047066251e-02 1.413119168255753955e-01 6.434499433345897135e-01 4.684953974830834422e-01 -5.075395184085063072e-01 -2.875988213399595650e-01 4.251748971200386973e-01 -9.732853785357569176e-01
-7.184450122100025649e-01 -4.419147073140727300e-01 3.173489085842023938e-01 8.697695823780027258e-01 -5.461466871803120071e-01 1.906852740937574620e-01 -6.953938454244816825e-01 -4.806923262315496714e-01 8.078108890925180807e-01 6.666228667949116726e-01
4.003681111286959138e-01 -5.182797726025150098e-01 -2.865390001583023039e-01 8.709639091822050094e-01 1.336235812479810714e-01 5.128884469688912429e-01 9.396556416093482245e-01 3.545877989836265787e-01 5.018712106734346534e-01 -7.565541633825828560e-01
-6.371365573619288680e-01 -9.356875566198072369e-02 -7.388558253017239730e-02 1.316118449643098043e-01 -5.451822777625415783e-01 -6.484442651337396502e-01 -4.878468164330974077e-01 -2.479445808753616143e-01 -2.122056587333173983e-01 -4.027138202715259685e-01
-4.320879016633690228e-01 4.491269743851383084e-02 -1.299993851264940603e-01 -5.913580008775209951e-02 1.069802043346862741e-01 -5.334640634067595588e-01 5.042389083370537595e-01 -1.743179258809453847e-01 -1.647169247855060636e-01 5.454316694285662459e-01
4.791924814111782061e-01 1.909744844415365850e-01 -1.489964882971052049e-02 3.941399197290003653e-01 5.742607885008432778e-01 -2.888529443256939166e-01 7.975189107612044026e-01 8.201608884534289379e-01 2.727841201242144908e-01 3.934099682622494432e-01
-2.126309170553793149e-01 1.087908385298231723e-01 9.596311953358396263e-01 5.152136628618921854e-01 4.738372822401292761e-01 2.403846983491567946e-01 -1.560668422845225278e-01 4.102830865323336407e-01 8.998447818996681002e-01 -9.081849555828350740e-01
3.203768586534395113e-01 -6.437763952376532872e-01 -8.867524209255873702e-01 5.725772382139973082e-01 -3.924751200820055241e-01 9.716958072058771156e-01 4.239145522633914337e-02 -3.866209709799826172e-02 -6.694798331550699810e-01 3.082642021432131507e-01
2.378437824366260167e-01 1.950656378765932564e-01 2.087971000352348838e-01 -2.984482451407057813e-01 -2.809140062987462438e-01 -8.893325527935880270e-02 5.638890869525794297e-02 -6.730483377688649682e-01 6.635228874201362093e-01 8.994141364282850493e-01
-9.250339481141403031e-01 -2.033857900835347177e-01 2.301648910163618666e-01 -7.407927506412993468e-01 -4.816036443854533333e-01 2.673986143664953685e-01 1.687946098699436293e-01 8.375849109012885041e-01 8.073274516348099006e-01 1.108887413621500312e-01
