1.631321419807808537e-01 -6.389263443822749133e-01 1.429376011698761939e-01 -2.262711934483658538e-01 -8.746260025793367587e-01 6.137446162782772552e-01 -7.752283619152637861e-01 2.522831423718355226e-01 -9.972598692651548635e-01 -3.947851336433227942e-01
5.907751531367824160e-01 -4.492234307455390541e-01 1.105581599138053400e-01 -9.102319809471471901e-01 -5.803421684623092380e-01 -5.911752451261027552e-01 -1.161303729880908964e-01 -7.054608261429582416e-01 -2.795544580302032900e-01 9.237970830887072271e-01
1.405621321454006423e-01 -2.021124973656453494e-01 -4.448817416996171392e-01 -6.795346170691913823e-01 -5.116858646120582277e-01 4.118047047971383767e-01 1.287088040230643660e-01 7.848539296758140216e-01 2.854429343257829377e-01 3.502069826404116126e-01
2.337495206276024029e-01 -8.193594570236281127e-01 2.283933242463598856e-01 -2.658230090104931470e-02 -3.693075569534532421e-01 -1.581962776891789879e-01 9.710731196193417292e-01 -9.847977997215756618e-02 -2.225300495781110666e-01 9.433648291920813111e-01
3.152456949085492843e-02 -8.707878083600697483e-01 -2.675774622843904993e-01 3.090902970286119045e-01 -4.124250464972371022e-01 -1.542353982271008617e-01 2.699787807510298232e-01 -1.723169175519579932e-01 -9.317241913779266138e-01 -3.076113410081659713e-02
6.337635103149276139e-01 -8.687369733867388311e-01 -8.937285985116857900e-02 1.910955922839595589e-01 6.282351009891647964e-01 4.802248434890094009e-01 -5.231051834929052458e-01 -2.518922407933427698e-01 4.175383544788817125e-01 -9.876160368418106517e-01
-7.295621511099371626e-01 -4.402318248087057073e-01 2.989767347277871301e-01 9.231482721554212789e-01 -5.619882021189278598e-01 2.052612319541985142e-01 -7.132869982512289875e-01 -4.390567035088317471e-01 7.977892173846817814e-01 6.526758112119415145e-01
3.904109711701321261e-01 -5.166191380615721140e-01 -3.057508592427974348e-01 9.247605938928943337e-01 1.178154355727910885e-01 5.282453661971532322e-01 9.212210287401915165e-01 3.976668566819486772e-01 4.911595421205966483e-01 -7.701373870051340109e-01
-6.298246335707344823e-01 -9.349132925271835814e-02 -8.309129557215988449e-02 1.427455609060696018e-01 -5.472707756411435698e-01 -6.402543010181723782e-01 -4.946784549992570001e-01 -2.306308135574198781e-01 -2.190186124967196390e-01 -4.019696473217900801e-01
-4.508892652933503276e-01 4.618445327699245706e-02 -1.327692032150666890e-01 -3.033348648591605370e-02 9.681623436441617880e-02 -5.324449340641483897e-01 4.987043812333734616e-01 -1.633236054563716455e-01 -1.638463733816820922e-01 5.330495685097699221e-01
4.688930949877330723e-01 1.926390303795057768e-01 -3.381608137690379767e-02 4.477097034257144226e-01 5.584708132541412740e-01 -2.737662579898149651e-01 7.792857126539018964e-01 8.627139563427486113e-01 2.623060525537841414e-01 3.797382795040569747e-01
-1.986691535871066838e-01 1.090126857038756919e-01 9.407229736988154123e-01 5.393625683524246872e-01 4.690677980098999500e-01 2.571338978687232046e-01 -1.702738418043300006e-01 4.461360443363148187e-01 8.859981474978306792e-01 -9.072907179936264832e-01
3.096083281451867952e-01 -6.421362814769937533e-01 -9.047282982371529503e-01 6.246726574429379841e-01 -4.079255229296946395e-01 9.859648414973910535e-01 2.490229075559889996e-02 2.045454062244322913e-03 -6.793004631631107681e-01 2.946833018838372342e-01
2.128864617727074804e-01 1.965823967507885628e-01 2.082015020987044718e-01 -2.669078126072730317e-01 -2.925956860389765657e-01 -9.015319802800708660e-02 5.173419247235450102e-02 -6.649232135964084911e-01 6.666184286243620472e-01 8.841977738060429193e-01
-9.186667337711759140e-01 -2.027096760750436433e-01 2.112063892560495926e-01 -7.073305005309915572e-01 -4.898509398658647540e-01 2.836672298950499993e-01 1.532855924565195149e-01 8.756353959417331190e-01 7.945052516179710311e-01 1.072044685857477253e-01
