1.613659267246482787e-01 -6.388848760850374120e-01 1.451532210715655580e-01 -2.268557875852742767e-01 -8.745388181041154896e-01 6.125728744071869958e-01 -7.735666270514361953e-01 2.497387263693019166e-01 -9.954966317169398060e-01 -3.949627758873074934e-01
5.888846037224879648e-01 -4.491917932737980457e-01 1.127765382105247599e-01 -9.112684237873399651e-01 -5.801919060156186525e-01 -5.925864381558259009e-01 -1.144921301438983213e-01 -7.084400243927906349e-01 -2.778072367814876098e-01 9.235443870439368208e-01
1.214704316406344659e-01 -2.018479757331584912e-01 -4.231400062123133465e-01 -6.917717606148834353e-01 -5.099229525111192984e-01 3.968770564011102064e-01 1.446469748516395759e-01 7.536662633327814165e-01 3.024830471018290501e-01 3.473854678505478577e-01
1.965335147457271392e-01 -8.186166793139603159e-01 2.735045482885239965e-01 -4.312009133088147428e-02 -3.668854410809141431e-01 -1.844988808908079314e-01 1.004644313362606622e+00 -1.547201850731189099e-01 -1.868166936180233051e-01 9.389790529797987784e-01
5.396264018230718593e-03 -8.703396051727206872e-01 -2.367867247648388906e-01 2.951191307962984234e-01 -4.103972847391085810e-01 -1.736038624965928756e-01 2.927408161767718342e-01 -2.132711422257607958e-01 -9.074563057238328456e-01 -3.419975782682336402e-02
6.041701437134106012e-01 -8.681523854548118813e-01 -5.357412119725993294e-02 1.777501248063584338e-01 6.301881471865388162e-01 4.592350623754817840e-01 -4.964767799506873969e-01 -2.967347742533305022e-01 4.458703161267091875e-01 -9.911332057809776330e-01
-7.663794373545561589e-01 -4.394776895388188276e-01 3.438367583411692241e-01 9.074098385644049358e-01 -5.596782970994772510e-01 1.794782180501197366e-01 -6.798626703936487825e-01 -4.943072510998356983e-01 8.333322565936710502e-01 6.484317795588593336e-01
3.552149859709365920e-01 -5.159581648839395296e-01 -2.635867377273617418e-01 9.077840657798711410e-01 1.202913644682850614e-01 5.028596664037714437e-01 9.525129506672963542e-01 3.436471612495294869e-01 5.244784283501516819e-01 -7.744886401909967244e-01
-6.507575743978255556e-01 -9.300011015049036711e-02 -5.683516642416978903e-02 1.358087380983121484e-01 -5.462363273849509815e-01 -6.541447945277935050e-01 -4.749866380280046152e-01 -2.607920455881967969e-01 -1.981237929689454169e-01 -4.040763018832456699e-01
-4.660176800287698651e-01 4.665303734569704180e-02 -1.124288788117019100e-01 -3.168835312800807186e-02 9.705661850829461201e-02 -5.410854804941775953e-01 5.141871278196946671e-01 -1.828439389148086847e-01 -1.474971493734328620e-01 5.320842470378662759e-01
4.320162553472494116e-01 1.933764443745045192e-01 1.090091372382498078e-02 4.313679041528416525e-01 5.608645782053505169e-01 -2.998118499465766140e-01 8.125664424208824954e-01 8.070142798579116317e-01 2.977093856292163387e-01 3.753993681551641703e-01
-2.351307093664795900e-01 1.097638868154818398e-01 9.852018578048047370e-01 5.239163949911945783e-01 4.713359474403078786e-01 2.316535823074865330e-01 -1.371245103663527309e-01 3.915066042096196908e-01 9.212456064218652596e-01 -9.114723920941425472e-01
2.867687495480852888e-01 -6.419157130785362320e-01 -8.798706258422025472e-01 6.069447805315748568e-01 -4.053883368051260927e-01 9.669263630226923034e-01 4.291291660422668491e-02 -3.718727201428945195e-02 -6.599690896222374370e-01 2.908375270140690083e-01
2.006665621174901770e-01 1.970094153619718347e-01 2.252143676131338479e-01 -2.664392314239613646e-01 -2.926182132776796729e-01 -9.653519833547150042e-02 6.477488730721646382e-02 -6.797176855307824894e-01 6.803577589438043471e-01 8.836560786872267315e-01
-9.549094983907163714e-01 -2.019782388957880315e-01 2.552350447730613037e-01 -7.231754132934151702e-01 -4.875282674050760989e-01 2.581519915349756444e-01 1.860679246141412890e-01 8.210278431803764709e-01 8.293735165347424498e-01 1.029730434129928068e-01
