1.610374845811726185e-01 -6.388139651644862971e-01 1.440231186572785427e-01 -2.244042822022763173e-01 -8.752725933416932724e-01 6.133401840536992777e-01 -7.746119590174402880e-01 2.518903650297598662e-01 -9.961860688843302558e-01 -3.956083783528026032e-01
5.890166588699699002e-01 -4.491716317272049785e-01 1.118850388654174244e-01 -9.102463126805979687e-01 -5.805066321143533825e-01 -5.921219614062931402e-01 -1.152558529471970905e-01 -7.071903418869728286e-01 -2.784312182007363523e-01 9.232687693818025787e-01
1.163874689228673737e-01 -2.011778324112675209e-01 -4.288146300025466040e-01 -6.714576701975243367e-01 -5.159261102135827004e-01 4.019662380606557339e-01 1.388633634132120931e-01 7.684002717836347918e-01 2.997243821054690338e-01 3.420923448793588562e-01
1.844704232920302278e-01 -8.168545173395692638e-01 2.552880959866510868e-01 1.217499506012462152e-02 -3.832840160544712105e-01 -1.696933854305642531e-01 9.867403643273875424e-01 -1.122903817928147807e-01 -1.965436764266948466e-01 9.245286607202177764e-01
-4.078027908646222194e-03 -8.691081320074754979e-01 -2.468763941635139514e-01 3.322560339473688007e-01 -4.213659216966169074e-01 -1.643979325116053380e-01 2.823893802337522629e-01 -1.865738813675558438e-01 -9.122718847976476475e-01 -4.387194243148405393e-02
6.111787295541352139e-01 -8.681388034133585840e-01 -7.167602239048667667e-02 1.884171314860309809e-01 6.267195637233752281e-01 4.671083286600759554e-01 -5.113104133161510134e-01 -2.763124317065178137e-01 4.323141572656206688e-01 -9.941445305480587358e-01
-7.775507577650292435e-01 -4.377742790439860809e-01 3.249893899910726303e-01 9.615673556443961045e-01 -5.757605443567749282e-01 1.943250046552493504e-01 -6.981828066613511297e-01 -4.519067137660045530e-01 8.230001858459758957e-01 6.342632496582706336e-01
3.407885386350827939e-01 -5.140912456321821145e-01 -2.787224347937080071e-01 9.639923997372322750e-01 1.036926840607657052e-01 5.167466570996864794e-01 9.369512693742335641e-01 3.839410045901147650e-01 5.172982948606216214e-01 -7.891258392090958473e-01
-6.595353493270672551e-01 -9.175382465968541512e-02 -6.909607459464096879e-02 1.745610750458032878e-01 -5.577183283027826732e-01 -6.439426112247864653e-01 -4.871397409220879493e-01 -2.314802632769580870e-01 -2.045358523225728475e-01 -4.141957850059524437e-01
-4.635004680058837367e-01 4.695534104605670472e-02 -1.271547058839160027e-01 -1.558812186370260588e-02 9.208478671518131875e-02 -5.335341742702761625e-01 5.016242235424174245e-01 -1.625860840932969176e-01 -1.578728992691653676e-01 5.277322615749496793e-01
4.207205729171061837e-01 1.950695936568683786e-01 -7.348174196506923432e-03 4.849228011833878194e-01 5.449694082655495153e-01 -2.852639034217525627e-01 7.947532714809252274e-01 8.486170668577699416e-01 2.878033851211696525e-01 3.613944522244237900e-01
-2.454888788560166402e-01 1.113975056782630785e-01 9.662277010265321042e-01 5.763675529083276405e-01 4.557453361385326862e-01 2.462804268080598935e-01 -1.554295759775952690e-01 4.331757167939232489e-01 9.106621065231531587e-01 -9.252055594458464816e-01
2.649995909204740929e-01 -6.399264021534164515e-01 -8.798192475635047138e-01 6.576133130050061393e-01 -4.200646199183484808e-01 9.747344758351483840e-01 3.956856577822302073e-02 -1.235327964304303722e-02 -6.554763654142999885e-01 2.778529530691478677e-01
2.045267522247259939e-01 1.971608055042722296e-01 2.112648570486186650e-01 -2.546276699342669425e-01 -2.963314909968150501e-01 -8.991327613439464850e-02 5.310404422740848396e-02 -6.622166958245219170e-01 6.702267788260372061e-01 8.804151002593572084e-01
-9.664202298734531071e-01 -2.002720090596609992e-01 2.371681658983209595e-01 -6.693910439609080942e-01 -5.034860983319873196e-01 2.726727134887731996e-01 1.683815655405916656e-01 8.625904466987097674e-01 8.196335628973355769e-01 8.891211221092902572e-02
