1.779723520950653726e-01 -6.398230833092715120e-01 1.431989700647509911e-01 -2.448243368007775589e-01 -8.677343145668536817e-01 6.145475013618203475e-01 -7.725416254565868890e-01 2.476465649044254924e-01 -9.991589724931004834e-01 -3.857738634717004511e-01
6.193106417747342718e-01 -4.509311348826791077e-01 1.107625063183446251e-01 -9.452591160086748490e-01 -5.672657015041628892e-01 -5.893823964856085285e-01 -1.112247400939491010e-01 -7.137501237643062435e-01 -2.833939189273345094e-01 9.410063224402637205e-01
1.575357664605897268e-01 -2.038216754192282154e-01 -4.322953796461888598e-01 -7.274439170127852128e-01 -4.965844536934767017e-01 4.024629210106769328e-01 1.425171387057686812e-01 7.537527179655421072e-01 2.910073043637857459e-01 3.653786244242576697e-01
2.435867269778670130e-01 -8.210093783946663670e-01 2.475407637817329531e-01 -8.009371047522664822e-02 -3.535917136989700227e-01 -1.735076585192206755e-01 9.894315821689385615e-01 -1.413905490533452491e-01 -2.118422634232997870e-01 9.568505576574863891e-01
2.578498303175503700e-02 -8.713284229949221915e-01 -2.517254856309751876e-01 2.816149465471246005e-01 -4.057178925315612639e-01 -1.678668548240521141e-01 2.828776394917479342e-01 -2.040179736121017773e-01 -9.209452201614432010e-01 -2.793008519980113430e-02
6.476359874351143020e-01 -8.704065414095588649e-01 -7.418451354584634783e-02 1.412930513689852619e-01 6.434571358886350678e-01 4.684969969173161664e-01 -5.075372577341932256e-01 -2.876022238307560652e-01 4.251722479534389976e-01 -9.732756600846430572e-01
-7.184636953174819984e-01 -4.419136312796810850e-01 3.173495307920054520e-01 8.697908737020187964e-01 -5.461548046090077824e-01 1.906834689918067705e-01 -6.953963967939151836e-01 -4.806884862219710786e-01 8.078138789096039885e-01 6.666118986696181192e-01
4.003457735347270008e-01 -5.182784860917264425e-01 -2.865382562442995162e-01 8.709893651697303563e-01 1.336138760195293151e-01 5.128862887821714622e-01 9.396525911824032962e-01 3.545923901136031064e-01 5.018747853100511414e-01 -7.565672769146694066e-01
-6.371502183511688067e-01 -9.356796887133242424e-02 -7.388512757512211149e-02 1.316274130676678700e-01 -5.451882131834125955e-01 -6.484455850147258227e-01 -4.878486819809147446e-01 -2.479417730806950937e-01 -2.122034725948987455e-01 -4.027218401066515185e-01
-4.321825585377216394e-01 4.491814910399939687e-02 -1.299962327469501300e-01 -5.902792883644074340e-02 1.069390778556483790e-01 -5.334732088505101943e-01 5.042259819726273573e-01 -1.742984706963840169e-01 -1.647017770516212842e-01 5.453761000614824050e-01
4.792353581907751181e-01 1.909720149974411529e-01 -1.490107676491159161e-02 3.940910572253633615e-01 5.742794175860456152e-01 -2.888488017087029180e-01 7.975247660240396552e-01 8.201520758271282352e-01 2.727772586463597659e-01 3.934351395508757787e-01
-2.128279070064158229e-01 1.088021839637857285e-01 9.596377557372500755e-01 5.154381531871792266e-01 4.737516941288865135e-01 2.403656658115946032e-01 -1.560937432773227274e-01 4.103235746202867351e-01 8.998763057734140425e-01 -9.083006007166496421e-01
3.204160281635121676e-01 -6.437786511653670329e-01 -8.867537253967432420e-01 5.725326005255707562e-01 -3.924581017297099628e-01 9.716995916383713849e-01 4.239680422359970446e-02 -3.867014775520467157e-02 -6.694861013666398852e-01 3.082871970381809712e-01
2.379679836160063511e-01 1.950584846371954395e-01 2.087929637349408840e-01 -2.985897851685773707e-01 -2.808600434224606812e-01 -8.892125535956904581e-02 5.640586963674104615e-02 -6.730738653059203935e-01 6.635030117753265566e-01 8.994870501070477697e-01
-9.253731368090793996e-01 -2.033662548589253993e-01 2.301761870950753963e-01 -7.404062102108869281e-01 -4.817510149472610248e-01 2.673658430421556043e-01 1.687482901841299010e-01 8.376546256336447893e-01 8.073817312645019673e-01 1.106896168798695013e-01
