1.631295734453688251e-01 -6.389263361325314694e-01 1.429401977207513108e-01 -2.262737203930670626e-01 -8.746256433129687702e-01 6.137422714012230607e-01 -7.752265188388282047e-01 2.522783982944881154e-01 -9.972578772286888604e-01 -3.947856473550935275e-01
5.907519751913516970e-01 -4.492233563015186060e-01 1.105815906651237135e-01 -9.102547835863931125e-01 -5.803389265150762366e-01 -5.911964048236287850e-01 -1.161137414381235855e-01 -7.055036357399615543e-01 -2.795364822949686912e-01 9.237924474573145917e-01
1.406013318362064890e-01 -2.021126232690647340e-01 -4.449213689482778844e-01 -6.794960521148183386e-01 -5.116913475540005862e-01 4.118404911269942792e-01 1.286806759209299655e-01 7.849263313893771743e-01 2.854125328708606024e-01 3.502148226501236028e-01
2.337532293710186115e-01 -8.193594689355454541e-01 2.283895750510333000e-01 -2.657865221102940004e-02 -3.693080757030763328e-01 -1.581928918891251090e-01 9.710704583760650932e-01 -9.847292993398182315e-02 -2.225329259068133669e-01 9.433655709475341489e-01
3.159040902188287037e-02 -8.707880198265869343e-01 -2.676440199386505014e-01 3.091550704606937372e-01 -4.124342556088071432e-01 -1.541752917536443057e-01 2.699315369841744361e-01 -1.721953121318993973e-01 -9.317752534524864627e-01 -3.074796607443472385e-02
6.337869462753218386e-01 -8.687370486594639951e-01 -8.939655143166466700e-02 1.911186487602917761e-01 6.282318229528445208e-01 4.802462387345309280e-01 -5.231220001839055334e-01 -2.518489546434609649e-01 4.175201786392554459e-01 -9.876113496069542919e-01
-7.295516917349481600e-01 -4.402318584026205239e-01 2.989661612705734606e-01 9.231585621681976939e-01 -5.619896650933707827e-01 2.052707805663367413e-01 -7.132945034728750411e-01 -4.390373850740065809e-01 7.977811055804632234e-01 6.526779031060306879e-01
3.904110981724061569e-01 -5.166191384694839295e-01 -3.057509876303073915e-01 9.247607188386988142e-01 1.178154178087199716e-01 5.282454821405491163e-01 9.212209376085305212e-01 3.976670912547750625e-01 4.911594436235465211e-01 -7.701373616044473458e-01
-6.296996386241547894e-01 -9.349173071739465268e-02 -8.321765386039195467e-02 1.428685318865192122e-01 -5.472882589432079836e-01 -6.401401901592173038e-01 -4.947681462838411370e-01 -2.303999482589174641e-01 -2.191155527571104211e-01 -4.019446481043220110e-01
-4.509629916421242779e-01 4.618469007476352917e-02 -1.326946727201659126e-01 -3.040601902936512085e-02 9.682654662151933544e-02 -5.325122406010638354e-01 4.987572842595371925e-01 -1.634597778055981443e-01 -1.637891946585146308e-01 5.330348231054431452e-01
4.689052270547924284e-01 1.926389914131594605e-01 -3.382834577053159264e-02 4.477216390456894568e-01 5.584691163167940786e-01 -2.737551823373111648e-01 7.792770071765285911e-01 8.627363642349055173e-01 2.622966434874818842e-01 3.797407059396133988e-01
-1.986590844220583185e-01 1.090126533632555517e-01 9.407127947076301400e-01 5.393724744736895227e-01 4.690663896149296352e-01 2.571430902489278969e-01 -1.702810670272097149e-01 4.461546420545279834e-01 8.859903383222726969e-01 -9.072887041422377230e-01
3.096362414977062993e-01 -6.421363711304184374e-01 -9.047565160454699162e-01 6.247001188117443649e-01 -4.079294272281249745e-01 9.859903242606504747e-01 2.488226127030344209e-02 2.097009942205532718e-03 -6.793221114595873189e-01 2.946888846052910793e-01
2.128722918447680523e-01 1.965824422624327383e-01 2.082158265805158504e-01 -2.669217530903028601e-01 -2.925937040618072915e-01 -9.016613409216601982e-02 5.174436023572516474e-02 -6.649493854116138580e-01 6.666294181606733371e-01 8.841949397945908506e-01
-9.186828328880650707e-01 -2.027096243671392128e-01 2.112226639688105645e-01 -7.073463389648034783e-01 -4.898486880490414141e-01 2.836525326284251580e-01 1.532971445273348943e-01 8.756056609202147456e-01 7.945177373434023638e-01 1.072012487329843389e-01
