1.613825506718546965e-01 -6.388855285489826175e-01 1.451292170114343583e-01 -2.268587297019208360e-01 -8.745384679306406062e-01 6.125806756513603180e-01 -7.735851558758836122e-01 2.497574180690425028e-01 -9.955161091110296123e-01 -3.949623899626165113e-01
5.888981957320381655e-01 -4.491923267389290042e-01 1.127569121006428005e-01 -9.112708293097505630e-01 -5.801916197080915216e-01 -5.925800597317373297e-01 -1.145072796120550213e-01 -7.084247417551458037e-01 -2.778231618156081772e-01 9.235447025822395295e-01
1.216200765369776088e-01 -2.018538490614498193e-01 -4.233560851642941270e-01 -6.917982448628864356e-01 -5.099198003311521399e-01 3.969472813820473789e-01 1.444801826945562584e-01 7.538345216552739814e-01 3.023077161420142933e-01 3.473889418546254326e-01
1.965172381817247849e-01 -8.186160404842629523e-01 2.735280507465256972e-01 -4.311721069433315651e-02 -3.668857839369703000e-01 -1.845065191158641871e-01 1.004662454998480614e+00 -1.547384861807537260e-01 -1.867976232343432907e-01 9.389786751196037562e-01
5.410874042033556736e-03 -8.703401785933199131e-01 -2.368078208309853105e-01 2.951165451050842270e-01 -4.103969769877219842e-01 -1.735970063413338760e-01 2.927245320438367493e-01 -2.132547149492100003e-01 -9.074734235110669678e-01 -3.419941865533469155e-02
6.042044450027520552e-01 -8.681537317268066545e-01 -5.362365036152556830e-02 1.777440541425674148e-01 6.301888697226208924e-01 4.592511591983537422e-01 -4.965150116991787210e-01 -2.966962064334785487e-01 4.458301271317612335e-01 -9.911324094770477267e-01
-7.663871983948482569e-01 -4.394773849301176205e-01 3.438479648540110900e-01 9.074112121182038582e-01 -5.596784605811350177e-01 1.794745759686329489e-01 -6.798540200441670622e-01 -4.943159774891229818e-01 8.333413497914801127e-01 6.484315993864225858e-01
3.551900786649458963e-01 -5.159571873111087337e-01 -2.635507729553805412e-01 9.077884738905722672e-01 1.202908398108266524e-01 5.028479779658017179e-01 9.525407120102813430e-01 3.436191558739623009e-01 5.245076109148262278e-01 -7.744892184137406321e-01
-6.509346709320622537e-01 -9.299315938831773098e-02 -5.657944882569226897e-02 1.358400807544789257e-01 -5.462400578172016408e-01 -6.542279019443825172e-01 -4.747892486503569875e-01 -2.609911700922599165e-01 -1.979162983861941505e-01 -4.040804131766950191e-01
-4.660674222704224157e-01 4.665498965093638900e-02 -1.123570537664908831e-01 -3.167954971475214071e-02 9.705557071781534262e-02 -5.411088234083509807e-01 5.142425698426846825e-01 -1.828998682939054210e-01 -1.474388690365460441e-01 5.320830922724546497e-01
4.319957915795226144e-01 1.933772475454035855e-01 1.093046227236914650e-02 4.313715258433422628e-01 5.608641471483599705e-01 -2.998214531320753107e-01 8.125892510568240024e-01 8.069912707255341155e-01 2.977333619366256956e-01 3.753988930890960196e-01
-2.351414743033784505e-01 1.097643093224298788e-01 9.852174017781715198e-01 5.239183001765068681e-01 4.713357206833701518e-01 2.316485305649481075e-01 -1.371125119147509619e-01 3.914945002871432211e-01 9.212582191254384822e-01 -9.114726420019950703e-01
2.868760658876451375e-01 -6.419199250771320253e-01 -8.800255846997991904e-01 6.069257876182103661e-01 -4.053860762508140203e-01 9.669767241648629108e-01 4.279330327826044722e-02 -3.706660724247540922e-02 -6.600948264651143038e-01 2.908400183613206180e-01
2.005487205796873673e-01 1.970140404581480764e-01 2.253845242747405664e-01 -2.664183757543829856e-01 -2.926206955389784592e-01 -9.659049871622642225e-02 6.490623187535379812e-02 -6.798501846667716064e-01 6.804958276012320617e-01 8.836533429976520804e-01
-9.549099918290744338e-01 -2.019782195291036919e-01 2.552357572707534827e-01 -7.231753259643838305e-01 -4.875282777990591065e-01 2.581517599754628023e-01 1.860684745937941087e-01 8.210272883661969834e-01 8.293740946702021777e-01 1.029730319578285591e-01
