1.805466743340486402e-01 -6.399713487553364555e-01 1.431132368222243212e-01 -2.477580419658495792e-01 -8.666158241209938051e-01 6.147962241238333903e-01 -7.721900754224255703e-01 2.471174547407690991e-01 -9.995709356862287898e-01 -3.842625790724579216e-01
6.152603664299959307e-01 -4.506978634329826816e-01 1.108973935648485537e-01 -9.406434103604512931e-01 -5.690254634359016572e-01 -5.897737211051148343e-01 -1.117778466220456512e-01 -7.129176553895023583e-01 -2.827457621663820309e-01 9.386285634136559697e-01
1.556891083698143941e-01 -2.037153190426207738e-01 -4.322338799692786449e-01 -7.253394600427172101e-01 -4.973867889256493591e-01 4.022845028259305900e-01 1.422649586542329148e-01 7.541322685710689644e-01 2.913028210447093369e-01 3.642945233272535943e-01
2.318049177955354423e-01 -8.203308171922584213e-01 2.479331360685958774e-01 -6.666712621600411059e-02 -3.587106692072694614e-01 -1.746459791524986593e-01 9.878226556104019451e-01 -1.389689893549393707e-01 -2.099568461052646329e-01 9.499339160100358503e-01
2.368725872953113265e-02 -8.712076067176587335e-01 -2.516556246385814322e-01 2.840055193072628104e-01 -4.066293109059028188e-01 -1.680695302212849018e-01 2.825911737809131963e-01 -2.035868204207693377e-01 -9.206095259003438391e-01 -2.916157749857215334e-02
6.464631015910314860e-01 -8.703389902536767808e-01 -7.414545266022598557e-02 1.426296755128938221e-01 6.429475409393993202e-01 4.683836764470779013e-01 -5.076974272935090848e-01 -2.873611561774858658e-01 4.253599423260340240e-01 -9.739642157174277504e-01
-7.206141239979007018e-01 -4.417897795478718526e-01 3.174211470103648902e-01 8.722415085259463963e-01 -5.470891219594654631e-01 1.904757014665115766e-01 -6.956900598266990698e-01 -4.802465005009149968e-01 8.081580073378034079e-01 6.653494656815536201e-01
4.007798944324922896e-01 -5.183034888390820605e-01 -2.865527138718841349e-01 8.704946397228715549e-01 1.338024926849745722e-01 5.129282321516163146e-01 9.397118748315628212e-01 3.545031636073853187e-01 5.018053138862570428e-01 -7.563124214306733428e-01
-6.371717228538749112e-01 -9.356673034157968194e-02 -7.388441140574829313e-02 1.316519196619495569e-01 -5.451975564507220984e-01 -6.484476627108385349e-01 -4.878516186407261812e-01 -2.479373531791093932e-01 -2.122000312760664309e-01 -4.027344645632797149e-01
-4.263569729419701693e-01 4.458263048326736866e-02 -1.301902435569324001e-01 -6.566678324752459051e-02 1.094701758400871416e-01 -5.329103594458096671e-01 5.050215252749317152e-01 -1.754958252859865064e-01 -1.656340328537604933e-01 5.487960746450792904e-01
4.674543312940089845e-01 1.916505311449152593e-01 -1.450873053068383982e-02 4.075167499896637513e-01 5.691608019648503047e-01 -2.899870467600573765e-01 7.959159462945989416e-01 8.225734747394299884e-01 2.746625507769359653e-01 3.865189571528357959e-01
-1.944404253206511446e-01 1.077431758361835218e-01 9.590253932276353588e-01 4.944837251915991660e-01 4.817406794538443005e-01 2.421422053458043011e-01 -1.535827445698238758e-01 4.065443261265836439e-01 8.969337970407668115e-01 -8.975060258214614395e-01
3.113289325036888711e-01 -6.432552892213819762e-01 -8.864510957708675587e-01 5.828882813603275537e-01 -3.964062592378160832e-01 9.708216255869723810e-01 4.115586836045756480e-02 -3.680244269523930828e-02 -6.680319131971890201e-01 3.029525168271522406e-01
2.294368215890381923e-01 1.955498281544235106e-01 2.090770789758445991e-01 -2.888676479304405631e-01 -2.845666591191088335e-01 -8.974550888556391548e-02 5.524085219774260008e-02 -6.713204233832607004e-01 6.648682350937223928e-01 8.944787368960881446e-01
-9.145034198631902811e-01 -2.039922850455030412e-01 2.298141904246483180e-01 -7.527933714854677660e-01 -4.770283448910139223e-01 2.684160402475179175e-01 1.702326612181000454e-01 8.354205316942592274e-01 8.056422740848141473e-01 1.170708046720365103e-01
