1.610464416311445657e-01 -6.388147098965738513e-01 1.440210573257272864e-01 -2.244220865123764952e-01 -8.752674790113887937e-01 6.133381431165850772e-01 -7.746123777950609801e-01 2.518833527030778230e-01 -9.961892835286458858e-01 -3.956038470624090864e-01
5.890305438181789865e-01 -4.491727861883834105e-01 1.118818434515344018e-01 -9.102739123841180335e-01 -5.804987040340562343e-01 -5.921251252053360004e-01 -1.152565021236103826e-01 -7.072012121839021948e-01 -2.784362014452166911e-01 9.232757936512475672e-01
1.165104134510550477e-01 -2.011880546089130917e-01 -4.288429238532901477e-01 -6.717020522777663594e-01 -5.158559108814084748e-01 4.019382241440936920e-01 1.388576152687724108e-01 7.683040205404105816e-01 2.996802578759614200e-01 3.421545414017919673e-01
1.844615374666099261e-01 -8.168537785294324172e-01 2.552901409269333621e-01 1.219265779414694523e-02 -3.832890897167115507e-01 -1.696913607225469245e-01 9.867407797749778720e-01 -1.122834252266594196e-01 -1.965404873445454614e-01 9.245241654616792593e-01
-4.198238550864142465e-03 -8.690981371182195936e-01 -2.468487294758793249e-01 3.324949817659134110e-01 -4.214345600242295764e-01 -1.643705415333275022e-01 2.823950005581769562e-01 -1.864797704385635635e-01 -9.122287417473251558e-01 -4.393275590578515910e-02
6.111834138892436874e-01 -8.681391928914429235e-01 -7.167710042039450447e-02 1.884078202334261154e-01 6.267222384027704152e-01 4.671072612959987769e-01 -5.113106323274011489e-01 -2.763160989952089808e-01 4.323124760791501875e-01 -9.941421607853865305e-01
-7.775690706524810425e-01 -4.377727564227051893e-01 3.249936044291764081e-01 9.616037569515275552e-01 -5.757710007185848911e-01 1.943291773964737623e-01 -6.981819504612116756e-01 -4.518923769084783326e-01 8.230067582576218177e-01 6.342539853344979495e-01
3.407880690166044668e-01 -5.140912065858497249e-01 -2.787223267180146125e-01 9.639933332179030367e-01 1.036924159162289777e-01 5.167467641060987660e-01 9.369512913307604940e-01 3.839413722466754053e-01 5.172984634045481034e-01 -7.891260767848273794e-01
-6.598466427973528337e-01 -9.172794222777938544e-02 -6.902443504210832581e-02 1.751798463482401313e-01 -5.578960718270075114e-01 -6.438716804608765054e-01 -4.871251867173851946e-01 -2.312365567536645572e-01 -2.044241305181983548e-01 -4.143532655509860052e-01
-4.633967067255477801e-01 4.694671383562946942e-02 -1.271785849960819503e-01 -1.579437258433961239e-02 9.214403272386914590e-02 -5.335578171268762215e-01 5.016193722909187969e-01 -1.626673170881938468e-01 -1.579101387186556127e-01 5.277847534661728179e-01
4.206810592000981286e-01 1.950728790167857718e-01 -7.339080703467184240e-03 4.850013442832952770e-01 5.449468465738128709e-01 -2.852548998980688477e-01 7.947551189039545605e-01 8.486480014950612549e-01 2.878175664136896628e-01 3.613744625931442633e-01
-2.455308575390895975e-01 1.114009959872796496e-01 9.662373617947727089e-01 5.764509957263725948e-01 4.557213669911398535e-01 2.462899919944274985e-01 -1.554276133076233357e-01 4.332085812124886748e-01 9.106771724807328772e-01 -9.252267960811155767e-01
2.649507547051636047e-01 -6.399223416762848116e-01 -8.798080086364272745e-01 6.577103868322408120e-01 -4.200925046054610479e-01 9.747456035663379925e-01 3.957084906503235966e-02 -1.231504657559956764e-02 -6.554588383197281765e-01 2.778282472704768358e-01
2.046215953228008866e-01 1.971529197942847311e-01 2.112430303231796203e-01 -2.548161936038096931e-01 -2.962773371255990607e-01 -8.993488691020649906e-02 5.309960993631089587e-02 -6.622909469216265999e-01 6.701927400714187133e-01 8.804630805230093671e-01
-9.664097573688185117e-01 -2.002728797939165029e-01 2.371657558074660721e-01 -6.694118606048504727e-01 -5.034801187016419988e-01 2.726703272429161773e-01 1.683810759094533649e-01 8.625822479475687699e-01 8.196298043632648245e-01 8.891741015610021837e-02
