1.779443116518378276e-01 -6.398214683487355448e-01 1.431999039020474263e-01 -2.447923818295304199e-01 -8.677464975668576219e-01 6.145447921840871963e-01 -7.725454546659319410e-01 2.476523281625291062e-01 -9.991544852419110834e-01 -3.857903249246436572e-01
6.193560264249523550e-01 -4.509337487650079135e-01 1.107609948629544594e-01 -9.453108364890185911e-01 -5.672459828003856286e-01 -5.893780115661977348e-01 -1.112185423557277564e-01 -7.137594518427187174e-01 -2.834011817342744211e-01 9.410329660021305997e-01
1.575612473347780818e-01 -2.038231429640135761e-01 -4.322962282415719337e-01 -7.274729550916569920e-01 -4.965733827739545747e-01 4.024653828910548237e-01 1.425206183797798620e-01 7.537474807853212777e-01 2.910032267148670027e-01 3.653935832538310335e-01
2.436452332286692946e-01 -8.210127480021076618e-01 2.475388153346763376e-01 -8.016038437003610018e-02 -3.535662939276786321e-01 -1.735020058328264891e-01 9.894395717959388881e-01 -1.414025740638385487e-01 -2.118516260514639871e-01 9.568849044003908677e-01
2.579082271567379944e-02 -8.713287593255213404e-01 -2.517256801113048614e-01 2.816082916262233060e-01 -4.057153553081433994e-01 -1.678662906125126253e-01 2.828784369603204452e-01 -2.040191738643729047e-01 -9.209461546733692661e-01 -2.792665694864077466e-02
6.476520142110910871e-01 -8.704074644552650675e-01 -7.418504728923359937e-02 1.412747872081314415e-01 6.434640991955343781e-01 4.684985453730326488e-01 -5.075350691139977055e-01 -2.876055178744975627e-01 4.251696832233104462e-01 -9.732662513881958910e-01
-7.184839436112538946e-01 -4.419124650999920467e-01 3.173502051255657208e-01 8.698139487169189721e-01 -5.461636020791867940e-01 1.906815126665741822e-01 -6.953991619055470697e-01 -4.806843245137477627e-01 8.078171192000507261e-01 6.666000116843661116e-01
4.003225538573558784e-01 -5.182771487782499298e-01 -2.865374829540713875e-01 8.710158263820849678e-01 1.336037875438512434e-01 5.128840453713811032e-01 9.396494202979469579e-01 3.545971625415096917e-01 5.018785011045575617e-01 -7.565809082835923682e-01
-6.371657436353319603e-01 -9.356707470853226072e-02 -7.388461053303146953e-02 1.316451057269817926e-01 -5.451949586023593364e-01 -6.484470850179110402e-01 -4.878508021172734410e-01 -2.479385821104583554e-01 -2.122009881174152235e-01 -4.027309543967719230e-01
-4.322732587138949922e-01 4.492337288751602903e-02 -1.299932121382309236e-01 -5.892456664996569005e-02 1.068996704811746301e-01 -5.334819720107669694e-01 5.042135959358098329e-01 -1.742798287469294882e-01 -1.646872624995470158e-01 5.453228535179130976e-01
4.792760744740420242e-01 1.909696699849134927e-01 -1.490243274860906728e-02 3.940446568296732122e-01 5.742971079797093426e-01 -2.888448678319411878e-01 7.975303262490016643e-01 8.201437072557906660e-01 2.727707429080372670e-01 3.934590424961887933e-01
-2.130106787042528316e-01 1.088127105120544336e-01 9.596438426249210840e-01 5.156464403494674942e-01 4.736722835583260238e-01 2.403480069960759191e-01 -1.561187026222117802e-01 4.103611403770089927e-01 8.999055543310010563e-01 -9.084078988673556232e-01
3.204541766209367815e-01 -6.437808482866018700e-01 -8.867549958635492224e-01 5.724891264317329975e-01 -3.924415270039403603e-01 9.717032774200320411e-01 4.240201378567696328e-02 -3.867798855160752003e-02 -6.694922061813733949e-01 3.083095925128763737e-01
2.380868779538074242e-01 1.950516370398893418e-01 2.087890041696062182e-01 -2.987252775042387176e-01 -2.808083862604769942e-01 -8.890976816980010466e-02 5.642210587472346744e-02 -6.730983021078013051e-01 6.634839853728413672e-01 8.995568483456505282e-01
-9.257062171967486153e-01 -2.033470714360013365e-01 2.301872797474343313e-01 -7.400266308253337089e-01 -4.818957315742899983e-01 2.673336618828823230e-01 1.687028046501549972e-01 8.377230849025590897e-01 8.074350333950568448e-01 1.104940783470644700e-01
