1.631272944535984704e-01 -6.389263288127580154e-01 1.429425015698818358e-01 -2.262759624825283200e-01 -8.746253245456696579e-01 6.137401908554444008e-01 -7.752248835271213778e-01 2.522741890033948220e-01 -9.972561097487890880e-01 -3.947861031576074264e-01
5.907296803726794776e-01 -4.492232846939664404e-01 1.106041286572661958e-01 -9.102767173988077776e-01 -5.803358080926120932e-01 -5.912167582937374322e-01 -1.160977435839622984e-01 -7.055448142044408177e-01 -2.795191914717267689e-01 9.237879884528855667e-01
1.406431484718152214e-01 -2.021127575777111052e-01 -4.449636416852142951e-01 -6.794549125902165088e-01 -5.116971965334328187e-01 4.118786665279884351e-01 1.286506700057520880e-01 7.850035665922900918e-01 2.853801018354027441e-01 3.502231860535728880e-01
2.337567464389089245e-01 -8.193594802318302506e-01 2.283860196218709393e-01 -2.657519209285169950e-02 -3.693085676426465791e-01 -1.581896810742165760e-01 9.710679346713420035e-01 -9.846643391993828431e-02 -2.225356535809028258e-01 9.433662743675318429e-01
3.165329756166024994e-02 -8.707882218149708420e-01 -2.677075944146843356e-01 3.092169406851074664e-01 -4.124430519591189559e-01 -1.541178793102712663e-01 2.698864107284928981e-01 -1.720791571839965228e-01 -9.318240268756402545e-01 -3.073538825168938005e-02
6.338091777945300542e-01 -8.687371200637079571e-01 -8.941902543392489522e-02 1.911405202982117413e-01 6.282287133842074933e-01 4.802665344170536366e-01 -5.231379526169486205e-01 -2.518078930929054104e-01 4.175029369081302844e-01 -9.876069032625336419e-01
-7.295423623705654670e-01 -4.402318883671139660e-01 2.989567301491885543e-01 9.231677404679330401e-01 -5.619909700108897121e-01 2.052792975649222196e-01 -7.133011978449175228e-01 -4.390201537654457864e-01 7.977738701598540150e-01 6.526797689959360493e-01
3.904112029798439965e-01 -5.166191388061094347e-01 -3.057510935808982477e-01 9.247608219490545123e-01 1.178154031490865616e-01 5.282455778217514109e-01 9.212208624029802895e-01 3.976672848338044242e-01 4.911593623397779163e-01 -7.701373406427685087e-01
-6.295852267877363184e-01 -9.349209819073761585e-02 -8.333331360663698284e-02 1.429810911225875558e-01 -5.473042619637347173e-01 -6.400357408731816022e-01 -4.948502435594574478e-01 -2.301886299337393416e-01 -2.192042852500445949e-01 -4.019217655282034674e-01
-4.510324807794489077e-01 4.618491326325863122e-02 -1.326244256527177590e-01 -3.047438297191826934e-02 9.683626621108107346e-02 -5.325756788868917235e-01 4.988071468352799354e-01 -1.635881240377468071e-01 -1.637353021192487768e-01 5.330209251511403012e-01
4.689166138087322855e-01 1.926389548406450547e-01 -3.383985672177985959e-02 4.477328414209408858e-01 5.584675236279365018e-01 -2.737447870988768406e-01 7.792688365055050470e-01 8.627573955359238989e-01 2.622878124513309261e-01 3.797429833111855002e-01
-1.986487336675175908e-01 1.090126201182129717e-01 9.407023310556068552e-01 5.393826576248416105e-01 4.690649418334538190e-01 2.571525396988760814e-01 -1.702884943072444368e-01 4.461737598677049110e-01 8.859823107590161229e-01 -9.072866339724363627e-01
3.096634240083761536e-01 -6.421364584364908090e-01 -9.047839950405179854e-01 6.247268611727727627e-01 -4.079332293021921130e-01 9.860151398210068585e-01 2.486275620736358091e-02 2.147215959421119869e-03 -6.793431929491555721e-01 2.946943211570410281e-01
2.128582922980173098e-01 1.965824872268385759e-01 2.082299788227612858e-01 -2.669355259510216571e-01 -2.925917459162077905e-01 -9.017891461128638153e-02 5.175440574049179621e-02 -6.649752425332651207e-01 6.666402755572682359e-01 8.841921398596874759e-01
-9.186989422848879094e-01 -2.027095726262172215e-01 2.112389490736302222e-01 -7.073621875120924551e-01 -4.898464347943424224e-01 2.836378259770044874e-01 1.533087039746121594e-01 8.755759069116890725e-01 7.945302310414715796e-01 1.071980268242154477e-01
