1.613984523388670433e-01 -6.388861526645590594e-01 1.451062558839469607e-01 -2.268615439889637431e-01 -8.745381329715645746e-01 6.125881379456991072e-01 -7.736028796566941645e-01 2.497752976485117238e-01 -9.955347402478612606e-01 -3.949620208056496273e-01
5.889112654296020377e-01 -4.491928397041308751e-01 1.127380401803746712e-01 -9.112731423930569008e-01 -5.801913444027529954e-01 -5.925739264169053166e-01 -1.145218469184075133e-01 -7.084100463967251127e-01 -2.778384748845759145e-01 9.235450059950771617e-01
1.217639872101896892e-01 -2.018594973304456419e-01 -4.235638842152901762e-01 -6.918237142644682036e-01 -5.099167689391552738e-01 3.970148154211621816e-01 1.443197818242364372e-01 7.539963325092031710e-01 3.021391036662236518e-01 3.473922827387970202e-01
1.965016741346998219e-01 -8.186154296197433178e-01 2.735505243694284494e-01 -4.311445615948825139e-02 -3.668861117842837638e-01 -1.845138229727436574e-01 1.004679802472665529e+00 -1.547559861457215580e-01 -1.867793876688801369e-01 9.389783138004799135e-01
5.427512233871336148e-03 -8.703408316163446790e-01 -2.368318454595761680e-01 2.951136004674138058e-01 -4.103966265141923975e-01 -1.735891984124756926e-01 2.927059873425177927e-01 -2.132360072330342915e-01 -9.074929175948331928e-01 -3.419903239995478184e-02
6.042398982592747103e-01 -8.681551232117129535e-01 -5.367484290267407476e-02 1.777377796028991319e-01 6.301896165242005798e-01 4.592677966134898204e-01 -4.965545274145525267e-01 -2.966563433601953070e-01 4.457885884381835306e-01 -9.911315864302167045e-01
-7.663944455503871600e-01 -4.394771004905898004e-01 3.438584293456974916e-01 9.074124947243554784e-01 -5.596786132381187384e-01 1.794711750416918550e-01 -6.798459424636107418e-01 -4.943241260746318866e-01 8.333498408978767813e-01 6.484314311438128531e-01
3.551659739974721841e-01 -5.159562412405852561e-01 -2.635159671490159283e-01 9.077927399498032512e-01 1.202903320604670895e-01 5.028366661880183663e-01 9.525675787433405262e-01 3.435920529722764627e-01 5.245358530706728528e-01 -7.744897780032431456e-01
-6.511022591758213185e-01 -9.298658181168518999e-02 -5.633746067266685170e-02 1.358697406274085306e-01 -5.462435879630176405e-01 -6.543065473343080418e-01 -4.746024570833777267e-01 -2.611796036269373178e-01 -1.977199441612925157e-01 -4.040843037353201717e-01
-4.661193196056483412e-01 4.665702654023014956e-02 -1.122821168853793267e-01 -3.167036489167827235e-02 9.705447753158283342e-02 -5.411331776594212606e-01 5.143004139035296518e-01 -1.829582208256678721e-01 -1.473780636912295772e-01 5.320818874765772533e-01
4.319763561714607958e-01 1.933780103547931006e-01 1.095852592644586468e-02 4.313749655341017064e-01 5.608637377531486834e-01 -2.998305737315344333e-01 8.126109134971319925e-01 8.069694178642782267e-01 2.977561333697527068e-01 3.753984418963824399e-01
-2.351518816019166347e-01 1.097647177926312223e-01 9.852324293415301026e-01 5.239201420667567444e-01 4.713355014598699655e-01 2.316436466540409689e-01 -1.371009120819800808e-01 3.914827984875061673e-01 9.212704128031806716e-01 -9.114728836072781837e-01
2.869787034788830460e-01 -6.419239534421689042e-01 -8.801737877036468483e-01 6.069076227526707390e-01 -4.053839142515284766e-01 9.670248896757773771e-01 4.267890482125489410e-02 -3.695120318026957895e-02 -6.602150814676207569e-01 2.908424010914984481e-01
2.004317445745007753e-01 1.970186315835219248e-01 2.255534311551306292e-01 -2.663976732673121184e-01 -2.926231595683519981e-01 -9.664539292201006215e-02 6.503661173266161999e-02 -6.799817106117623799e-01 6.806328821601635992e-01 8.836506274014043205e-01
-9.549106645096125945e-01 -2.019781931274439446e-01 2.552367285842379596e-01 -7.231752069129585569e-01 -4.875282919686710903e-01 2.581514443016301175e-01 1.860692243543320690e-01 8.210265320149835455e-01 8.293748828141835894e-01 1.029730163415597116e-01
