1.610548580506915850e-01 -6.388154096780553903e-01 1.440191204122105162e-01 -2.244388161883321131e-01 -8.752626733722911334e-01 6.133362253665362029e-01 -7.746127712960645395e-01 2.518767636270380916e-01 -9.961923041431717252e-01 -3.955995892720471918e-01
5.890438227057540610e-01 -4.491738902587744109e-01 1.118787875134733267e-01 -9.103003073950773905e-01 -5.804911220045546605e-01 -5.921281509085051242e-01 -1.152571229642846695e-01 -7.072116080059577259e-01 -2.784409671773042105e-01 9.232825113201110767e-01
1.166278568753373324e-01 -2.011978194183998148e-01 -4.288699517069606837e-01 -6.719354995792440333e-01 -5.157888525903694399e-01 4.019114636990612222e-01 1.388521243227643642e-01 7.682120760206965215e-01 2.996381079675142778e-01 3.422139549656216806e-01
1.844530738570946959e-01 -8.168530748243506556e-01 2.552920887005179496e-01 1.220948127161422536e-02 -3.832939223005158991e-01 -1.696894322198777005e-01 9.867411754822996706e-01 -1.122767992063719439e-01 -1.965374497937555365e-01 9.245198837983402695e-01
-4.313831994911358769e-03 -8.690885261249610139e-01 -2.468221273675869354e-01 3.327247517828065826e-01 -4.215005620065499503e-01 -1.643442026214263774e-01 2.824004050102697505e-01 -1.863892742378613077e-01 -9.121872557883329291e-01 -4.399123358138228024e-02
6.111896799871981978e-01 -8.681397138848754302e-01 -7.167854246944609098e-02 1.883953648433756844e-01 6.267258162431040835e-01 4.671058335143165596e-01 -5.113109252923394576e-01 -2.763210046199421899e-01 4.323102272052202766e-01 -9.941389908232275419e-01
-7.775859842882493211e-01 -4.377713501419192021e-01 3.249974968503602790e-01 9.616373769064329169e-01 -5.757806581303711591e-01 1.943330313067547777e-01 -6.981811596816395182e-01 -4.518791355020152500e-01 8.230128284842309627e-01 6.342454288794689976e-01
3.407876307810189243e-01 -5.140911701488416474e-01 -2.787222258646263051e-01 9.639942043174599684e-01 1.036921656908151856e-01 5.167468639616621395e-01 9.369513118200126778e-01 3.839417153340868860e-01 5.172986206852976387e-01 -7.891262984842379868e-01
-6.601378117354335107e-01 -9.170373304598669617e-02 -6.895742685071785949e-02 1.757586152600326135e-01 -5.580623245696423318e-01 -6.438053352362691495e-01 -4.871115734144013110e-01 -2.310086053946926177e-01 -2.043196313164954703e-01 -4.145005652775871630e-01
-4.632988448652807234e-01 4.693857713127703307e-02 -1.272011064446465778e-01 -1.598889677619222405e-02 9.219991025935070361e-02 -5.335801157523502036e-01 5.016147968607126417e-01 -1.627439315244260942e-01 -1.579452608932339630e-01 5.278342608942557801e-01
4.206438295761268376e-01 1.950759744662548534e-01 -7.330512860396742533e-03 4.850753471940945638e-01 5.449255890621658160e-01 -2.852464168236698017e-01 7.947568595365730459e-01 8.486771479535888396e-01 2.878309279556534039e-01 3.613556284638289040e-01
-2.455717087215052441e-01 1.114043925504847321e-01 9.662467630855418044e-01 5.765321973632916430e-01 4.556980416283410440e-01 2.462993002705461953e-01 -1.554257033527801368e-01 4.332405629293868965e-01 9.106918337834775112e-01 -9.252474623240219964e-01
2.649022722097239546e-01 -6.399183106091194118e-01 -8.797968511127061131e-01 6.578067575554077395e-01 -4.201201873242625395e-01 9.747566506995613000e-01 3.957311581403445688e-02 -1.227709042960864819e-02 -6.554414381736020090e-01 2.778037204154823470e-01
2.047147662545071856e-01 1.971451731162278398e-01 2.112215884219076079e-01 -2.550013934369711466e-01 -2.962241380342670038e-01 -8.995611666923121474e-02 5.309525382562487600e-02 -6.623638889072626101e-01 6.701593014496708411e-01 8.805102148528523021e-01
-9.663995167353208737e-01 -2.002737312492937627e-01 2.371633990782974488e-01 -6.694322163486483568e-01 -5.034742714659563578e-01 2.726679938307947082e-01 1.683805971192106066e-01 8.625742307245164442e-01 8.196261290466857474e-01 8.892259079976490288e-02
