1.779177691547848827e-01 -6.398199396608713618e-01 1.432007878528996636e-01 -2.447621339221321413e-01 -8.677580297398362896e-01 6.145422277331115124e-01 -7.725490793154045077e-01 2.476577835421031326e-01 -9.991502377037925209e-01 -3.858059069916846551e-01
6.193994896620873547e-01 -4.509362519855230622e-01 1.107595473968238098e-01 -9.453603673213840652e-01 -5.672270989113582518e-01 -5.893738122875594732e-01 -1.112126070061168204e-01 -7.137683850058501589e-01 -2.834081370616544637e-01 9.410584815771537714e-01
1.575863914113022624e-01 -2.038245911112832875e-01 -4.322970656205053497e-01 -7.275016093549240281e-01 -4.965624581861401987e-01 4.024678122311221573e-01 1.425240520606249339e-01 7.537423128283953222e-01 2.909992029629464572e-01 3.654083443626032768e-01
2.437006386372078115e-01 -8.210159390197228069e-01 2.475369701556790758e-01 -8.022352453591782839e-02 -3.535422214090324089e-01 -1.734966527398711933e-01 9.894471379712100889e-01 -1.414139617465207388e-01 -2.118604924585797966e-01 9.569174307594806583e-01
2.579388245744549529e-02 -8.713289355482070064e-01 -2.517257820105851529e-01 2.816048047355367290e-01 -4.057140259128226845e-01 -1.678659949900715154e-01 2.828788547993570934e-01 -2.040198027446447904e-01 -9.209466443171953065e-01 -2.792486069332539289e-02
6.476675325807249584e-01 -8.704083582198299807e-01 -7.418556410104810983e-02 1.412571024286352062e-01 6.434708416102593587e-01 4.685000447081582031e-01 -5.075329499218886875e-01 -2.876087074235650354e-01 4.251671998523440243e-01 -9.732571411573264220e-01
-7.185058167805766782e-01 -4.419112053372640236e-01 3.173509335727281999e-01 8.698388754447571314e-01 -5.461731055246132893e-01 1.906793993510748353e-01 -6.954021489105560727e-01 -4.806798288387212348e-01 8.078206195158004199e-01 6.665871707979149630e-01
4.002984123908054359e-01 -5.182757583752721775e-01 -2.865366789652873392e-01 8.710433380680887572e-01 1.335932985695974240e-01 5.128817129002752884e-01 9.396461235337494333e-01 3.546021244282245299e-01 5.018823644109828841e-01 -7.565950807990685645e-01
-6.371829875804940757e-01 -9.356608156121656861e-02 -7.388403625398033692e-02 1.316647569774049842e-01 -5.452024507444154233e-01 -6.484487510726122395e-01 -4.878531569543715363e-01 -2.479350378973413649e-01 -2.121982286063472112e-01 -4.027410776458781316e-01
-4.323602113362398081e-01 4.492838083451786146e-02 -1.299903163351543156e-01 -5.882547518681216503e-02 1.068618913423153433e-01 -5.334903730943867384e-01 5.042017216658007950e-01 -1.742619570463542766e-01 -1.646733476603673418e-01 5.452718070173496745e-01
4.793147909463097989e-01 1.909674401494469431e-01 -1.490372213214328188e-02 3.940005354244562330e-01 5.743139294963296448e-01 -2.888411271705073058e-01 7.975356133793158886e-01 8.201357497131538388e-01 2.727645471951227751e-01 3.934817714302926150e-01
-2.131806195898316714e-01 1.088224980828656763e-01 9.596495022051158008e-01 5.158401054805181740e-01 4.735984477136899184e-01 2.403315878525048299e-01 -1.561419097884421681e-01 4.103960689684723606e-01 8.999327496015876449e-01 -9.085076645475332890e-01
3.204913279341191079e-01 -6.437829879783379949e-01 -8.867562331222322847e-01 5.724467886863948696e-01 -3.924253855169825833e-01 9.717068668608127568e-01 4.240708717750826112e-02 -3.868562440119164419e-02 -6.694981514252810184e-01 3.083314026029939647e-01
2.382007237962329160e-01 1.950450802054906618e-01 2.087852127354681286e-01 -2.988550165597804176e-01 -2.807589225666450861e-01 -8.889876874946997520e-02 5.643765268902190685e-02 -6.731217012733778926e-01 6.634657668700992827e-01 8.996236828090953264e-01
-9.260326653728444546e-01 -2.033282699884929323e-01 2.301981515257338073e-01 -7.396546095275186028e-01 -4.820375666408183157e-01 2.673021215066297973e-01 1.686582248125105266e-01 8.377901810280028450e-01 8.074872741872074489e-01 1.103024333275622743e-01
