1.631252965775545349e-01 -6.389263223958853155e-01 1.429445212371077412e-01 -2.262779280081968492e-01 -8.746250450986094993e-01 6.137383669468968739e-01 -7.752234499326143835e-01 2.522704989322209213e-01 -9.972545602891570438e-01 -3.947865027364629298e-01
5.907082194587424118e-01 -4.492232157647888524e-01 1.106258236491293317e-01 -9.102978308093927495e-01 -5.803328063101304002e-01 -5.912363504723839869e-01 -1.160823441058871086e-01 -7.055844524493282144e-01 -2.795025473861680321e-01 9.237836962309258215e-01
1.406874459708400138e-01 -2.021128998545118349e-01 -4.450084223447761111e-01 -6.794113323732909882e-01 -5.117033925163692043e-01 4.119191067681869378e-01 1.286188839239934545e-01 7.850853839426319425e-01 2.853457467577966145e-01 3.502320456342336574e-01
2.337600858648997693e-01 -8.193594909575565577e-01 2.283826437721792058e-01 -2.657190674012769108e-02 -3.693090347350764802e-01 -1.581866324328221884e-01 9.710655384352133712e-01 -9.846026600996032885e-02 -2.225382434842066715e-01 9.433669422588254472e-01
3.171336150469206139e-02 -8.707884147311815148e-01 -2.677683134856039815e-01 3.092760320497298099e-01 -4.124514532272336997e-01 -1.540630455084326111e-01 2.698433112884345286e-01 -1.719682192579706226e-01 -9.318706096730806632e-01 -3.072337535344886461e-02
6.338302401394299013e-01 -8.687371877127426645e-01 -8.944031750948895632e-02 1.911612415935422804e-01 6.282257673504025863e-01 4.802857627325488044e-01 -5.231530660981101866e-01 -2.517689910038568013e-01 4.174866019341580969e-01 -9.876026907551088696e-01
-7.295341061243070246e-01 -4.402319148849158648e-01 2.989483838506141744e-01 9.231758630258845022e-01 -5.619921248291540605e-01 2.052868348884547278e-01 -7.133071221910852744e-01 -4.390049045029025820e-01 7.977674669996939194e-01 6.526814202602577719e-01
3.904112854581535119e-01 -5.166191390710171971e-01 -3.057511769588130424e-01 9.247609030918435558e-01 1.178153916126745832e-01 5.282456531181614068e-01 9.212208032199034058e-01 3.976674371709993938e-01 4.911592983734415219e-01 -7.701373241469560149e-01
-6.294811603674044242e-01 -9.349243243618429733e-02 -8.343851509754039719e-02 1.430834724595157204e-01 -5.473188179494863359e-01 -6.399407361634921187e-01 -4.949249173856963835e-01 -2.299964195616289730e-01 -2.192849943199786933e-01 -4.019009520541856340e-01
-4.510980799980583433e-01 4.618512395792897379e-02 -1.325581109320057016e-01 -3.053891998281244372e-02 9.684544170965540821e-02 -5.326355659734270942e-01 4.988542181637279360e-01 -1.637092856014756015e-01 -1.636844264198109855e-01 5.330078051876807610e-01
4.689273195362663738e-01 1.926389204554834478e-01 -3.385067921854877093e-02 4.477433737972274508e-01 5.584660261956528871e-01 -2.737350135856422284e-01 7.792611545113028448e-01 8.627771689831750246e-01 2.622795095875494198e-01 3.797451244762333755e-01
-1.986381844843018440e-01 1.090125862358477943e-01 9.406916668106124479e-01 5.393930359916354611e-01 4.690634662973482416e-01 2.571621702990800062e-01 -1.702960639716174784e-01 4.461932441780607217e-01 8.859741293037186605e-01 -9.072845241165379271e-01
3.096898877114180881e-01 -6.421365434338628386e-01 -9.048107473877781137e-01 6.247528963653820044e-01 -4.079369308351475376e-01 9.860392991647872751e-01 2.484376693151178761e-02 2.196094341063173361e-03 -6.793637169649977547e-01 2.946996139459533981e-01
2.128444461530610843e-01 1.965825316985412574e-01 2.082439759900320819e-01 -2.669491478938865736e-01 -2.925898092272349871e-01 -9.019155508626079676e-02 5.176434117037630178e-02 -6.650008163222533852e-01 6.666510139825740922e-01 8.841893706054229085e-01
-9.187150281102604010e-01 -2.027095209610031146e-01 2.112552103499017175e-01 -7.073780128696091074e-01 -4.898441848366310025e-01 2.836231408445212265e-01 1.533202465079764043e-01 8.755461964395627739e-01 7.945427064586214616e-01 1.071948096297796332e-01
