1.614136708128878495e-01 -6.388867499658783533e-01 1.450842812493451928e-01 -2.268642373640807064e-01 -8.745378124035391165e-01 6.125952796329475758e-01 -7.736198419599298326e-01 2.497924090567335276e-01 -9.955525709238294274e-01 -3.949616675089980822e-01
5.889238423474455475e-01 -4.491933333284989227e-01 1.127198798067623464e-01 -9.112753682638978781e-01 -5.801910794775237967e-01 -5.925680243525022206e-01 -1.145358649792157096e-01 -7.083959051119224082e-01 -2.778532105897746352e-01 9.235452979680407459e-01
1.219023169117868510e-01 -2.018649265550284955e-01 -4.237636246520130601e-01 -6.918481959421786121e-01 -5.099138551069772873e-01 3.970797304359410806e-01 1.441656014286339382e-01 7.541518682081170821e-01 3.019770301178127392e-01 3.473954940607942299e-01
1.964867768015787775e-01 -8.186148449227024226e-01 2.735720352943364353e-01 -4.311181962008996810e-02 -3.668864255876688185e-01 -1.845208139557975580e-01 1.004696406836641742e+00 -1.547727364682638662e-01 -1.867619332566107238e-01 9.389779679591097050e-01
5.446145483475613169e-03 -8.703415629422683875e-01 -2.368587508412154929e-01 2.951103027431634107e-01 -4.103962340159678646e-01 -1.735804542479219281e-01 2.926852189770678403e-01 -2.132150563058886616e-01 -9.075147491815923617e-01 -3.419859982933803888e-02
6.042765099789717542e-01 -8.681565601644880559e-01 -5.372770820056047003e-02 1.777313000376886387e-01 6.301903877281119781e-01 4.592849776693135322e-01 -4.965953343371541373e-01 -2.966151777294899761e-01 4.457456924349664229e-01 -9.911307364896799754e-01
-7.664012144570668816e-01 -4.394768348215821741e-01 3.438682032724879600e-01 9.074136926897228284e-01 -5.596787558210771785e-01 1.794679985461736793e-01 -6.798383979326991788e-01 -4.943317369247903770e-01 8.333577716655412582e-01 6.484312740037433409e-01
3.551426592545962047e-01 -5.159553261733674789e-01 -2.634823019500719954e-01 9.077968662076812967e-01 1.202898409493952797e-01 5.028257251040654241e-01 9.525935650372345798e-01 3.435658382491451612e-01 5.245631697139140348e-01 -7.744903192546576109e-01
-6.512606693154993076e-01 -9.298036446129276378e-02 -5.610872519420288806e-02 1.358977761536973861e-01 -5.462469247775771919e-01 -6.543808856466125645e-01 -4.744258953058201889e-01 -2.613577174485199883e-01 -1.975343434324147718e-01 -4.040879812243934333e-01
-4.661731388002130494e-01 4.665913885949914824e-02 -1.122044049456996651e-01 -3.166083993672822589e-02 9.705334386253632040e-02 -5.411584337958129654e-01 5.143604000425380240e-01 -1.830187342652614957e-01 -1.473150066056217455e-01 5.320806380647633560e-01
4.319578723455876901e-01 1.933787358160690140e-01 1.098521554848343532e-02 4.313782368132460521e-01 5.608633484024454496e-01 -2.998392477748950680e-01 8.126315153169325622e-01 8.069486349467804853e-01 2.977777898846795113e-01 3.753980127946354162e-01
-2.351619326761582862e-01 1.097651122815857111e-01 9.852469425367107458e-01 5.239219209122063514e-01 4.713352897400208685e-01 2.316389299111765721e-01 -1.370897092919435567e-01 3.914714972207574695e-01 9.212821891118756490e-01 -9.114731169428196278e-01
2.870768915411056055e-01 -6.419278071701463029e-01 -8.803155658337437073e-01 6.068902453675785180e-01 -4.053818459789023110e-01 9.670709671228960858e-01 4.256946574850244830e-02 -3.684080209715830806e-02 -6.603301231938173421e-01 2.908446805259253254e-01
2.003157762440506418e-01 1.970231831592373362e-01 2.257208830089457441e-01 -2.663771491191507801e-01 -2.926256023716616861e-01 -9.669981424872541032e-02 6.516586844947459822e-02 -6.801121035434334328e-01 6.807687560802424542e-01 8.836479351983108632e-01
-9.549115291001919470e-01 -2.019781591936150311e-01 2.552379770052054520e-01 -7.231750538971732922e-01 -4.875283101807529329e-01 2.581510385687355580e-01 1.860701880151801324e-01 8.210255598831964763e-01 8.293758958089453293e-01 1.029729962701020768e-01
