1.610627544719442084e-01 -6.388160662243850263e-01 1.440173031685509364e-01 -2.244545122415085026e-01 -8.752581646437883611e-01 6.133344261023528921e-01 -7.746131404850847835e-01 2.518705816490859895e-01 -9.961951381326853427e-01 -3.955955945441091970e-01
5.890565331453901932e-01 -4.491749470656777876e-01 1.118758623952330333e-01 -9.103255724778333002e-01 -5.804838645496093186e-01 -5.921310470861608222e-01 -1.152577172277626516e-01 -7.072215587994978847e-01 -2.784455288960233088e-01 9.232889414163147901e-01
1.167400213310448021e-01 -2.012071453091242856e-01 -4.288957646846938143e-01 -6.721584536498241835e-01 -5.157248085047935193e-01 4.018859061102059704e-01 1.388468801894799931e-01 7.681242643184064134e-01 2.995978526567722455e-01 3.422706979470983013e-01
1.844450034258408866e-01 -8.168524038099950202e-01 2.552939459899857821e-01 1.222552321188864755e-02 -3.832985303859079429e-01 -1.696875933060919828e-01 9.867415528069778397e-01 -1.122704809988601116e-01 -1.965345533528474464e-01 9.245158010403198290e-01
-4.424943880046112998e-03 -8.690792877500015390e-01 -2.467965566232831476e-01 3.329456136139845590e-01 -4.215640050913952996e-01 -1.643188848693872550e-01 2.824055999317041099e-01 -1.863022865757110735e-01 -9.121473782403608510e-01 -4.404744407694671793e-02
6.111974970906255411e-01 -8.681403638363407449e-01 -7.168034145929037815e-02 1.883798264536221956e-01 6.267302796824146816e-01 4.671040523233486175e-01 -5.113112907729367995e-01 -2.763271245012771660e-01 4.323074216825117944e-01 -9.941350362214583791e-01
-7.776015961695293965e-01 -4.377700520952438890e-01 3.250010896921505799e-01 9.616684093084433282e-01 -5.757895722614512213e-01 1.943365886016258925e-01 -6.981804297642539847e-01 -4.518669132176694747e-01 8.230184315171010789e-01 6.342375309702366071e-01
3.407872237472961974e-01 -5.140911363061060335e-01 -2.787221321918815775e-01 9.639950133957440048e-01 1.036919332811591377e-01 5.167469567076258263e-01 9.369513308504540117e-01 3.839420339940746163e-01 5.172987667678412560e-01 -7.891265043989088568e-01
-6.604098387315670005e-01 -9.168111541704135337e-02 -6.889482389196670276e-02 1.762993349177273961e-01 -5.582176475737924415e-01 -6.437433516597355077e-01 -4.870988550731435995e-01 -2.307956399463366448e-01 -2.042220020703094940e-01 -4.146381812692609969e-01
-4.632064294924413406e-01 4.693089327400758182e-02 -1.272223744653065425e-01 -1.617259475278179370e-02 9.225267793882037382e-02 -5.336011733511057953e-01 5.016104760754012126e-01 -1.628162819954876717e-01 -1.579784283483562646e-01 5.278810129937163698e-01
4.206086973104053439e-01 1.950788955313012829e-01 -7.322427693067544603e-03 4.851451810964828582e-01 5.449055291080729946e-01 -2.852384116495065847e-01 7.947585021093725999e-01 8.487046524249372004e-01 2.878435367653228161e-01 3.613378553690415051e-01
-2.456113891468580945e-01 1.114076917713333337e-01 9.662558949440224199e-01 5.766110718364835241e-01 4.556753847488424491e-01 2.463083417800901176e-01 -1.554238481354742740e-01 4.332716280798916131e-01 9.107060749068609518e-01 -9.252675362915420143e-01
2.648541899880086925e-01 -6.399143128226310040e-01 -8.797857857060167319e-01 6.579023326374275893e-01 -4.201476414932574510e-01 9.747676066271419026e-01 3.957536384865196349e-02 -1.223944765131423917e-02 -6.554241816838868306e-01 2.777793960553369135e-01
2.048063569992517874e-01 1.971375578224926484e-01 2.112005101771130267e-01 -2.551834522651398318e-01 -2.961718412040689197e-01 -8.997698636972913111e-02 5.309097159494825108e-02 -6.624355937905904712e-01 6.701264299498045363e-01 8.805565497804341835e-01
-9.663895401425095510e-01 -2.002745607510621750e-01 2.371611031141573900e-01 -6.694520472475173900e-01 -5.034685749932213961e-01 2.726657205825036567e-01 1.683801306739174108e-01 8.625664202145620907e-01 8.196225484931026761e-01 8.892763786763972778e-02
