1.778927010085496752e-01 -6.398184958867286776e-01 1.432016227031092936e-01 -2.447335661892448833e-01 -8.677689213374906174e-01 6.145398057291852068e-01 -7.725525026271918838e-01 2.476629358927903146e-01 -9.991462261028311032e-01 -3.858206235247392812e-01
6.194411466633903407e-01 -4.509386511777401241e-01 1.107581600841783392e-01 -9.454078397621038521e-01 -5.672089997949170126e-01 -5.893697875216368232e-01 -1.112069183164845210e-01 -7.137769469265153877e-01 -2.834148033410398004e-01 9.410829367814149693e-01
1.576111805231436291e-01 -2.038260188147265617e-01 -4.322978911779687405e-01 -7.275298590993986014e-01 -4.965516878232322240e-01 4.024702072756397575e-01 1.425274372674116830e-01 7.537372178286999569e-01 2.909952360152526785e-01 3.654228970854246916e-01
2.437531709725850315e-01 -8.210189645656390534e-01 2.475352206592946747e-01 -8.028339053920816037e-02 -3.535193971820073666e-01 -1.734915772340342721e-01 9.894543117989526015e-01 -1.414247589156349127e-01 -2.118688990940416628e-01 9.569482704491314440e-01
2.579423710175970247e-02 -8.713289559735820644e-01 -2.517257938213858792e-01 2.816044005818372775e-01 -4.057138718271099398e-01 -1.678659607254747999e-01 2.828789032296658013e-01 -2.040198756360288856e-01 -9.209467010701540834e-01 -2.792465249545054290e-02
6.476825609504016645e-01 -8.704092237633506146e-01 -7.418606459428192523e-02 1.412399760545257621e-01 6.434773711300085797e-01 4.685014967010586728e-01 -5.075308976442859388e-01 -2.876117962610923451e-01 4.251647948950058042e-01 -9.732483185863621822e-01
-7.185293849340174122e-01 -4.419098479536661683e-01 3.173517184683345982e-01 8.698657337814615920e-01 -5.461833454060278648e-01 1.906771222716437675e-01 -6.954053673829841964e-01 -4.806749847872130998e-01 8.078243910761748747e-01 6.665733348522533408e-01
4.002733067749287277e-01 -5.182743124431039572e-01 -2.865358428672176716e-01 8.710719485014892793e-01 1.335823906921490278e-01 5.128792872761525068e-01 9.396426951050991239e-01 3.546072844801885782e-01 5.018863820081296279e-01 -7.566098193290914375e-01
-6.372017964572846971e-01 -9.356499828327058399e-02 -7.388340985765312618e-02 1.316861916284965961e-01 -5.452106228173086988e-01 -6.484505683259905728e-01 -4.878557254988910019e-01 -2.479311720379216710e-01 -2.121952186626717418e-01 -4.027521196054396069e-01
-4.324436200055456481e-01 4.493318467118331827e-02 -1.299875385571566400e-01 -5.873042242292389470e-02 1.068256519786848768e-01 -5.334984317726250147e-01 5.041903313588300684e-01 -1.742448137478198322e-01 -1.646599999522904423e-01 5.452228410336920073e-01
4.793516527543559835e-01 1.909653171314618647e-01 -1.490494974937058362e-02 3.939585276000193703e-01 5.743299451992173177e-01 -2.888375657007848374e-01 7.975406472362596144e-01 8.201281733666527796e-01 2.727586482800929413e-01 3.935034115632117246e-01
-2.133389588088293043e-01 1.088316174676026565e-01 9.596547754123538887e-01 5.160205493183457337e-01 4.735296525562803782e-01 2.403162896247663938e-01 -1.561635326284288583e-01 4.104286130256258880e-01 8.999580882826850869e-01 -9.086006193407738518e-01
3.205275046927328342e-01 -6.437850715416044700e-01 -8.867574379251015326e-01 5.724055615462981805e-01 -3.924096674540847873e-01 9.717103621432551241e-01 4.241202748394461153e-02 -3.869305994689792305e-02 -6.695039407133389631e-01 3.083526405700518502e-01
2.383097704209987955e-01 1.950387997771053095e-01 2.087815811307738301e-01 -2.989792864128177907e-01 -2.807115440348875168e-01 -8.888823301416487466e-02 5.645254412105830955e-02 -6.731441140376396293e-01 6.634483163757290969e-01 8.996876998386276192e-01
-9.263520253577283148e-01 -2.033098767780793237e-01 2.302087872443795702e-01 -7.392906659531737201e-01 -4.821763220330040345e-01 2.672712659686889980e-01 1.686146129398803095e-01 8.378558202907603336e-01 8.075383806715231705e-01 1.101149495092630104e-01
