1.636262063082529195e-01 -6.389279312414297696e-01 1.424381479967345432e-01 -2.257851292000350174e-01 -8.746951083801137727e-01 6.141956593510540241e-01 -7.755828823611756739e-01 2.531956777307630690e-01 -9.976430425522797574e-01 -3.946863198760173774e-01
5.947376259000509702e-01 -4.492361576028143233e-01 1.065524677699746653e-01 -9.063336700630881815e-01 -5.808964077346806532e-01 -5.875578095179027072e-01 -1.189736821137168110e-01 -6.981421506098123286e-01 -2.826275673996109239e-01 9.245895848740256495e-01
1.388434077817126133e-01 -2.021069770855124792e-01 -4.431442709099487898e-01 -6.812255111885835435e-01 -5.114454630755308484e-01 4.102356404564266312e-01 1.299420906497915362e-01 7.816794508338776870e-01 2.867758969127918167e-01 3.498632346305023955e-01
2.329572302056257815e-01 -8.193569123078096039e-01 2.291942563179600878e-01 -2.736176225254626643e-02 -3.691967376511595123e-01 -1.589195784550699320e-01 9.716416349686040066e-01 -9.994313805002688622e-02 -2.219155860184776896e-01 9.432063696615257120e-01
2.667829584007629790e-02 -8.707722428693382977e-01 -2.626783294828405335e-01 3.043224961000891016e-01 -4.117471881642236209e-01 -1.586596766811809722e-01 2.734562694102005143e-01 -1.812679707235199111e-01 -9.279656471928464656e-01 -3.173039767683055734e-02
6.317717452809410439e-01 -8.687305761416780348e-01 -8.735937028905606250e-02 1.891360786735561406e-01 6.285136932897616990e-01 4.784065138278189022e-01 -5.216759739978310551e-01 -2.555710249498269193e-01 4.190830746961012321e-01 -9.880143934841580933e-01
-7.393979766238324425e-01 -4.402002336395094972e-01 3.089198413036414737e-01 9.134717121018214314e-01 -5.606124448325870979e-01 1.962818729590194988e-01 -7.062292103211856853e-01 -4.572234442885103056e-01 8.054174256648257701e-01 6.507086281559215646e-01
3.903905102527656101e-01 -5.166190723442307675e-01 -3.057301751546415702e-01 9.247404642865517665e-01 1.178182974836812641e-01 5.282266869391545328e-01 9.212357106614419422e-01 3.976290654277843672e-01 4.911754106553783972e-01 -7.701414792259544395e-01
-6.353432877143130320e-01 -9.347360417854548575e-02 -7.751244850666830222e-02 1.373162669276491443e-01 -5.464988700559847423e-01 -6.452924116124908460e-01 -4.907184934739526327e-01 -2.408237515205280121e-01 -2.147386013096743984e-01 -4.030733882236538501e-01
-4.423417939336254934e-01 4.615700010455224545e-02 -1.414099033336019273e-01 -2.192441906173732413e-02 9.562068184202564269e-02 -5.246417442117508045e-01 4.925710637899282651e-01 -1.475364510081272340e-01 -1.704753941698644859e-01 5.347590783833349182e-01
4.612758963861895989e-01 1.926634956579394431e-01 -2.611580066354648316e-02 4.402158454263118137e-01 5.595362465990876277e-01 -2.807201797205540750e-01 7.847515042414781039e-01 8.486450129412945742e-01 2.682135971072848180e-01 3.782148258801464880e-01
-1.990579062040464531e-01 1.090139343179020309e-01 9.411159665082561299e-01 5.389801105670056769e-01 4.691221736436058665e-01 2.567789963606712522e-01 -1.699948887542037657e-01 4.454180193968331758e-01 8.862996459259269155e-01 -9.073684692266009710e-01
2.993802047620029438e-01 -6.421034303069621529e-01 -8.943886149308242217e-01 6.146101517576564310e-01 -4.064948941278591077e-01 9.766273444489891320e-01 3.224157566451154450e-02 -1.684585972757129957e-02 -6.713680069222275337e-01 2.926376585379019124e-01
2.142162208442303650e-01 1.965781257677623461e-01 2.068572391133879640e-01 -2.655995855048063903e-01 -2.927816821944737580e-01 -8.893922935161774346e-02 5.078001150283635579e-02 -6.624671525044690812e-01 6.655871294064512611e-01 8.844637280475443619e-01
-9.182940194584771065e-01 -2.027108731764864780e-01 2.108296096834275379e-01 -7.069638213514380931e-01 -4.899030721887383533e-01 2.840074896537896909e-01 1.530181478405283069e-01 8.763237981804785637e-01 7.942161917518478775e-01 1.072790121285994575e-01
