1.631235722511534814e-01 -6.389263168576122531e-01 1.429462643710371905e-01 -2.262796244136432711e-01 -8.746248039135043895e-01 6.137367927683230473e-01 -7.752222126261937296e-01 2.522673141064324387e-01 -9.972532229818907856e-01 -3.947868476048905229e-01
5.906875468642435179e-01 -4.492231493675729048e-01 1.106467217232169065e-01 -9.103181686653103455e-01 -5.803299147915212952e-01 -5.912552229754702848e-01 -1.160675102937448883e-01 -7.056226346705330998e-01 -2.794865146844587867e-01 9.237795616742925375e-01
1.407340688416791330e-01 -2.021130496000516641e-01 -4.450555537393877104e-01 -6.793654644378636087e-01 -5.117099137538776432e-01 4.119616698956091172e-01 1.285854292500967500e-01 7.851714962478718585e-01 2.853095882300882291e-01 3.502413702935017747e-01
2.337632603811465870e-01 -8.193595011536177752e-01 2.283794346309307999e-01 -2.656878362686587031e-02 -3.693094787612388741e-01 -1.581837343414544961e-01 9.710632605316028565e-01 -9.845440268779430404e-02 -2.225407054911917593e-01 9.433675771678692312e-01
3.177072371259263839e-02 -8.707885989698316287e-01 -2.678263013530967074e-01 3.093324654267526896e-01 -4.124594765980599265e-01 -1.540106781848391004e-01 2.698021505035070877e-01 -1.718622714287815489e-01 -9.319150971305549813e-01 -3.071190280716604160e-02
6.338501671529058745e-01 -8.687372517152661677e-01 -8.946046187037148822e-02 1.911808459411709071e-01 6.282229801177553474e-01 4.803039545769902108e-01 -5.231673649116661551e-01 -2.517321858686072389e-01 4.174711474703735603e-01 -9.875987053160409923e-01
-7.295268751524420781e-01 -4.402319381096930218e-01 2.989410740092797725e-01 9.231829769110787565e-01 -5.619931362401654473e-01 2.052934362146136005e-01 -7.133123108420916791e-01 -4.389915489191471565e-01 7.977618589946133820e-01 6.526828664678293590e-01
3.904113454271309624e-01 -5.166191392636283464e-01 -3.057512375818825512e-01 9.247609620897803140e-01 1.178153832246894989e-01 5.282457078652668114e-01 9.212207601886067687e-01 3.976675479335242125e-01 4.911592518642949878e-01 -7.701373121530510346e-01
-6.293871332447859013e-01 -9.349273443694014474e-02 -8.353356779036177904e-02 1.431759770588907077e-01 -5.473319697178735677e-01 -6.398548965674071276e-01 -4.949923874206391683e-01 -2.298227517428519384e-01 -2.193579173780690894e-01 -4.018821464580350500e-01
-4.511601071180071920e-01 4.618532317956403760e-02 -1.324954072714565056e-01 -3.059994273583797192e-02 9.685411757139165967e-02 -5.326921920061551408e-01 4.988987262996125716e-01 -1.638238495094900549e-01 -1.636363210737656892e-01 5.329953996504734892e-01
4.689374015034061260e-01 1.926388880737449627e-01 -3.386087115146002580e-02 4.477532925132872155e-01 5.584646160100275036e-01 -2.737258095181038797e-01 7.792539201021635442e-01 8.627957903468131962e-01 2.622716904832854135e-01 3.797471408880638277e-01
-1.986275075503444176e-01 1.090125519431667522e-01 9.406808734214768819e-01 5.394035400405819969e-01 4.690619728924818044e-01 2.571719175259737922e-01 -1.703037253047214594e-01 4.462129644436603759e-01 8.859658487708945707e-01 -9.072823887102579032e-01
3.097156438515396015e-01 -6.421366261586508584e-01 -9.048367844546058025e-01 6.247782354522012360e-01 -4.079405333998117889e-01 9.860628125575527925e-01 2.482528537400373325e-02 2.243665856073467912e-03 -6.793836922279853363e-01 2.947047652209901503e-01
2.128307390723195580e-01 1.965825757235909466e-01 2.082578325762905747e-01 -2.669626330243178858e-01 -2.925878919894618901e-01 -9.020406860620684697e-02 5.177417681344225614e-02 -6.650261332600463371e-01 6.666616445561504012e-01 8.841866291642552778e-01
-9.187310575706749693e-01 -2.027094694768246663e-01 2.112714146464328702e-01 -7.073937827748508766e-01 -4.898419427628030176e-01 2.836085071689483650e-01 1.533317485961417093e-01 8.755165900733479223e-01 7.945551381617345088e-01 1.071916037084382906e-01
