1.614282422663733674e-01 -6.388873218726529579e-01 1.450632408766032444e-01 -2.268668162290958523e-01 -8.745375054646131741e-01 6.126021176880249719e-01 -7.736360831029162055e-01 2.498087929654378425e-01 -9.955696435202757710e-01 -3.949613292329187675e-01
5.889359538169413044e-01 -4.491938086847467870e-01 1.127023915148155642e-01 -9.112775117593971963e-01 -5.801908243566846757e-01 -5.925623407125302222e-01 -1.145493642576542875e-01 -7.083822871697801338e-01 -2.778674009539190970e-01 9.235455791356277366e-01
1.220352412122887170e-01 -2.018701436260668114e-01 -4.239555599885804771e-01 -6.918717209685988356e-01 -5.099110551363305044e-01 3.971421088176763647e-01 1.440174458192460816e-01 7.543013261606933417e-01 3.018212897901489389e-01 3.473985798964842053e-01
1.964725041797627525e-01 -8.186142847446037374e-01 2.735926441706789114e-01 -4.310929364249189294e-02 -3.668867262318850075e-01 -1.845275117758999883e-01 1.004712314905931825e+00 -1.547887843754295334e-01 -1.867452107853255217e-01 9.389776366204031222e-01
5.466739139439546688e-03 -8.703423712110778254e-01 -2.368884869411886918e-01 2.951066580649607807e-01 -4.103958002229594615e-01 -1.735707901087976679e-01 2.926622655694716690e-01 -2.131919011292594812e-01 -9.075388776721354800e-01 -3.419812174791635184e-02
6.043142869542226236e-01 -8.681580428517224890e-01 -5.378225606300467143e-02 1.777246142448163368e-01 6.301911834774326371e-01 4.593027055533355218e-01 -4.966374400376768472e-01 -2.965727019041202173e-01 4.457014311638407000e-01 -9.911298594977525633e-01
-7.664075365856721778e-01 -4.394765866879157268e-01 3.438773320764545449e-01 9.074148115840251494e-01 -5.596788889929235067e-01 1.794650317135476625e-01 -6.798313513745257719e-01 -4.943388454248441866e-01 8.333651789671165933e-01 6.484311272356203526e-01
3.551201226299898761e-01 -5.159544416460757343e-01 -2.634497603108639785e-01 9.078008547536979833e-01 1.202893662289180321e-01 5.028151491734988987e-01 9.526186840511355891e-01 3.435404984297221742e-01 5.245895746773960866e-01 -7.744908424420678950e-01
-6.514102793287920301e-01 -9.297449250210663985e-02 -5.589269661141724188e-02 1.359242542280761634e-01 -5.462500762227538997e-01 -6.544510942577194124e-01 -4.742591420289083426e-01 -2.615259365490698595e-01 -1.973590533432135197e-01 -4.040914544186615665e-01
-4.662286582726996587e-01 4.666131791201910683e-02 -1.121242378987598876e-01 -3.165101406552069813e-02 9.705217437815538695e-02 -5.411844878343554655e-01 5.144222812880897555e-01 -1.830811594700934297e-01 -1.472499573948744256e-01 5.320793491810225095e-01
4.319402707847965761e-01 1.933794266498193859e-01 1.101063122854944315e-02 4.313813519485605319e-01 5.608629776361268027e-01 -2.998475077911149644e-01 8.126511337761257447e-01 8.069288440339974500e-01 2.977984126965705358e-01 3.753976041746593939e-01
-2.351716318036223830e-01 1.097654929571792448e-01 9.852609475402143158e-01 5.239236374698935661e-01 4.713350854337194917e-01 2.316343783290115976e-01 -1.370788987769771261e-01 3.914605916773234440e-01 9.212935530632645476e-01 -9.114733421079216358e-01
2.871708546211335089e-01 -6.419314950741762393e-01 -8.804512433232770663e-01 6.068736157224960959e-01 -4.053798667029914760e-01 9.671150618809868371e-01 4.246473578318435416e-02 -3.673515151629604125e-02 -6.604402147332619766e-01 2.908468618774524006e-01
2.002009460604409485e-01 1.970276900644681584e-01 2.258866914416853555e-01 -2.663568264009340547e-01 -2.926280212005910042e-01 -9.675370146875132693e-02 6.529385660336801955e-02 -6.802412167610427662e-01 6.809032964942490773e-01 8.836452694172796107e-01
-9.549125962784897892e-01 -2.019781173085348214e-01 2.552395179516314117e-01 -7.231748650272860068e-01 -4.875283326602235512e-01 2.581505377659854550e-01 1.860713774775316354e-01 8.210243599650262070e-01 8.293771461649537269e-01 1.029729714955735093e-01
