1.610701498219232475e-01 -6.388166811092461650e-01 1.440156012389767759e-01 -2.244692122939519752e-01 -8.752539420188584218e-01 6.133327410113584843e-01 -7.746134862470352989e-01 2.518647919515690781e-01 -9.961977922900080440e-01 -3.955918533035867046e-01
5.890687097319422527e-01 -4.491759594854757287e-01 1.118730601353232212e-01 -9.103497763980541446e-01 -5.804769119161190538e-01 -5.921338216210239036e-01 -1.152582865314910471e-01 -7.072310916482642540e-01 -2.784498990173094324e-01 9.232951014410820667e-01
1.168471511995011619e-01 -2.012160526001216809e-01 -4.289204190272087880e-01 -6.723714002566830716e-01 -5.156636390869071551e-01 4.018614956932440863e-01 1.388418714431228496e-01 7.680403941114327671e-01 2.995594042363945997e-01 3.423248939765183851e-01
1.844372996912403140e-01 -8.168517632845576637e-01 2.552957188896842755e-01 1.224083625359187466e-02 -3.833029290934566458e-01 -1.696858379471386513e-01 9.867419129871327632e-01 -1.122644498721096507e-01 -1.965317885176929846e-01 9.245119037908126058e-01
-4.531711343730059072e-03 -8.690704105910748156e-01 -2.467719856828251290e-01 3.331578398534266183e-01 -4.216249675820325504e-01 -1.642945570293176394e-01 2.824105917342003558e-01 -1.862187000894561517e-01 -9.121090598854004750e-01 -4.410145676907731294e-02
6.112068342421020928e-01 -8.681411401718902576e-01 -7.168249026553773218e-02 1.883612665995561541e-01 6.267356110445153616e-01 4.671019247769970240e-01 -5.113117273218107384e-01 -2.763344344031576361e-01 4.323040706215026674e-01 -9.941303126411589197e-01
-7.776159915615873386e-01 -4.377688551933160421e-01 3.250044025770775225e-01 9.616970236429638330e-01 -5.757977917969097081e-01 1.943398687094756438e-01 -6.981797567225657142e-01 -4.518556433026703067e-01 8.230235979575468708e-01 6.342302484718751465e-01
3.407868477903657767e-01 -5.140911050472439792e-01 -2.787220456709975092e-01 9.639957607013629470e-01 1.036917186158476389e-01 5.167470423724881412e-01 9.369513484279320403e-01 3.839423283245542717e-01 5.172989016970660492e-01 -7.891266945921122655e-01
-6.606637714795100536e-01 -9.166000223066030073e-02 -6.883638505475200842e-02 1.768040878668717397e-01 -5.583626390556056807e-01 -6.436854910056818424e-01 -4.870869827097724647e-01 -2.305968401864355588e-01 -2.041308667671374311e-01 -4.147666435447827094e-01
-4.631190380766820880e-01 4.692362713262182572e-02 -1.272424862971237858e-01 -1.634630639569394431e-02 9.230257702025564115e-02 -5.336210862001394828e-01 5.016063901800141833e-01 -1.628846992934182836e-01 -1.580097927282338721e-01 5.279252235188275355e-01
4.205754950524727143e-01 1.950816561262449511e-01 -7.314786688265280910e-03 4.852111786401061000e-01 5.448865711571344583e-01 -2.852308462434075542e-01 7.947600544466513206e-01 8.487306459250218982e-01 2.878554529040138754e-01 3.613210586477007547e-01
-2.456498738222176459e-01 1.114108915717933468e-01 9.662647516184640351e-01 5.766875694664345131e-01 4.556534106232021930e-01 2.463171108282155852e-01 -1.554220488242243625e-01 4.333017570974496691e-01 9.107198868810343351e-01 -9.252870053399788741e-01
2.648065532647699838e-01 -6.399103520770222930e-01 -8.797748228241618618e-01 6.579970221831326072e-01 -4.201748412898455576e-01 9.747784610442499220e-01 3.957759105444830922e-02 -1.220215364642889683e-02 -6.554070850815397753e-01 2.777552970688327849e-01
2.048964483698635930e-01 1.971300671939129889e-01 2.111797769909277978e-01 -2.553625307234211883e-01 -2.961204004921899058e-01 -8.999751442556443159e-02 5.308675946596067008e-02 -6.625061248386410195e-01 6.700940965684647477e-01 8.806021261882328588e-01
-9.663798573062434283e-01 -2.002753658285026939e-01 2.371588747537079767e-01 -6.694712942339773321e-01 -5.034630462507108106e-01 2.726635142690447267e-01 1.683796779629081197e-01 8.625588396817617243e-01 8.196190733674018070e-01 8.893253632674090470e-02
