1.778690861265949663e-01 -6.398171358118499574e-01 1.432024091549261025e-01 -2.447066546005890186e-01 -8.677791815214903615e-01 6.145375241349949613e-01 -7.725557274808765307e-01 2.476677895485862313e-01 -9.991424470645940970e-01 -3.858344869028927926e-01
6.194811039653772555e-01 -4.509409524775202516e-01 1.107568293770080925e-01 -9.454533752205038777e-01 -5.671916391631213195e-01 -5.893659269752132834e-01 -1.112014617381798381e-01 -7.137851595015665129e-01 -2.834211976212375195e-01 9.411063941583565073e-01
1.576355960950354129e-01 -2.038274250045200020e-01 -4.322987042953457260e-01 -7.275576831566523683e-01 -4.965410797558047484e-01 4.024725662299249440e-01 1.425307714634974077e-01 7.537321996040799998e-01 2.909913288443452539e-01 3.654372305174791169e-01
2.438030371577313560e-01 -8.210218365573704880e-01 2.475335599543214138e-01 -8.034021818988489050e-02 -3.534977313428155909e-01 -1.734867593230856042e-01 9.894611215366094781e-01 -1.414350081008317606e-01 -2.118768790712764194e-01 9.569775449457427197e-01
2.579196366047016922e-02 -8.713288250370653243e-01 -2.517257181084504580e-01 2.816069914021909204e-01 -4.057148595909271238e-01 -1.678661803780840123e-01 2.828785927680029788e-01 -2.040194083670621161e-01 -9.209463372562854966e-01 -2.792598714435402113e-02
6.476971169473545453e-01 -8.704100621010490979e-01 -7.418654935597884803e-02 1.412233879977562168e-01 6.434836954134549591e-01 4.685029030548208961e-01 -5.075289098740105587e-01 -2.876147880100712317e-01 4.251624655304480083e-01 -9.732397733270402584e-01
-7.185547292269187647e-01 -4.419083882751397852e-01 3.173525625151198404e-01 8.698946162118985637e-01 -5.461943569837697243e-01 1.906746735873119380e-01 -6.954088284054235070e-01 -4.806697756790596632e-01 8.078284468682871422e-01 6.665584562042381478e-01
4.002471917887741037e-01 -5.182728083772910610e-01 -2.865349731538586742e-01 8.711017092162154363e-01 1.335710442639259365e-01 5.128767641299091240e-01 9.396391288366127137e-01 3.546126519918345044e-01 5.018905611326082150e-01 -7.566251504211218837e-01
-6.372220128423652374e-01 -9.356383394132986031e-02 -7.388273658675530153e-02 1.317092302801586845e-01 -5.452194064238129467e-01 -6.484525215683076826e-01 -4.878584862530647159e-01 -2.479270168880120806e-01 -2.121919834785035985e-01 -4.027639878583407218e-01
-4.325236818815883511e-01 4.493779575272723037e-02 -1.299848722381807264e-01 -5.863918367444280466e-02 1.067908667283866408e-01 -5.335061670944273304e-01 5.041793980907132156e-01 -1.742283583283334436e-01 -1.646471878242658504e-01 5.451758398221089319e-01
4.793867913323195395e-01 1.909632933611440098e-01 -1.490611997747216810e-02 3.939184835736329604e-01 5.743452121938220634e-01 -2.888341707240286160e-01 7.975454457685087206e-01 8.201209512021329084e-01 2.727530251298281305e-01 3.935240400548137840e-01
-2.134867858294660081e-01 1.088401314130688635e-01 9.596596985294447713e-01 5.161890134241254868e-01 4.734654247344023403e-01 2.403020070519337748e-01 -1.561837199202013582e-01 4.104589964709838279e-01 8.999817447195250786e-01 -9.086874028314696483e-01
3.205627287535023351e-01 -6.437871002352166805e-01 -8.867586110000565958e-01 5.723654201034557021e-01 -3.923943633189463931e-01 9.717137653790860474e-01 4.241683768974531532e-02 -3.870029968102141338e-02 -6.695095775432314822e-01 3.083733192452825511e-01
2.384142576249830836e-01 1.950327819438782695e-01 2.087781013695129695e-01 -2.990983603365755528e-01 -2.806661464783573590e-01 -8.887813779547917847e-02 5.646681291754923615e-02 -6.731655896869437328e-01 6.634315955155575262e-01 8.997490402096622875e-01
-9.266639099385237666e-01 -2.032919141058885104e-01 2.302191740079326254e-01 -7.389352413712273471e-01 -4.823118295147590939e-01 2.672411326803267317e-01 1.685720219101433381e-01 8.379199231055081132e-01 8.075882908831688578e-01 1.099318542097769136e-01
