1.631221147143319394e-01 -6.389263121762266406e-01 1.429477378054666847e-01 -2.262810583494694050e-01 -8.746246000448103519e-01 6.137354621483003259e-01 -7.752211667571131670e-01 2.522646220402122719e-01 -9.972520925841996675e-01 -3.947871391149152531e-01
5.906676202980225554e-01 -4.492230853664858636e-01 1.106668656319662047e-01 -9.103377725729261405e-01 -5.803271276214325702e-01 -5.912734144116020829e-01 -1.160532118011208674e-01 -7.056594389797040678e-01 -2.794710605675443382e-01 9.237755763246765506e-01
1.407828468566146851e-01 -2.021132062675851382e-01 -4.451048637846276579e-01 -6.793174762552598445e-01 -5.117167364358544690e-01 4.120062005053235499e-01 1.285504281325416387e-01 7.852615890979157687e-01 2.852717582729692447e-01 3.502511259855229375e-01
2.337662815620692169e-01 -8.193595108571894992e-01 2.283763804974616174e-01 -2.656581136606381982e-02 -3.693099013400719111e-01 -1.581809762335503189e-01 9.710610926551779265e-01 -9.844882257552078908e-02 -2.225430485784392343e-01 9.433681814095683515e-01
3.182550331689842221e-02 -8.707887749135534428e-01 -2.678816784480875235e-01 3.093863580186890228e-01 -4.124671387347723095e-01 -1.539606685814783604e-01 2.697628428897703712e-01 -1.717610936608320316e-01 -9.319575816409357838e-01 -3.070094678631618210e-02
6.338689913229605954e-01 -8.687373121756251093e-01 -8.947949135892753481e-02 1.911993653030420737e-01 6.282203471421016205e-01 4.803211396094482222e-01 -5.231808723696845798e-01 -2.516974176819112285e-01 4.174565483205945338e-01 -9.875949404476704885e-01
-7.295206298360603636e-01 -4.402319581686953143e-01 2.989347605741444758e-01 9.231891211009016773e-01 -5.619940097855028460e-01 2.052991377124442907e-01 -7.133167922268535133e-01 -4.389800138381684813e-01 7.977570154180301243e-01 6.526841155425052721e-01
3.904113826588709313e-01 -5.166191393832110235e-01 -3.057512752197156236e-01 9.247609987186496960e-01 1.178153780170089204e-01 5.282457418550076111e-01 9.212207334726260077e-01 3.976676167004384310e-01 4.911592229890910377e-01 -7.701373047066351063e-01
-6.293027894500556885e-01 -9.349300533632588783e-02 -8.361883153755107767e-02 1.432589551265376904e-01 -5.473437670591332349e-01 -6.397778971116087066e-01 -4.950529090937392240e-01 -2.296669690021888310e-01 -2.194233304979369692e-01 -4.018652775451370673e-01
-4.512188528299561630e-01 4.618551186181781704e-02 -1.324360208097956904e-01 -3.065773721468094404e-02 9.686233445579459089e-02 -5.327458223634924384e-01 4.989408798307167769e-01 -1.639323526665852626e-01 -1.635907606349718824e-01 5.329836504008557130e-01
4.689469108721256441e-01 1.926388575311051010e-01 -3.387048424052041540e-02 4.477626479026601825e-01 5.584632859149292194e-01 -2.737171281892790131e-01 7.792470965663376159e-01 8.628133541228544257e-01 2.622643154596940862e-01 3.797490427791651024e-01
-1.986167625558740990e-01 1.090125174318857387e-01 9.406700112294803517e-01 5.394141110479794277e-01 4.690604699678505018e-01 2.571817268869281969e-01 -1.703114354752784665e-01 4.462328104168271081e-01 8.859575154535056507e-01 -9.072802396917510892e-01
3.097407035028022504e-01 -6.421367066464229723e-01 -9.048621174358493224e-01 6.248028893279763407e-01 -4.079440385451368334e-01 9.860856901090774285e-01 2.480730358854376857e-02 2.289950958210988652e-03 -6.794031273266446513e-01 2.947097771969838242e-01
2.128171591194160661e-01 1.965826193403254207e-01 2.082715606481055914e-01 -2.669759930854139762e-01 -2.925859925333228473e-01 -9.021646606812665226e-02 5.178392123474757219e-02 -6.650512153930965287e-01 6.666721765352950912e-01 8.841839131488872239e-01
-9.187469992243120220e-01 -2.027094182746681517e-01 2.112875301784626347e-01 -7.074094662951161405e-01 -4.898397129706908437e-01 2.835939536542706474e-01 1.533431876777384129e-01 8.754871458859927458e-01 7.945675017659995509e-01 1.071884153486127311e-01
