1.614422002076982832e-01 -6.388878697000341944e-01 1.450430863814818061e-01 -2.268692865143424331e-01 -8.745372114489526894e-01 6.126086678356572612e-01 -7.736516404336298836e-01 2.498244870509039595e-01 -9.955859972971792260e-01 -3.949610051995152693e-01
5.889476251742449264e-01 -4.491942667672790268e-01 1.126855387205273895e-01 -9.112795773635635754e-01 -5.801905785065448740e-01 -5.925568636073018647e-01 -1.145623729930560497e-01 -7.083691640827314284e-01 -2.778810756620339606e-01 9.235458500860166398e-01
1.221629520326659862e-01 -2.018751560761587183e-01 -4.241399673482571520e-01 -6.918943233100230961e-01 -5.099083649845150834e-01 3.972020406305588613e-01 1.438751010835809252e-01 7.544449221597948618e-01 3.016716578196463883e-01 3.474015447013094060e-01
1.964588176877975767e-01 -8.186137475711856570e-01 2.736124067079415134e-01 -4.310687139852397570e-02 -3.668870145296274643e-01 -1.845339345384588159e-01 1.004727569682897448e+00 -1.548041732475872179e-01 -1.867291750511882731e-01 9.389773188886926247e-01
5.489257187870936680e-03 -8.703432550092837783e-01 -2.369210017574277238e-01 2.951026728065672677e-01 -4.103953258937781956e-01 -1.735602228956117932e-01 2.926371672603214069e-01 -2.131665821965898211e-01 -9.075652608709021685e-01 -3.419759899175171813e-02
6.043532362356712762e-01 -8.681595715501428945e-01 -5.383849667074662448e-02 1.777177209764548294e-01 6.301920039206800883e-01 4.593209835742643188e-01 -4.966808523746720216e-01 -2.965289079564549235e-01 4.456557963639419806e-01 -9.911289552907540656e-01
-7.664134397277743149e-01 -4.394763549988146556e-01 3.438858558870888094e-01 9.074158563258322152e-01 -5.596790133390704414e-01 1.794622615018550416e-01 -6.798247718129848405e-01 -4.943454828231905740e-01 8.333720953645078477e-01 6.484309901942628684e-01
3.550983532290187261e-01 -5.159535872311125093e-01 -2.634183265001424634e-01 9.078047075159925150e-01 1.202889076695463771e-01 5.028049332837120078e-01 9.526429479280543733e-01 3.435160212642552335e-01 5.246150807257822235e-01 -7.744913478183926836e-01
-6.515514984408656840e-01 -9.296894987267866062e-02 -5.568878402580819398e-02 1.359492472754724735e-01 -5.462530509186300787e-01 -6.545173652077863613e-01 -4.741017411358625644e-01 -2.616847210548033931e-01 -1.971935944263435436e-01 -4.040947328182806775e-01
-4.662856681005193016e-01 4.666355545865651100e-02 -1.120419188611655598e-01 -3.164092443028768825e-02 9.705097350033345394e-02 -5.412112412631037150e-01 5.144858236633350623e-01 -1.831452604065698930e-01 -1.471831620141113572e-01 5.320780256987043266e-01
4.319234887517203747e-01 1.933800853183878510e-01 1.103486355593137624e-02 4.313843220433438708e-01 5.608626241326678530e-01 -2.998553832214281289e-01 8.126698388009240270e-01 8.069099745850391026e-01 2.978180753114595403e-01 3.753972145800072435e-01
-2.351809854841390712e-01 1.097658600745200358e-01 9.852744537374358291e-01 5.239252928901624307e-01 4.713348884040508002e-01 2.316299888573221111e-01 -1.370684732924589699e-01 3.914500745488992406e-01 9.213045122728524827e-01 -9.114735592534778386e-01
2.872608105522688748e-01 -6.419350257038750618e-01 -8.805811347114845811e-01 6.068576952651484335e-01 -4.053779718352680805e-01 9.671572761743141289e-01 4.236447213127800260e-02 -3.663400650940995540e-02 -6.605456113096398463e-01 2.908489502030766616e-01
2.000873728171272403e-01 1.970321476367569158e-01 2.260506849221713965e-01 -2.663367261368025929e-01 -2.926304135528270400e-01 -9.680699883499352398e-02 6.542044378877934219e-02 -6.803689166951333300e-01 6.810363642182147847e-01 8.836426328160990051e-01
-9.549138747162271290e-01 -2.019780671318517906e-01 2.552413639450009653e-01 -7.231746387685700217e-01 -4.875283595897475508e-01 2.581499378239365261e-01 1.860728024067681563e-01 8.210229225101290940e-01 8.293786440424023576e-01 1.029729418166601546e-01
