1.610770614467679496e-01 -6.388172557748800218e-01 1.440140106315326574e-01 -2.244829508253229911e-01 -8.752499955931370978e-01 6.133311661410932869e-01 -7.746138093929165747e-01 2.518593809544811823e-01 -9.962002728405897622e-01 -3.955883567752251917e-01
5.890803843413976448e-01 -4.491769301684906401e-01 1.118703733979605347e-01 -9.103729825169987189e-01 -5.804702459034120077e-01 -5.921364817762988508e-01 -1.152588323657987301e-01 -7.072402315074414192e-01 -2.784540889813087450e-01 9.233010075201861788e-01
1.169495064862466904e-01 -2.012245629094994437e-01 -4.289439745709054397e-01 -6.725748562239177719e-01 -5.156051958777627675e-01 4.018381732037861198e-01 1.388370859274024871e-01 7.679602618457268548e-01 2.995226693915808425e-01 3.423766745883281004e-01
1.844299384583335533e-01 -8.168511512363534344e-01 2.552974129677227366e-01 1.225546849007626976e-02 -3.833071322380914858e-01 -1.696841606299982763e-01 9.867422571539747889e-01 -1.122586868842859187e-01 -1.965291466048317559e-01 9.245081798098077064e-01
-4.634272245047206529e-03 -8.690618831859154847e-01 -2.467483828199993623e-01 3.333617045295114711e-01 -4.216835281937635904e-01 -1.642711876888973410e-01 2.824153868632177100e-01 -1.861384068514935208e-01 -9.120722512464563003e-01 -4.415334139943509484e-02
6.112176602956188587e-01 -8.681420403018952348e-01 -7.168498172039837468e-02 1.883397471914277921e-01 6.267417925455398553e-01 4.670994579721348128e-01 -5.113122334827618909e-01 -2.763429099418868162e-01 4.323001852003531820e-01 -9.941248358388128370e-01
-7.776292449193298317e-01 -4.377677532455978016e-01 3.250074526398281094e-01 9.617233679071863772e-01 -5.758053592492908823e-01 1.943428885954635588e-01 -6.981791370755123793e-01 -4.518452674674997005e-01 8.230283545270941081e-01 6.342235437183225688e-01
3.407865028420627995e-01 -5.140910763665879069e-01 -2.787219662862868153e-01 9.639964463698111885e-01 1.036915216559596148e-01 5.167471209717809932e-01 9.369513645556336590e-01 3.839425983788909980e-01 5.172990254974362268e-01 -7.891268690983321843e-01
-6.609006872101257368e-01 -9.164030392070376951e-02 -6.878186243044612236e-02 1.772750153651786453e-01 -5.584979140964387856e-01 -6.436315078182431870e-01 -4.870759059594714224e-01 -2.304113627687148225e-01 -2.040458387937436890e-01 -4.148864970654819184e-01
-4.630362770433410491e-01 4.691674598343498898e-02 -1.272615325154407007e-01 -1.651081403006376611e-02 9.234983222840709161e-02 -5.336399439786578824e-01 5.016025207733750824e-01 -1.629494915413289835e-01 -1.580394952850150414e-01 5.279670915754435256e-01
4.205440724281677700e-01 1.950842687539147136e-01 -7.307555239617980272e-03 4.852736387300956022e-01 5.448686293481422860e-01 -2.852236863413897816e-01 7.947615235789977639e-01 8.487552461792935432e-01 2.878667303403260047e-01 3.613051622268815821e-01
-2.456871526449189991e-01 1.114139911118807724e-01 9.662733307838889951e-01 5.767616701716471450e-01 4.556321250198780426e-01 2.463256051129477653e-01 -1.554203058913701252e-01 4.333309420728514993e-01 9.107332660801975566e-01 -9.253058643584858300e-01
2.647594046857068562e-01 -6.399064319180612914e-01 -8.797639722814134533e-01 6.580907414238482689e-01 -4.202017623640241784e-01 9.747892042337140683e-01 3.957979543756787177e-02 -1.216524180156701787e-02 -6.553901636719072776e-01 2.777314450300424897e-01
2.049851109483282197e-01 1.971226953619641398e-01 2.111593726199598731e-01 -2.555387691106369985e-01 -2.960697755974604495e-01 -9.001771691941999609e-02 5.308261413867428752e-02 -6.625755373088866307e-01 6.700622759740993972e-01 8.806469797830347446e-01
-9.663704952766208889e-01 -2.002761442325404762e-01 2.371567202221261383e-01 -6.694899035393946374e-01 -5.034577006835921908e-01 2.726613810540040594e-01 1.683792402508821340e-01 8.625515103031912156e-01 8.196157133777397519e-01 8.893727249266888957e-02
