1.778469058160716820e-01 -6.398158583596399440e-01 1.432031478308822825e-01 -2.446813778537390571e-01 -8.677888184134966432e-01 6.145353811444974612e-01 -7.725587564291581666e-01 2.476723483515026747e-01 -9.991388975977055775e-01 -3.858475080999894669e-01
6.195194602137260587e-01 -4.509431615662600756e-01 1.107555519900934593e-01 -9.454970861134875948e-01 -5.671749741564381386e-01 -5.893622211174596170e-01 -1.111962238001264064e-01 -7.137930430060220877e-01 -2.834273356883011408e-01 9.411289116190166837e-01
1.576596198417934969e-01 -2.038288086275471811e-01 -4.322995043636805867e-01 -7.275850606888359939e-01 -4.965306419283969097e-01 4.024748873273217842e-01 1.425340521518531911e-01 7.537272619127582951e-01 2.909874843763623486e-01 3.654513339242465575e-01
2.438504255082049044e-01 -8.210245658407581137e-01 2.475319817692432089e-01 -8.039422209290963961e-02 -3.534771420721923851e-01 -1.734821808125796005e-01 9.894675929005963821e-01 -1.414447480073185159e-01 -2.118844625260135617e-01 9.570053648020496739e-01
2.578714089490989625e-02 -8.713285472748348859e-01 -2.517255574947855346e-01 2.816124874399518196e-01 -4.057169549840834999e-01 -1.678666463382317287e-01 2.828779341700342620e-01 -2.040184171258584145e-01 -9.209455654795941637e-01 -2.792881840232246116e-02
6.477112174618978591e-01 -8.704108742057059533e-01 -7.418701894864085378e-02 1.412073190100748554e-01 6.434898217990953073e-01 4.685042654013328867e-01 -5.075269843045171481e-01 -2.876176861420318698e-01 4.251602090557503044e-01 -9.732314954637144577e-01
-7.185819426607040761e-01 -4.419068209453634322e-01 3.173534688103316070e-01 8.699256287207625116e-01 -5.462061806650583273e-01 1.906720443125799469e-01 -6.954125446781698194e-01 -4.806641823993272888e-01 8.078328017749527579e-01 6.665424802563529871e-01
4.002200191247730077e-01 -5.182712433956084830e-01 -2.865340682164123631e-01 8.711326752637139625e-01 1.335592382962760560e-01 5.128741387942230556e-01 9.396354181313975040e-01 3.546182368919992278e-01 5.018949095149739525e-01 -7.566411024346534342e-01
-6.372434792923168390e-01 -9.356259760318644259e-02 -7.388202168466107000e-02 1.317336935094098327e-01 -5.452287331579777074e-01 -6.484545955878853185e-01 -4.878614177163833054e-01 -2.479226048075526267e-01 -2.121885482491708830e-01 -4.027765899756777235e-01
-4.326005870129376318e-01 4.494222502480184345e-02 -1.299823110489956024e-01 -5.855154236146212221e-02 1.067574530191977983e-01 -5.335135974216771437e-01 5.041688959083742150e-01 -1.742125517264954959e-01 -1.646348808632339955e-01 5.451306918124814160e-01
4.794203259776083637e-01 1.909613619676816532e-01 -1.490723678943690726e-02 3.938802673936214749e-01 5.743597823124314550e-01 -2.888309307141055937e-01 7.975500252673447532e-01 8.201140586999480231e-01 2.727476586534234304e-01 3.935437269399642002e-01
-2.136250672777977866e-01 1.088480955910994669e-01 9.596643037481571437e-01 5.163465993677425203e-01 4.734053442687727320e-01 2.402886467416961991e-01 -1.562026036664351247e-01 4.104874179788469690e-01 9.000038735991744421e-01 -9.087685824881590602e-01
3.205970216316065269e-01 -6.437890752983195242e-01 -8.867597530636223135e-01 5.723263398391065238e-01 -3.923794637636616178e-01 9.717170786470329391e-01 4.242152073302810772e-02 -3.870734802565798521e-02 -6.695150653579857725e-01 3.083934512594100341e-01
2.385144154771808578e-01 1.950270134552220813e-01 2.087747657896452391e-01 -2.992125005183545183e-01 -2.806226299367742816e-01 -8.886846086488411900e-02 5.648049049676929362e-02 -6.731861755082388932e-01 6.634155674721434748e-01 8.998078389867523175e-01
-9.269680001335063313e-01 -2.032744003433453739e-01 2.302293011932715905e-01 -7.385886992941870233e-01 -4.824439504950377988e-01 2.672117524605345795e-01 1.685304952835169623e-01 8.379824239107286354e-01 8.076369537761926010e-01 1.097533346908602103e-01
