1.631209179636278761e-01 -6.389263083324462356e-01 1.429489476093391276e-01 -2.262822357219269331e-01 -8.746244326528106461e-01 6.137343696061252629e-01 -7.752203080175328331e-01 2.522624116451835929e-01 -9.972511644400782194e-01 -3.947873784672404907e-01
5.906484004608880678e-01 -4.492230236353046968e-01 1.106862951032118875e-01 -9.103566811950840609e-01 -5.803244393030049242e-01 -5.912909606579457300e-01 -1.160394204285152553e-01 -7.056949379623322915e-01 -2.794561545568016725e-01 9.237717323221678045e-01
1.408335993445778422e-01 -2.021133692768243839e-01 -4.451561698388164512e-01 -6.792675455710532884e-01 -5.117238352914631472e-01 4.120525336584153209e-01 1.285140102135311768e-01 7.853553287938311867e-01 2.852323970065080427e-01 3.502612765757536217e-01
2.337691599499148176e-01 -8.193595201021315333e-01 2.283734707145384790e-01 -2.656297958617853325e-02 -3.693103039461415604e-01 -1.581783484848416355e-01 9.710590272412514823e-01 -9.844350620164038501e-02 -2.225452809220250516e-01 9.433687570923913190e-01
3.187781558530655701e-02 -8.707889429325692543e-01 -2.679345612955182365e-01 3.094378232267771534e-01 -4.124744557601023875e-01 -1.539129114677287025e-01 2.697253057358179884e-01 -1.716644730550247466e-01 -9.319981526004815775e-01 -3.069048423714946031e-02
6.338867438507727048e-01 -8.687373691940328824e-01 -8.949743751665238667e-02 1.912168303751129728e-01 6.282178640592679386e-01 4.803373463142206479e-01 -5.231936108608608027e-01 -2.516646288152837307e-01 4.174427802866396142e-01 -9.875913899097045201e-01
-7.295153381258626668e-01 -4.402319751648601787e-01 2.989294111463420278e-01 9.231943271256976002e-01 -5.619947499479682751e-01 2.053039686405139230e-01 -7.133205893426430855e-01 -4.389702400650056235e-01 7.977529114140002875e-01 6.526851738942036629e-01
3.904113968757143560e-01 -5.166191394288733862e-01 -3.057512895916246198e-01 9.247610127052885431e-01 1.178153760284695734e-01 5.282457548339020148e-01 9.212207232711980831e-01 3.976676429589063866e-01 4.911592119631693065e-01 -7.701373018632404754e-01
-6.292277390238084633e-01 -9.349324638683156885e-02 -8.369470055186874202e-02 1.433327903074896048e-01 -5.473542645176949772e-01 -6.397093817928829473e-01 -4.951067622239888610e-01 -2.295283510857656084e-01 -2.194815361139393073e-01 -4.018502673228988020e-01
-4.512745829064823688e-01 4.618569085831122911e-02 -1.323796828756184929e-01 -3.071256488842680904e-02 9.687012953702502094e-02 -5.327966996755442164e-01 4.989808694646210574e-01 -1.640352859539287722e-01 -1.635475389825941095e-01 5.329725042838269200e-01
4.689558934790554745e-01 1.926388286803436822e-01 -3.387956482230847222e-02 4.477714850597723228e-01 5.584620294990934042e-01 -2.737089277538177212e-01 7.792406510133254027e-01 8.628299449714200708e-01 2.622573489680191106e-01 3.797508393169469199e-01
-1.986059996001170447e-01 1.090124828629158160e-01 9.406591308802902951e-01 5.394246997258276277e-01 4.690589645309367617e-01 2.571915526451683531e-01 -1.703191585341235492e-01 4.462526895644375879e-01 8.859491682061791940e-01 -9.072780870809541431e-01
3.097650779704875235e-01 -6.421367849334901345e-01 -9.048867577600988588e-01 6.248268691149294618e-01 -4.079474478524157122e-01 9.861079421402214606e-01 2.478981346292214588e-02 2.334970528297453107e-03 -6.794220310288259235e-01 2.947146521350113568e-01
2.128036965323633067e-01 1.965826625800987104e-01 2.082851700739400680e-01 -2.669892376810921730e-01 -2.925841094933883668e-01 -9.022875638397045983e-02 5.179358143909684048e-02 -6.650760807517658302e-01 6.666826174909508129e-01 8.841812206069035174e-01
-9.187628232373155068e-01 -2.027093674503553933e-01 2.113035267867320044e-01 -7.074250340796300884e-01 -4.898374996332177655e-01 2.835795075365246665e-01 1.533545423452061518e-01 8.754579189805415940e-01 7.945797741336668718e-01 1.071852505171285996e-01
