1.614555757063373675e-01 -6.388883946674502878e-01 1.450237729013780230e-01 -2.268716537185156423e-01 -8.745369297020980648e-01 6.126149446560493761e-01 -7.736665485816830445e-01 2.498395262471512779e-01 -9.956016686569896246e-01 -3.949606946875101610e-01
5.889588799424682053e-01 -4.491947084993409556e-01 1.126692874578254511e-01 -9.112815692395320744e-01 -5.801903414316041951e-01 -5.925515819979504384e-01 -1.145749174039601831e-01 -7.083565094017661989e-01 -2.778942622748974967e-01 9.235461113652961851e-01
1.222856524148049628e-01 -2.018799718743809479e-01 -4.243171399122945275e-01 -6.919160389009322287e-01 -5.099057803745751238e-01 3.972596211575748493e-01 1.437383409139258161e-01 7.545828845024633580e-01 3.015278963129343626e-01 3.474043931888842751e-01
1.964456818295699514e-01 -8.186132320092811554e-01 2.736313741605480021e-01 -4.310454660606172911e-02 -3.668872912286006427e-01 -1.845400989010008708e-01 1.004742210731021768e+00 -1.548189429959975494e-01 -1.867137844652924650e-01 9.389770139399361559e-01
5.513662407264526694e-03 -8.703442128760003893e-01 -2.369562415441381076e-01 2.950983535554682624e-01 -4.103948118124727262e-01 -1.735487700755787566e-01 2.926099655361983354e-01 -2.131391413591434691e-01 -9.075938551674356258e-01 -3.419703242494082085e-02
6.043933650919181000e-01 -8.681611465450305154e-01 -5.389644051924328411e-02 1.777106189462026309e-01 6.301928492109630797e-01 4.593398151430904131e-01 -4.967255794496224786e-01 -2.964837877137962430e-01 4.456087795190381007e-01 -9.911280236999437943e-01
-7.664189484034449329e-01 -4.394761387919044471e-01 3.438938101100178502e-01 9.074168312547218340e-01 -5.596791293760187136e-01 1.794596764043782100e-01 -6.798186319183394666e-01 -4.943516766898050641e-01 8.333785495865778659e-01 6.484308623104378944e-01
3.550773410750160952e-01 -5.159527625369092485e-01 -2.633879861121526389e-01 9.078084262602416077e-01 1.202884650611278361e-01 5.027950727528797126e-01 9.526663677878471903e-01 3.434923955351403269e-01 5.246396995482016656e-01 -7.744918356152402650e-01
-6.516847534583805057e-01 -9.296371982151448166e-02 -5.549637115216915495e-02 1.359728308323979173e-01 -5.462558578556323541e-01 -6.545798987875705022e-01 -4.739532169138100937e-01 -2.618345508602874516e-01 -1.970374666151588350e-01 -4.040978263315612717e-01
-4.663439699462244015e-01 4.666584371497653483e-02 -1.119577342212188797e-01 -3.163060613291557993e-02 9.704974540692987151e-02 -5.412386010067589126e-01 5.145508061040645620e-01 -1.832108140672444596e-01 -1.471148528447628057e-01 5.320766722222098899e-01
4.319074693291504174e-01 1.933807140556858817e-01 1.105799471592968861e-02 4.313871571708395303e-01 5.608622866931417539e-01 -2.998629007757990794e-01 8.126876938304703479e-01 8.068919626031086922e-01 2.978368444162101669e-01 3.753968426893468102e-01
-2.351900019006164799e-01 1.097662139547743998e-01 9.852874729440420642e-01 5.239268886212292697e-01 4.713346984786468408e-01 2.316257576560535048e-01 -1.370584237178314735e-01 3.914399366347541265e-01 9.213150763281173772e-01 -9.114737685694543901e-01
2.873469690560144785e-01 -6.419384072904841254e-01 -8.807055428246145512e-01 6.068424468788917725e-01 -4.053761569580744961e-01 9.671977084204579356e-01 4.226844104006158981e-02 -3.653713126900444419e-02 -6.606465586424729031e-01 2.908509503714796218e-01
1.999751637232846657e-01 1.970365516683110496e-01 2.262127086462857040e-01 -2.663168673007036413e-01 -2.926327771700728553e-01 -9.685965603659965617e-02 6.554551051182648524e-02 -6.804950828014271202e-01 6.811678336408554246e-01 8.836400278836283873e-01
-9.549153710957867247e-01 -2.019780084012928745e-01 2.552435246343055519e-01 -7.231743739383731384e-01 -4.875283911100852796e-01 2.581492356066967808e-01 1.860744702509824766e-01 8.210212400049407000e-01 8.293803972706838001e-01 1.029729070782305911e-01
