-3.622981069863275838e-01 3.293471512495094178e-01 -5.650987173904924443e-01 4.071019098023274108e-01 -9.754009550099806969e-01 9.689971151071268274e-01 -2.898007405799445380e-01 7.793968245000986172e-01 7.055236099203479050e-01 -9.590395728397531627e-01 -8.862648830781585385e-01 -9.813095419184083568e-01 4.324207711281284894e-01 -5.551484897931469042e-02 9.353691981879346251e-01
5.200555828979374073e-01 -9.150455751727399889e-01 -1.750431439921253940e-01 -9.370186108231310929e-01 -6.184374857461174546e-01 -4.741596176647591143e-01 3.439692177679438689e-01 -1.112270504246120062e-01 2.137409040567135321e-01 8.395042351937966885e-01 3.951775096926464226e-01 3.919229864893414295e-01 -7.854089010030691487e-01 -2.771326313918309747e-01 6.432578444163750131e-01
-9.487497480143300965e-01 3.777490370625762317e-01 3.625075001884690007e-01 8.317705654870026777e-01 7.604548765993379700e-01 -3.654343155842796342e-01 -5.728379536421175366e-01 7.679986792053050682e-01 5.869623579552207815e-01 1.231712878949042800e-01 5.397137854051217154e-01 1.001934671540096744e-01 2.061964780519791596e-01 -2.267859290870255506e-01 5.512697357801901177e-01
-8.125552466736978285e-01 -9.153894259293164914e-01 6.574607044693565605e-01 -2.568627918844761382e-01 7.999460570023135819e-01 -7.585671039405263993e-01 -2.796738165211334337e-01 -4.659692129266435057e-01 -7.594680369791009245e-01 -8.293396464387432498e-01 9.424468791936411183e-01 9.493761130810081106e-01 -3.800586566255608201e-01 -7.371516144894270095e-01 -9.170434558199898056e-01
3.435374660125090074e-01 1.236876064105709716e-01 9.800254318558312416e-01 -7.948591681951109322e-01 -5.973479495687865626e-01 6.336149143493068348e-01 6.682982950570450775e-01 -9.809923616699798288e-01 -3.478858713597052787e-01 4.345413419764068141e-01 -8.502358180039772950e-01 -6.626128577777115058e-01 4.573962698366080826e-01 8.311145901778260736e-01 -5.766120505153882192e-02
4.349346750186078303e-02 -7.777928495859143254e-01 5.765530803808038840e-01 7.198094615844972122e-01 9.390930081868316126e-01 -4.180319026868215548e-01 -6.388189315386672007e-01 3.937547457935199890e-01 -9.928351277839584377e-01 2.567554986664002392e-01 5.656898282447109239e-01 4.186693134071179934e-01 -6.677410050091441285e-01 -6.904919420669999308e-01 -8.161338292336759448e-01
-2.781769432999867675e-01 -6.556935114734439018e-01 8.990973057134530322e-01 -7.363637768035127262e-01 6.477399350780308485e-01 5.156322317580672721e-01 9.169646335499694878e-01 -7.114675142245594497e-01 -7.543321451639062314e-01 7.520880657141972847e-01 9.253673177155214979e-01 -6.861443168308065665e-01 6.388020068248454475e-01 -7.219485254192028467e-01 -6.052904654076503022e-01
7.224121514125225740e-01 1.969369112873731176e-01 -3.010072925452766945e-01 -2.014368391478265075e-01 -4.375704013802932391e-01 1.308799955991979402e-02 -5.545555505368948701e-02 3.386805351165844691e-02 5.716155418181956271e-01 6.941425917717369831e-01 5.844603252866813481e-01 9.904217458546438202e-01 6.036851625845631730e-01 -6.541617414264286889e-01 -2.086925805544039836e-01
7.662320008229979162e-01 2.123498190483370518e-01 8.832637129506148987e-02 -4.938608035713376587e-01 1.731872941182617254e-01 -1.444002278861766797e-02 7.382327833763819847e-01 8.744663133880190564e-01 -8.336805777013456265e-02 7.771950621531118486e-01 3.126197818937548334e-01 5.321489665046765793e-01 -5.639721635554006962e-01 -6.074451189516150151e-02 8.717377436307938154e-01
-2.673262516910368536e-01 -2.913680996506058385e-01 -9.659327079365696012e-01 7.156249028441807880e-01 -5.764266822142618540e-01 -8.154344566552793605e-01 -3.391657874831763841e-01 4.151891597641419462e-01 -8.985688875920483376e-02 -9.693823869684714545e-02 8.127334876158296417e-01 -4.668545194430935297e-01 4.086763698472060113e-01 4.398903499336688228e-01 1.392272974528374618e-01
-6.393091221407640745e-01 8.490156909032857691e-01 -9.370012376814655930e-01 6.058040191868527824e-01 -1.934850438511601656e-01 6.504556170093358514e-01 -8.781231042270531972e-02 2.384836502821079396e-01 -8.313888405653027114e-01 8.801984259766100216e-01 -9.395729731290494158e-01 -3.712363856306639676e-01 -3.554324932906658407e-01 -1.980773909565476387e-01 3.823796401760721775e-01
-5.438277428488691445e-01 -6.619721064804573452e-01 5.368550583373785656e-01 -4.210460923214893736e-01 7.067288375105251763e-01 -1.443845343794121217e-01 1.801971448382639895e-01 5.592362697869162069e-01 -6.378053691635454658e-01 -6.663915516981664400e-01 4.418710880177749711e-01 -2.468810624435695544e-01 -8.572612635418730420e-01 7.976700470969102508e-01 4.686194703880108836e-01
7.480039484732994293e-01 -3.738267562420496404e-01 7.616278390343329541e-01 -7.866225465848339926e-01 -5.944933724512979634e-01 8.228888190383567558e-01 9.251454311502724792e-01 -6.981694754625347166e-01 6.325535757049705055e-02 1.390169792732547371e-01 -3.726809329806091142e-02 4.928257711992987122e-01 2.478567359550669646e-01 -7.006134784189810283e-01 -7.734170687616097606e-01
-4.981805562559848966e-01 -8.261461284326867549e-01 -9.135802226521057001e-01 -1.208705138843035876e-01 2.935574108950940175e-01 -3.583714916670941442e-01 3.726262012628260845e-01 -9.644862295405565167e-01 4.923494201747102839e-01 5.805976721372754223e-01 -7.097662987415298552e-02 4.515637909872487477e-01 7.579137318971636006e-01 -9.004222821481928651e-01 5.683352933203347224e-01
-5.325922571330781174e-01 -7.543254087597275337e-01 4.362315432107710667e-01 9.263603758931959753e-02 -3.437491278433957298e-02 -2.294909033944640964e-01 3.086503299615730445e-01 7.640420043614553069e-01 -4.780432628727804278e-01 9.148394709839369199e-01 -2.245990374273676426e-01 -5.471324568445097292e-01 -1.118356270778151362e-01 -2.258956211815694726e-01 4.078602641278723517e-01
1.888899386408857684e-01 -1.901219793187669538e-02 5.835670622593482904e-01 -3.519526436702120620e-01 9.222077044030752013e-02 7.233551201774439665e-01 -6.348824906171450788e-01 5.191921234756247117e-02 9.497076713900387546e-02 -9.159125127100442576e-02 -9.152735619200726980e-01 -7.750315133444642957e-01 -2.232299115303799653e-01 9.493849628593256096e-01 -9.000401006810263560e-01
-2.452305834140671159e-01 5.185552810162965542e-01 -1.257604197924777623e-02 6.234349832536869584e-01 -4.795431225771791262e-01 8.580773610558258824e-01 -5.702442062663521938e-01 5.385278108539270914e-01 -7.945559805973487766e-01 -5.548074762785790703e-01 -4.970596860882880996e-02 -2.018775422374290418e-01 -6.195909611539056616e-01 -9.172144264926331836e-01 -1.163385012229483095e-01
-7.882214692844837778e-01 8.698464233913896226e-01 9.507308304432480206e-01 -2.582546530306208954e-01 -8.230323351628987538e-02 -2.277613601704757684e-01 9.569314744929000582e-01 -5.327945192829661725e-01 -4.101074371652571049e-01 -5.892766182695787780e-01 6.582890558317595620e-01 9.819555431469524365e-01 1.096804922388072701e-01 -1.962985056333876877e-01 -9.668812632787062711e-01
6.555452823620193659e-01 3.354041098057456427e-01 -1.483430650916031102e-01 -6.748566952717605094e-01 4.415168726786831144e-01 9.103035738681297673e-01 2.639041454710033818e-02 1.273968722149187993e-01 6.161401665285459739e-01 8.422425424098440860e-01 2.933976054126157251e-01 1.615986837982896773e-01 3.694402889979351290e-01 1.326135962353289788e-01 3.501656320711890036e-01
-1.936134847978165929e-02 9.662093570973671053e-01 6.200106800693891973e-01 -6.129320418969992357e-01 -6.824979298555962082e-01 -7.537514386379673414e-01 7.430235739760582270e-02 -3.568119023902527331e-03 -4.211321051551717431e-01 -7.659636631934785278e-02 3.047244701787468202e-01 -1.030024752830223100e-01 -6.584667821911027730e-02 7.217495259952360076e-01 -9.521405992287033104e-01
3.740551674950050032e-01 -2.600199181607787402e-02 -7.949949162293419302e-01 3.023366398689490975e-01 8.220399209986350986e-01 9.894918745036389573e-01 -2.136218090571158079e-01 -8.720691443538024501e-01 7.634576622825763881e-01 -2.005898161018464521e-01 -7.353124335754961383e-01 3.831468891792364495e-01 -3.063473228319835151e-02 -1.745937961864074683e-01 -2.573728382821351968e-01
4.840019446435004369e-01 -9.609231470874071146e-01 6.730389383557711103e-01 -3.662556279474129539e-01 -7.448288576698927077e-01 -2.367397939405737617e-01 