1.593978844500368031e-01 -6.388076335017454088e-01 1.479949652442286157e-01 -2.265074822240163710e-01 -8.745802737339707367e-01 6.116493164737364374e-01 -7.713730740186556245e-01 2.475258911853928934e-01 -9.931907813378372252e-01 -3.950084639598977487e-01
5.867667350381606806e-01 -4.491086702380985285e-01 1.158346234304374195e-01 -9.108936020537280465e-01 -5.802365176489112653e-01 -5.935803062503529626e-01 -1.121315826417090267e-01 -7.108213219899186530e-01 -2.753258427730130853e-01 9.234952207534387059e-01
1.151808924659505629e-01 -2.016011211508985934e-01 -4.140582595806652222e-01 -6.906586340105189681e-01 -5.100554378806407829e-01 3.939255172611930700e-01 1.516572092909091729e-01 7.465944063123004515e-01 3.098521653760735184e-01 3.472394562906951920e-01
1.988496372145492908e-01 -8.187075835008370550e-01 2.701601955711776526e-01 -4.353000014413595936e-02 -3.668366533505866278e-01 -1.834119767584533323e-01 1.002062794900672626e+00 -1.521159740989092013e-01 -1.895303710332281177e-01 9.390328217290011548e-01
6.101031756211749285e-03 -8.703672662049072306e-01 -2.378043703908119810e-01 2.949944005581591755e-01 -4.103824392295092327e-01 -1.732731308634114231e-01 2.919552916842355628e-01 -2.124787126792987979e-01 -9.082820445693683409e-01 -3.418339665410491390e-02
6.036798675667534031e-01 -8.681331428823413354e-01 -5.286618956350777609e-02 1.778368941875757558e-01 6.301778198136337439e-01 4.590049868173151082e-01 -4.959303248555536614e-01 -2.972860328930204132e-01 4.464447465915515889e-01 -9.911445875345439305e-01
-7.602663868336132502e-01 -4.397176172172654329e-01 3.350098515621908191e-01 9.063279470331343513e-01 -5.595495293575685203e-01 1.823469350380794163e-01 -6.866761929905665918e-01 -4.874338350923335117e-01 8.261699206809570706e-01 6.485736939371994358e-01
3.567602585440936558e-01 -5.160188144172248581e-01 -2.658180258386966810e-01 9.075105824666421794e-01 1.203239147080053528e-01 5.035848280340339267e-01 9.507906109680689388e-01 3.453846409585396016e-01 5.226679147272497161e-01 -7.744527667108358493e-01
-6.433597323242521426e-01 -9.329046388929004840e-02 -6.751724113062350374e-02 1.344994633488794389e-01 -5.460804962797527473e-01 -6.506731537883627681e-01 -4.832321717372447534e-01 -2.524740305553960229e-01 -2.067914507575758787e-01 -4.039045610878223558e-01
-4.670747808916624888e-01 4.669452690235108977e-02 -1.109024836443851247e-01 -3.150126675151825040e-02 9.703435131278917436e-02 -5.415815541308959258e-01 5.153653579998419554e-01 -1.840325261786727729e-01 -1.462586005592659000e-01 5.320597064568116652e-01
4.378165627319210440e-01 1.931487913753491548e-01 2.525590732707302249e-03 4.303413620987976973e-01 5.609867582007131981e-01 -2.970898962717639646e-01 8.061014990510976252e-01 8.135360524965723483e-01 2.909134742027218445e-01 3.755340222061747668e-01
-2.341555137862772751e-01 1.097256119131580776e-01 9.837937293347016610e-01 5.237438042632202029e-01 4.713564893501697162e-01 2.321112196389506221e-01 -1.382114500373662624e-01 3.926030984866495377e-01 9.201030216678093288e-01 -9.114497529430263256e-01
2.855617786240410294e-01 -6.418683413562240592e-01 -8.781278265973775365e-01 6.071583910058773181e-01 -4.054137609235602402e-01 9.663599587402613711e-01 4.425818990707677120e-02 -3.854437077234714598e-02 -6.585549460346344919e-01 2.908095072017390370e-01
2.035430936468172469e-01 1.968965159953715571e-01 2.210608152141842753e-01 -2.669483217856964963e-01 -2.925576208666907929e-01 -9.518530684736557779e-02 6.156874456249829958e-02 -6.764833595928526622e-01 6.769874800616046961e-01 8.837228573245636820e-01
-9.548442242073077457e-01 -2.019808008054653770e-01 2.551407924631797219e-01 -7.231869655595053459e-01 -4.875268924435616213e-01 2.581826232397485543e-01 1.859951709010603527e-01 8.211012364257914697e-01 8.292970382484272651e-01 1.029745587522049449e-01
