1.610835052230047693e-01 -6.388177915413369989e-01 1.440125276924725806e-01 -2.244957593940700713e-01 -8.752463163013851632e-01 6.133296978739608551e-01 -7.746141106650195063e-01 2.518543362283514608e-01 -9.962025854824434479e-01 -3.955850969272337592e-01
5.890915863941762476e-01 -4.491778615608773007e-01 1.118677954124738111e-01 -9.103952493148902425e-01 -5.804638497129054331e-01 -5.921390342556689390e-01 -1.152593561062070365e-01 -7.072490014097908562e-01 -2.784581093468755930e-01 9.233066745371507622e-01
1.170473570029397087e-01 -2.012326986706927390e-01 -4.289664934089155723e-01 -6.727693578676647856e-01 -5.155493248192779543e-01 4.018158771630382931e-01 1.388325110275534235e-01 7.678836562901916185e-01 2.994875512881594037e-01 3.424261762777997542e-01
1.844228975820024485e-01 -8.168505658241312917e-01 2.552990333204700479e-01 1.226946394013724712e-02 -3.833111524643158519e-01 -1.696825563087245303e-01 9.867425863428759270e-01 -1.122531746983412015e-01 -1.965266196664820220e-01 9.245046178942907256e-01
-4.732764492860370986e-03 -8.690536940681194977e-01 -2.467257162971365769e-01 3.335574817695652339e-01 -4.217397656703129050e-01 -1.642487454244637435e-01 2.824199917665424775e-01 -1.860612988952492775e-01 -9.120369028286674506e-01 -4.420316773486374085e-02
6.112299439247788069e-01 -8.681430616217288287e-01 -7.168780861456898468e-02 1.883153304980515752e-01 6.267488062986236175e-01 4.670966590467378055e-01 -5.113128077911568425e-01 -2.763525265925453334e-01 4.322957766619641151e-01 -9.941186216621604732e-01
-7.776414210690525408e-01 -4.377667408621199741e-01 3.250102547992081425e-01 9.617475709591029043e-01 -5.758123116333585534e-01 1.943456630307914823e-01 -6.981785677922075495e-01 -4.518357349607198814e-01 8.230327244916041396e-01 6.342173839145432979e-01
3.407861888923342519e-01 -5.140910502633019297e-01 -2.787218940354360130e-01 9.639970704210714114e-01 1.036913423957549762e-01 5.167471925077951056e-01 9.369513792340289360e-01 3.839428441649550550e-01 5.172991381725594584e-01 -7.891270279226542117e-01
-6.611216648760340764e-01 -9.162193077787691986e-02 -6.873100771418479138e-02 1.777142620927701089e-01 -5.586240887607435424e-01 -6.435811562492380622e-01 -4.870655743769252144e-01 -2.302383629989649960e-01 -2.039665309189620801e-01 -4.149982876637092755e-01
-4.629577802765403316e-01 4.691021938581731165e-02 -1.272795973763698463e-01 -1.666684540003050483e-02 9.239465260950477377e-02 -5.336578301091589038e-01 5.015988507381138328e-01 -1.630109453653016960e-01 -1.580676674160157169e-01 5.280068023782682474e-01
4.205142939764001664e-01 1.950867446771951952e-01 -7.300702172774706927e-03 4.853328306282355120e-01 5.448516263350103861e-01 -2.852169010775357227e-01 7.947629158397553351e-01 8.487785592380052702e-01 2.878774176906256921e-01 3.612900975780461432e-01
-2.457232274925472137e-01 1.114169905477070399e-01 9.662816328723953241e-01 5.768333776842770044e-01 4.556115268667993989e-01 2.463338250621097403e-01 -1.554186192491269769e-01 4.333591844760273371e-01 9.107462131782071424e-01 -9.253241142969163002e-01
2.647127834988518558e-01 -6.399025556090174316e-01 -8.797532431101212635e-01 6.581834123445873264e-01 -4.202283823058030610e-01 9.747998272525488783e-01 3.958197516300943075e-02 -1.212874284336584035e-02 -6.553734315409288635e-01 2.777078597941899374e-01
2.050724059900057017e-01 1.971154372335816862e-01 2.111392829672011640e-01 -2.557122891866780434e-01 -2.960199315440632528e-01 -9.003760780883073023e-02 5.307853274915801112e-02 -6.626438791571382936e-01 6.700309461824394131e-01 8.806911415533715815e-01
-9.663614782797811387e-01 -2.002768939488981381e-01 2.371546450946966922e-01 -6.695078270084398042e-01 -5.034525521245980517e-01 2.726593264575056796e-01 1.683788186705075240e-01 8.625444510450950286e-01 8.196124772187670660e-01 8.894183410963951708e-02
