1.778261436743777679e-01 -6.398146625854074232e-01 1.432038392772374824e-01 -2.446577172562415803e-01 -8.677978391401052205e-01 6.145333751729259442e-01 -7.725615917119799114e-01 2.476766156728283375e-01 -9.991355750772926703e-01 -3.858596967453586379e-01
6.195563068430148812e-01 -4.509452837100402234e-01 1.107543248783677964e-01 -9.455390766401680080e-01 -5.671589650484105682e-01 -5.893586611142600518e-01 -1.111911920159973505e-01 -7.138006162327759085e-01 -2.834332321743074368e-01 9.411505428410780194e-01
1.576832343306613371e-01 -2.038301686797863999e-01 -4.323002908024063395e-01 -7.276119718295288585e-01 -4.965203819151854381e-01 4.024771688835332983e-01 1.425372769518578331e-01 7.537224083377549455e-01 2.909837054010302460e-01 3.654651970716340514e-01
2.438955076999689553e-01 -8.210271623033027488e-01 2.475304803866961445e-01 -8.044559789071308031e-02 -3.534575547804373330e-01 -1.734778251157350626e-01 9.894737493350219681e-01 -1.414540139203037117e-01 -2.118916769311844084e-01 9.570318308023293419e-01
2.577984893744920264e-02 -8.713281273020322404e-01 -2.517253146490578408e-01 2.816207973760359584e-01 -4.057201231907003325e-01 -1.678673508637851530e-01 2.828769383786544633e-01 -2.040169183823262455e-01 -9.209443985634893082e-01 -2.793309922675982215e-02
6.477248786876813602e-01 -8.704116610099777995e-01 -7.418747391156879645e-02 1.411917506371512532e-01 6.434957573227395589e-01 4.685055853051731667e-01 -5.075251187243974282e-01 -2.876204939853160281e-01 4.251580228794781258e-01 -9.732234754897235440e-01
-7.186111310683452880e-01 -4.419051398689957111e-01 3.173544408785495818e-01 8.699588919156184819e-01 -5.462188624321588915e-01 1.906692242222053357e-01 -6.954165306537979374e-01 -4.806581831957660311e-01 8.078374727323924809e-01 6.665253448781788270e-01
4.001917371414794866e-01 -5.182696145238203655e-01 -2.865331263350518465e-01 8.711649054947278037e-01 1.335469503520456402e-01 5.128714062796631001e-01 9.396315559372858672e-01 3.546240497947440451e-01 5.018994354192951590e-01 -7.566577056863691420e-01
-6.372660413024119341e-01 -9.356129816738147087e-02 -7.388127029687671654e-02 1.317594052422100537e-01 -5.452385358906537416e-01 -6.484567754569717790e-01 -4.878644987896458285e-01 -2.479179675524829096e-01 -2.121849376997294034e-01 -4.027898352537380711e-01
-4.326745178561457461e-01 4.494648299580493445e-02 -1.299798489132089341e-01 -5.846729055596029678e-02 1.067253315774721045e-01 -5.335207403827416650e-01 5.041587998955046057e-01 -1.741973564413222542e-01 -1.646230498710693491e-01 5.450872898916685472e-01
4.794523652155624482e-01 1.909595167006692684e-01 -1.490830379950902965e-02 3.938437553841894756e-01 5.743737027070897616e-01 -2.888278351856453097e-01 7.975544005530127434e-01 8.201074735544753302e-01 2.727425314838045067e-01 3.935625359296666126e-01
-2.137546619546343840e-01 1.088555594634453005e-01 9.596686196693309245e-01 5.164942858411155635e-01 4.733490380279762322e-01 2.402761257194726274e-01 -1.562203011451653301e-01 4.105140540617862599e-01 9.000246123536603804e-01 -9.088446624793746764e-01
3.206304047471007501e-01 -6.437909979645789482e-01 -8.867608648291556150e-01 5.722882963428927994e-01 -3.923649594816537856e-01 9.717203040166330075e-01 4.242607953892065659e-02 -3.871420938335246031e-02 -6.695204075854067627e-01 3.084130491873153246e-01
2.386104642055003611e-01 1.950214816273364293e-01 2.087715670568701942e-01 -2.993219579305240186e-01 -2.805808987256090403e-01 -8.885918094466523087e-02 5.649360693309204984e-02 -6.732059167657979959e-01 6.634001970028932105e-01 8.998642254571320720e-01
-9.272640434345367222e-01 -2.032573500333969274e-01 2.302391603910601547e-01 -7.382513274810682535e-01 -4.825725752642096578e-01 2.671831497058394511e-01 1.684900675425704264e-01 8.380432708074712078e-01 8.076843289422653838e-01 1.095795391902145421e-01
