1.631199767085366181e-01 -6.389263053092786304e-01 1.429498991308635891e-01 -2.262831617358546377e-01 -8.746243009975115390e-01 6.137335103119706536e-01 -7.752196326112018587e-01 2.522606731497998855e-01 -9.972504344464574455e-01 -3.947875667199768346e-01
5.906298507780137763e-01 -4.492229640565566506e-01 1.107050471107080131e-01 -9.103749305143765680e-01 -5.803218447204416819e-01 -5.913078951045297460e-01 -1.160261099313219801e-01 -7.057291991720138213e-01 -2.794417682864987484e-01 9.237680223517343858e-01
1.408861390640924194e-01 -2.021135380263783810e-01 -4.452092826182024732e-01 -6.792158565948342996e-01 -5.117311841308505027e-01 4.121004984176885877e-01 1.284763098499252798e-01 7.854523695011628170e-01 2.851916496464749207e-01 3.502717846155568027e-01
2.337719051647056956e-01 -8.193595289193421616e-01 2.283706955572117336e-01 -2.656027882295875983e-02 -3.693106879250201424e-01 -1.581758423129812907e-01 9.710570573868870792e-01 -9.843843579800012900e-02 -2.225474099827906282e-01 9.433693061403602975e-01
3.192777184184537875e-02 -8.707891033844348261e-01 -2.679850624336478915e-01 3.094869705724441200e-01 -4.124814432451726076e-01 -1.538673052132375485e-01 2.696894591600595970e-01 -1.715722039962068735e-01 -9.320368963469252144e-01 -3.068049289465700491e-02
6.339034547176036760e-01 -8.687374228667846809e-01 -8.951433065181842175e-02 1.912332706531770232e-01 6.282155266757132317e-01 4.803526020619140469e-01 -5.232056018985276058e-01 -2.516337638934229570e-01 4.174298201164384770e-01 -9.875880477058361917e-01
-7.295109750342341215e-01 -4.402319891784440276e-01 2.989250004657131865e-01 9.231986195684726004e-01 -5.619953602226310796e-01 2.053079518106104562e-01 -7.133237201195555821e-01 -4.389621814476072359e-01 7.977495276032930960e-01 6.526860465204933348e-01
3.904113877479101768e-01 -5.166191393995562819e-01 -3.057512803642618571e-01 9.247610037252852466e-01 1.178153773051944520e-01 5.282457465009124942e-01 9.212207298209387218e-01 3.976676260998789347e-01 4.911592190422691684e-01 -7.701373036888179424e-01
-6.291615711828471014e-01 -9.349345890783004875e-02 -8.376159009699572777e-02 1.433978867333843832e-01 -5.473635195506553197e-01 -6.396489755974813507e-01 -4.951542415726855606e-01 -2.294061392782261732e-01 -2.195328528103963062e-01 -4.018370336339309734e-01
-4.513275402700205885e-01 4.618586094927404351e-02 -1.323261478968927318e-01 -3.076466474601720694e-02 9.687753679314706212e-02 -5.328450457119776607e-01 4.990188695125741813e-01 -1.641330980485430080e-01 -1.635064677173031500e-01 5.329619127144566981e-01
4.689643904995481893e-01 1.926388013892117168e-01 -3.388815452128362410e-02 4.477798444932493127e-01 5.584608410032382286e-01 -2.737011706217614138e-01 7.792345538973700636e-01 8.628456389432654916e-01 2.622507590745741801e-01 3.797525387365550120e-01
-1.985952604667604871e-01 1.090124483704597996e-01 9.406482746133358885e-01 5.394352649670167699e-01 4.690574624261115710e-01 2.572013566553725816e-01 -1.703268644989839320e-01 4.462725247121444028e-01 8.859408394343972759e-01 -9.072759392346808616e-01
3.097887790317351842e-01 -6.421368610576787539e-01 -9.049107173329494769e-01 6.248501863995002958e-01 -4.079507629689415049e-01 9.861295794026159189e-01 2.477280654634288898e-02 2.378746318675309390e-03 -6.794404124683300905e-01 2.947193923905221946e-01
2.127903435085175821e-01 1.965827054679717412e-01 2.082986687415425420e-01 -2.670023744876527938e-01 -2.925822417782866225e-01 -9.024094667695731209e-02 5.180316302534954814e-02 -6.651007437475140449e-01 6.666929734744847513e-01 8.841785499777612412e-01
-9.187785015991377646e-01 -2.027093170938519817e-01 2.113193761551772909e-01 -7.074404585714025862e-01 -4.898353066682770707e-01 2.835651943872054548e-01 1.533657924993162835e-01 8.754289610923936538e-01 7.945919335410600581e-01 1.071821148161465898e-01
