1.614683975954289141e-01 -6.388888979065568963e-01 1.450052588028352962e-01 -2.268739229445224381e-01 -8.745366596166963546e-01 6.126209616799441759e-01 -7.736808396840976210e-01 2.498539429736982564e-01 -9.956166913819605169e-01 -3.949603970275426534e-01
5.889697399935774902e-01 -4.491951347393730587e-01 1.126536061448004666e-01 -9.112834912582172819e-01 -5.801901126711427326e-01 -5.925464856204543107e-01 -1.145870218685614839e-01 -7.083442985343962883e-01 -2.779069864187283523e-01 9.235463634812236533e-01
1.224035520283546230e-01 -2.018845992499394837e-01 -4.244873804320669630e-01 -6.919369048487928886e-01 -5.099032968899456231e-01 3.973149487919703238e-01 1.436069316153544551e-01 7.547154489378912201e-01 3.013897596112452559e-01 3.474071302266866224e-01
1.964330638964744136e-01 -8.186127367751285799e-01 2.736495937579153104e-01 -4.310231347631554577e-02 -3.668875570177916323e-01 -1.845460202129383664e-01 1.004756274506869662e+00 -1.548331303976922257e-01 -1.866990007047060196e-01 9.389767210148041165e-01
5.539916501946807667e-03 -8.703452433081824147e-01 -2.369941510044857591e-01 2.950937070892562519e-01 -4.103942587857185020e-01 -1.735364496199959805e-01 2.925807030809370324e-01 -2.131096216759618134e-01 -9.076246156927338937e-01 -3.419642293651716652e-02
6.044346809669697285e-01 -8.681627681285508658e-01 -5.395609835722826875e-02 1.777033068366147273e-01 6.301937195050849594e-01 4.593592037531185612e-01 -4.967716295595162590e-01 -2.964373328062225310e-01 4.455603719073827351e-01 -9.911270645525094292e-01
-7.664240842032050693e-01 -4.394759372197909464e-01 3.439012259207596123e-01 9.074177401917979946e-01 -5.596792375585596391e-01 1.794572662891717185e-01 -6.798129076260897019e-01 -4.943574513007233939e-01 8.333845669297907932e-01 6.484307430829215901e-01
3.550570771179233920e-01 -5.159519672082651942e-01 -2.633587260791105389e-01 9.078120125881303792e-01 1.202880382130283310e-01 5.027855633340132524e-01 9.526889537175857736e-01 3.434696110666365376e-01 5.246634417481265134e-01 -7.744923060427074679e-01
-6.518104778049843562e-01 -9.295878533741337713e-02 -5.531483215072988124e-02 1.359950816064425805e-01 -5.462585061635695238e-01 -6.546388983930321315e-01 -4.738130862746744998e-01 -2.619759133001231532e-01 -1.968901620902415162e-01 -4.041007450204268658e-01
-4.664033769188451473e-01 4.666817534580072063e-02 -1.118719538391415302e-01 -3.162009224948592045e-02 9.704849403469079094e-02 -5.412664793615959979e-01 5.146170203041565694e-01 -1.832776103149067193e-01 -1.470452488570304361e-01 5.320752930902102884e-01
4.318921607626757253e-01 1.933813148929932058e-01 1.108009943905101380e-02 4.313898664905757574e-01 5.608619642273727779e-01 -2.998700847414078607e-01 8.127047565495243431e-01 8.068747498963759757e-01 2.978547806487111815e-01 3.753964873012002323e-01
-2.351986904715466509e-01 1.097665549676034580e-01 9.853000187598145443e-01 5.239284263299847089e-01 4.713345154591125907e-01 2.316216803053195161e-01 -1.370487395553720289e-01 3.914301673448866148e-01 9.213252562642049170e-01 -9.114739702745012773e-01
2.874295308456712994e-01 -6.419416477116867137e-01 -8.808247574815701864e-01 6.068278350413599531e-01 -4.053744178435054746e-01 9.672364528096517589e-01 4.217641879723183634e-02 -3.644430011626145771e-02 -6.607432918968523250e-01 2.908528670422176887e-01
1.998644145959279916e-01 1.970408983984624773e-01 2.263726242595595350e-01 -2.662972668503928997e-01 -2.926351100340005007e-01 -9.691162810880180056e-02 6.566894997617385432e-02 -6.806196073448089745e-01 6.812975924984751019e-01 8.836374568442583177e-01
-9.549170901566119696e-01 -2.019779409308423146e-01 2.552460068630389989e-01 -7.231740696979056526e-01 -4.875284273210702679e-01 2.581484288901522151e-01 1.860763862926933243e-01 8.210193071205069693e-01 8.293824114027513739e-01 1.029728671702587056e-01
