1.610894956571837788e-01 -6.388182896147613921e-01 1.440111490833303476e-01 -2.245076668354812344e-01 -8.752428958605977805e-01 6.133283329045252641e-01 -7.746143907415826702e-01 2.518496464162411907e-01 -9.962047354219035755e-01 -3.955820664208802850e-01
5.891023430877981859e-01 -4.491787559239679983e-01 1.118653199197591902e-01 -9.104166308533987451e-01 -5.804577078152561853e-01 -5.921414852563116060e-01 -1.152598590243079368e-01 -7.072574226478024473e-01 -2.784619698750757100e-01 9.233121162509546620e-01
1.171409773401196064e-01 -2.012404827144757824e-01 -4.289880387341592494e-01 -6.729554510032458303e-01 -5.154958691247071290e-01 4.017945450032998078e-01 1.388281339053786256e-01 7.678103624724229581e-01 2.994539513768400552e-01 3.424735379577983352e-01
1.844161567583553207e-01 -8.168500053597280708e-01 2.553005846205642637e-01 1.228286296268597116e-02 -3.833150013653227606e-01 -1.696810203569095732e-01 9.867429015031236039e-01 -1.122478974186935791e-01 -1.965242004156697864e-01 9.245012077727069455e-01
-4.827325469387841461e-03 -8.690458318150703354e-01 -2.467039544977668031e-01 3.337454446540802921e-01 -4.217937584546996854e-01 -1.642271989323545178e-01 2.824244128673384924e-01 -1.859872686664507113e-01 -9.120029653261835234e-01 -4.425100527578225418e-02
6.112436536280870802e-01 -8.681442015122058375e-01 -7.169096369844997485e-02 1.882880791362923356e-01 6.267566343169236331e-01 4.670935351786793532e-01 -5.113134487741758383e-01 -2.763632596931322460e-01 4.322908563120780867e-01 -9.941116860475224248e-01
-7.776525761880733745e-01 -4.377658133720309652e-01 3.250128219835900500e-01 9.617697444647631544e-01 -5.758186810254505295e-01 1.943482048159208830e-01 -6.981780462461385506e-01 -4.518270018020352219e-01 8.230367280128597640e-01 6.342117406409413238e-01
3.407859059907226151e-01 -5.140910267415053081e-01 -2.787218289298465934e-01 9.639976327566659453e-01 1.036911808635217203e-01 5.167472569692417306e-01 9.369513924608016131e-01 3.839430656439605238e-01 5.172992397046555224e-01 -7.891271710400152850e-01
-6.613277641831984965e-01 -9.160479469314418421e-02 -6.868357703043485862e-02 1.781239344723686002e-01 -5.587417681234428946e-01 -6.435341948359933895e-01 -4.870559384166758266e-01 -2.300770112508665477e-01 -2.038925628191635142e-01 -4.151025514351063816e-01
-4.628832076107156079e-01 4.690401905677254318e-02 -1.272967591639458940e-01 -1.681507666718876776e-02 9.243723239257047031e-02 -5.336748221011492488e-01 5.015953641701410559e-01 -1.630693270753458823e-01 -1.580944312051029144e-01 5.280445280139776099e-01
4.204860373752711267e-01 1.950890940665156448e-01 -7.294199337173560248e-03 4.853889974789792894e-01 5.448354922739179207e-01 -2.852104625797999837e-01 7.947642369479580582e-01 8.488006808649540824e-01 2.878875588556836784e-01 3.612758028196546012e-01
-2.457581097464442421e-01 1.114198908255714937e-01 9.662896605032293973e-01 5.769027146275028661e-01 4.555916096654046288e-01 2.463417732690333928e-01 -1.554169883653720163e-01 4.333864932172420970e-01 9.107587322597749946e-01 -9.253417609129878096e-01
2.646667250660297843e-01 -6.398987260900425023e-01 -8.797426434482822355e-01 6.582749646551427913e-01 -4.202546809241536341e-01 9.748103220432734473e-01 3.958412857746738955e-02 -1.209268445601481209e-02 -6.553569013798021814e-01 2.776845592505018390e-01
2.051583862973972994e-01 1.971082884185124950e-01 2.111194958809429756e-01 -2.558831959093272324e-01 -2.959708381826262058e-01 -9.005719912527852811e-02 5.307451282868543008e-02 -6.627111917216031989e-01 6.700000882429084648e-01 8.807346382115499583e-01
-9.663528276135913142e-01 -2.002776132067688453e-01 2.371526542728064069e-01 -6.695250223064340700e-01 -5.034476127344654772e-01 2.726573553324428412e-01 1.683784142175441534e-01 8.625376785812224334e-01 8.196093725341911940e-01 8.894621040325476069e-02
