1.778067854965831307e-01 -6.398135476710341552e-01 1.432044839670617020e-01 -2.446356566201166594e-01 -8.678062498730680918e-01 6.145315048478454667e-01 -7.725642352691701742e-01 2.476805944321560926e-01 -9.991324772301712898e-01 -3.858710611781618893e-01
6.195917286926945211e-01 -4.509473237951017177e-01 1.107531452164034480e-01 -9.455794434838318274e-01 -5.671435749780295854e-01 -5.893552387686987748e-01 -1.111863548000978225e-01 -7.138078966192004104e-01 -2.834389006559293045e-01 9.411713376304802203e-01
1.577064234186351388e-01 -2.038315042314979009e-01 -4.323010630739087534e-01 -7.276383981821166191e-01 -4.965103067299758699e-01 4.024794093388741612e-01 1.425404436590189949e-01 7.537176421970026574e-01 2.909799945016786071e-01 3.654788104827124129e-01
2.439384405019977553e-01 -8.210296349739526489e-01 2.475290505857672130e-01 -8.049452423767761156e-02 -3.534389013546322400e-01 -1.734736770860362542e-01 9.894796122482933942e-01 -1.414628380611061553e-01 -2.118985473741872017e-01 9.570570349795450849e-01
2.577016894961581261e-02 -8.713275697930723540e-01 -2.517249922742082480e-01 2.816318287185285985e-01 -4.057243289477511228e-01 -1.678682861131776671e-01 2.828756164773003623e-01 -2.040149288179006482e-01 -9.209428494960738565e-01 -2.793878197089182461e-02
6.477381161600529458e-01 -8.704124234086069167e-01 -7.418791476213991432e-02 1.411766651748570800e-01 6.435015087341793283e-01 4.685068642673172468e-01 -5.075233110121406543e-01 -2.876232147329624844e-01 4.251559045155434702e-01 -9.732157042848690320e-01
-7.186424143055079039e-01 -4.419033381430726437e-01 3.173554827113543308e-01 8.699945423843339354e-01 -5.462324543599106352e-01 1.906662017361179240e-01 -6.954208026998248693e-01 -4.806517534339886932e-01 8.078424789208477064e-01 6.665069797071192514e-01
4.001622905925454332e-01 -5.182679185800700417e-01 -2.865321456698953773e-01 8.711984628681572751e-01 1.335341564278245408e-01 5.128685612485043288e-01 9.396275347098237418e-01 3.546301020550592376e-01 5.019041476865249152e-01 -7.566749926092498635e-01
-6.372895495992876302e-01 -9.355994423116099912e-02 -7.388048739468719428e-02 1.317861953661976226e-01 -5.452487497656129944e-01 -6.484590467532533875e-01 -4.878677090880477185e-01 -2.479131358035204513e-01 -2.121811757180709912e-01 -4.028036360599397958e-01
-4.327456489521745442e-01 4.495057971824398951e-02 -1.299774800180431844e-01 -5.838622935054596508e-02 1.066944265687257420e-01 -5.335276128412091978e-01 5.041490862167505860e-01 -1.741827365987513032e-01 -1.646116669163611157e-01 5.450455315934642497e-01
4.794830079849691229e-01 1.909577518618289782e-01 -1.490932430266960970e-02 3.938088347944049827e-01 5.743870163646797034e-01 -2.888248745794992911e-01 7.975585851366164825e-01 8.201011754304525780e-01 2.727376277880123046e-01 3.935805251070324529e-01
-2.138763341046313604e-01 1.088625670459925920e-01 9.596726717447807697e-01 5.166329437796930435e-01 4.732961739633155807e-01 2.402643701463943737e-01 -1.562369167218169985e-01 4.105390617978895706e-01 9.000440832833942473e-01 -9.089160914634110133e-01
3.206628995651968350e-01 -6.437928694702618193e-01 -8.867619470115174485e-01 5.722512651529962913e-01 -3.923508411467265811e-01 9.717234435617860822e-01 4.243051703871721092e-02 -3.872088816593081961e-02 -6.695256076605257123e-01 3.084321256303887981e-01
2.387026141912679533e-01 1.950161743435248618e-01 2.087684981648103566e-01 -2.994269723242599102e-01 -2.805408614384713450e-01 -8.885027770845319028e-02 5.650619095623957838e-02 -6.732248567000891359e-01 6.633854504409404385e-01 8.999183231274905381e-01
-9.275518510101256053e-01 -2.032407740515989325e-01 2.302487453126000061e-01 -7.379233411247893004e-01 -4.826976217788485624e-01 2.671553426605345893e-01 1.684507644741751742e-01 8.381024249844872820e-01 8.077303861630944493e-01 1.094105785634582190e-01
