1.631192863331054899e-01 -6.389263030918981290e-01 1.429505970363397771e-01 -2.262838409324618993e-01 -8.746242044332700472e-01 6.137328800518233596e-01 -7.752191372259006341e-01 2.522593980284102422e-01 -9.972498990234192062e-01 -3.947877047963231911e-01
5.906119371610536462e-01 -4.492229065207551386e-01 1.107231561146082982e-01 -9.103925540671781169e-01 -5.803193391057351880e-01 -5.913242488714159917e-01 -1.160132558491317190e-01 -7.057622855698236775e-01 -2.794278753193014664e-01 9.237644395956448040e-01
1.409402756368989262e-01 -2.021137119047812514e-01 -4.452640096680374193e-01 -6.791625966221844779e-01 -5.117387563254153227e-01 4.121499209823031307e-01 1.284374636494118871e-01 7.855523595918254554e-01 2.851496638413833495e-01 3.502826120289330714e-01
2.337745260007382253e-01 -8.193595373370672341e-01 2.283680461352641522e-01 -2.655770042450878929e-02 -3.693110545067842532e-01 -1.581734496894470210e-01 9.710551767816556490e-01 -9.843359512156057978e-02 -2.225494425811826715e-01 9.433698303123505546e-01
3.197547943244626045e-02 -8.707892566139288082e-01 -2.680332903792485566e-01 3.095339056634346386e-01 -4.124881162046806771e-01 -1.538237518193515674e-01 2.696552261354254743e-01 -1.714840882167590619e-01 -9.320738961327726946e-01 -3.067095128945660637e-02
6.339191527504864920e-01 -8.687374732864685534e-01 -8.953019990588001464e-02 1.912487144974887865e-01 6.282133309593405102e-01 4.803669331694122580e-01 -5.232168661677899513e-01 -2.516047696728838656e-01 4.174176454530866831e-01 -9.875849080706061711e-01
-7.295075222585286623e-01 -4.402320002682322264e-01 2.989215100299817407e-01 9.232020164355091429e-01 -5.619958431695203371e-01 2.053111039316546094e-01 -7.133261976908243929e-01 -4.389558041810399658e-01 7.977468497912285628e-01 6.526867370819366965e-01
3.904113548909657339e-01 -5.166191392940248095e-01 -3.057512471489410300e-01 9.247609714003730552e-01 1.178153819009633285e-01 5.282457165050266079e-01 9.212207533977442298e-01 3.976675654131991977e-01 4.911592445245853700e-01 -7.701373102602668830e-01
-6.291038649605875666e-01 -9.349364425140171964e-02 -8.381992573107191480e-02 1.434546585543536867e-01 -5.473715910394825190e-01 -6.395962942149994168e-01 -4.951956492083106620e-01 -2.292995560555285695e-01 -2.195776070693889748e-01 -4.018254922841484333e-01
-4.513779469136374178e-01 4.618602284771407274e-02 -1.322751914592347755e-01 -3.081425518592178017e-02 9.688458727479071220e-02 -5.328910631355419092e-01 4.990550392677625680e-01 -1.642261989709685732e-01 -1.634673746716132914e-01 5.329518312937264746e-01
4.689724390161036371e-01 1.926387755386058942e-01 -3.389629082441095870e-02 4.477877626851368698e-01 5.584597152405577081e-01 -2.736938229396143618e-01 7.792287786095795088e-01 8.628605045296585674e-01 2.622445170198992037e-01 3.797541484545570167e-01
-1.985845797695498238e-01 1.090124140656917734e-01 9.406374774199004474e-01 5.394457727182804252e-01 4.690559684948711339e-01 2.572111073178297569e-01 -1.703345285324452119e-01 4.462922519284617806e-01 8.859325559829691610e-01 -9.072738030757433458e-01
3.098118190587977328e-01 -6.421369350587263769e-01 -9.049340086616000089e-01 6.248728533536052066e-01 -4.079539856252466512e-01 9.861506131911841333e-01 2.475627396098133148e-02 2.421301180858530244e-03 -6.794582812405002281e-01 2.947240004379894640e-01
2.127770940000800748e-01 1.965827480233690583e-01 2.083120627646762035e-01 -2.670154094549664348e-01 -2.925803885420994455e-01 -9.025304246826655608e-02 5.181267033315988674e-02 -6.651252155506079955e-01 6.667032491762880930e-01 8.841759000518895073e-01
-9.187940082952131826e-01 -2.027092672887127467e-01 2.113350519854875209e-01 -7.074557141771058433e-01 -4.898331377145799248e-01 2.835510379556285265e-01 1.533769194730757457e-01 8.754003202703748432e-01 7.946039598124933212e-01 1.071790134486272777e-01
