1.614806926542271537e-01 -6.388893804683980493e-01 1.449875054180919109e-01 -2.268760989317721299e-01 -8.745364006286587832e-01 6.126267314742427361e-01 -7.736945435886646294e-01 2.498677673407090349e-01 -9.956310968479186174e-01 -3.949601115979326504e-01
5.889802256927200164e-01 -4.491955462866755733e-01 1.126384653753063070e-01 -9.112853470238555520e-01 -5.801898917961808566e-01 -5.925415649179085475e-01 -1.145987090855749152e-01 -7.083325085823765077e-01 -2.779192719542856738e-01 9.235466069065757511e-01
1.225168633845385019e-01 -2.018890465435677073e-01 -4.246509957620250852e-01 -6.919569587639751163e-01 -5.099009100542047923e-01 3.973681232604782676e-01 1.434806363257602746e-01 7.548428544102913085e-01 3.012569987264899773e-01 3.474097607481613781e-01
1.964209337027625624e-01 -8.186122606839845162e-01 2.736671090865942513e-01 -4.310016666699268556e-02 -3.668878125330450324e-01 -1.845517126397634433e-01 1.004769794655063553e+00 -1.548467693930428157e-01 -1.866847884023943027e-01 9.389764394125347247e-01
5.567980216403017185e-03 -8.703463447651120788e-01 -2.370346734556790236e-01 2.950887403553968946e-01 -4.103936676404093542e-01 -1.735232799505928014e-01 2.925494236481978594e-01 -2.130780672853163360e-01 -9.076574964531995970e-01 -3.419577143779695821e-02
6.044771914353874731e-01 -8.681644365979938049e-01 -5.401748112194919293e-02 1.776957833071405590e-01 6.301946149625994309e-01 4.593791529589199008e-01 -4.968190111468559489e-01 -2.963895347170184547e-01 4.455105646542655840e-01 -9.911260776726075195e-01
-7.664288660741357395e-01 -4.394757495388308399e-01 3.439081306778509761e-01 9.074185864903270282e-01 -5.596793382858020749e-01 1.794550222647969540e-01 -6.798075778180781015e-01 -4.943628279597397368e-01 8.333901695934330389e-01 6.484306320718580263e-01
3.550375532455048999e-01 -5.159512009267880339e-01 -2.633305346873966446e-01 9.078154679353673817e-01 1.202876269543685234e-01 5.027764012202231569e-01 9.527107147590571090e-01 3.434476587374761247e-01 5.246863168302314806e-01 -7.744927592891197587e-01
-6.519291029774756385e-01 -9.295412948480040460e-02 -5.514354396398354896e-02 1.360160759641816930e-01 -5.462610049316629635e-01 -6.546945665159046301e-01 -4.736808682780190294e-01 -2.621092935423935399e-01 -1.967511752897602162e-01 -4.041034989020694246e-01
-4.664637133818622661e-01 4.667054345767020218e-02 -1.117848313243511582e-01 -3.160941386426051325e-02 9.704722308329412350e-02 -5.412947939053508462e-01 5.146842705015459707e-01 -1.833454516666699619e-01 -1.469745558348751202e-01 5.320738923801048292e-01
4.318775158899585964e-01 1.933818896813579158e-01 1.110124582510186447e-02 4.313924583493727871e-01 5.608616557419147108e-01 -2.998769572504778047e-01 8.127210795245832786e-01 8.068582834362645340e-01 2.978719392665632459e-01 3.753961473206945398e-01
-2.352070614840074680e-01 1.097668835167589230e-01 9.853121060387244334e-01 5.239299078370421858e-01 4.713343391287569961e-01 2.316177519776260740e-01 -1.370394093392441615e-01 3.914207551126713258e-01 9.213350641339368430e-01 -9.114741646074330239e-01
2.875086871163222701e-01 -6.419447544715910503e-01 -8.809390547574742492e-01 6.068138259147265456e-01 -4.053727504641513324e-01 9.672735990654436344e-01 4.208819229936133083e-02 -3.635529807449479345e-02 -6.608360350858801802e-01 2.908547046538819125e-01
1.997552101418794968e-01 1.970451845026008619e-01 2.265303094500275005e-01 -2.662779397773371026e-01 -2.926374103603115451e-01 -9.696287530059524706e-02 6.579066776875455713e-02 -6.807423950822856229e-01 6.814255415445986674e-01 8.836349216644564519e-01
-9.549190347680351909e-01 -2.019778646078833062e-01 2.552488147743584568e-01 -7.231737255393512198e-01 -4.875284682831432792e-01 2.581475163277898721e-01 1.860785537300192194e-01 8.210171206305967306e-01 8.293846898004491042e-01 1.029728220261329763e-01
