1.610950459750432606e-01 -6.388187510948043490e-01 1.440098717603993383e-01 -2.245186994389203605e-01 -8.752397267190927810e-01 6.133270682191935830e-01 -7.746146502409618773e-01 2.518453011639381067e-01 -9.962067274056273236e-01 -3.955792585653836180e-01
5.891126796031274093e-01 -4.491796153514205359e-01 1.118629411248160815e-01 -9.104371771856012430e-01 -5.804518058325992547e-01 -5.921438405158928608e-01 -1.152603422974067121e-01 -7.072655149351593229e-01 -2.784656796032061177e-01 9.233173454003689162e-01
1.172306425962286319e-01 -2.012479379138522873e-01 -4.290086738564426461e-01 -6.731336824555631537e-01 -5.154446717173001291e-01 4.017741140411399958e-01 1.388239416989345276e-01 7.677401650223880658e-01 2.994217709260486582e-01 3.425188987981322986e-01
1.844096973405602580e-01 -8.168494682927569528e-01 2.553020711592958181e-01 1.229570262282518589e-02 -3.833186895881507961e-01 -1.696795485257201752e-01 9.867432035065314411e-01 -1.122428404470459384e-01 -1.965218821601323052e-01 9.244979400117929735e-01
-4.918091540056845901e-03 -8.690382850886924082e-01 -2.466830660394194186e-01 3.339258642424301482e-01 -4.218455844093718099e-01 -1.642065171405914237e-01 2.824286565412304495e-01 -1.859162094068540771e-01 -9.119703897980755425e-01 -4.429692300822424267e-02
6.112587577316693777e-01 -8.681454573398084129e-01 -7.169443968277131041e-02 1.882580560656599289e-01 6.267652585151715083e-01 4.670900935851107771e-01 -5.113141549509394590e-01 -2.763750844466940082e-01 4.322854355183038955e-01 -9.941040450184246424e-01
-7.776627586120937741e-01 -4.377649667564687541e-01 3.250151653167150378e-01 9.617899845031014916e-01 -5.758244950244685301e-01 1.943505249645367805e-01 -6.981775701774198817e-01 -4.518190301502224004e-01 8.230403824383233369e-01 6.342065894449235852e-01
3.407856542481468853e-01 -5.140910058104203317e-01 -2.787217709950448596e-01 9.639981331561163769e-01 1.036910371225927274e-01 5.167473143308470851e-01 9.369514042307657276e-01 3.839432627290707001e-01 5.172993300539159289e-01 -7.891272983943025121e-01
-6.615200104348789578e-01 -9.158881041787575450e-02 -6.863933442093253512e-02 1.785060705429768468e-01 -5.588515376160743120e-01 -6.434903899547730344e-01 -4.870469501417282743e-01 -2.299265048314088067e-01 -2.038235665176918732e-01 -4.151998070712992761e-01
-4.628122433382928502e-01 4.689811874685902160e-02 -1.273130905335615182e-01 -1.695613537694328973e-02 9.247775184151008077e-02 -5.336909918911826312e-01 5.015920463088751058e-01 -1.631248838337139018e-01 -1.581198999582827391e-01 5.280804281961715141e-01
4.204591919119182175e-01 1.950913261270743881e-01 -7.288021253899373310e-03 4.854423593510037160e-01 5.448201639496154103e-01 -2.852043456213511630e-01 7.947654920798713496e-01 8.488216977354137160e-01 2.878971935698403928e-01 3.612622219430733361e-01
-2.457918182076939684e-01 1.114226935086864018e-01 9.662974180031804750e-01 5.769697183730407852e-01 4.555723626805795456e-01 2.463494540176995318e-01 -1.554154123610800298e-01 4.334128830155543066e-01 9.107708300725240180e-01 -9.253588137179983297e-01
2.646212606225983865e-01 -6.398949459581940724e-01 -8.797321804842483939e-01 6.583653362676626930e-01 -4.202806403841931049e-01 9.748206814886558602e-01 3.958625422056484544e-02 -1.205709109316022848e-02 -6.553405843987540891e-01 2.776615592006625444e-01
2.052430970626885065e-01 1.971012451592615011e-01 2.111000009608773875e-01 -2.560515791090184345e-01 -2.959224697091441536e-01 -9.007650116617257896e-02 5.307055226434258255e-02 -6.627775103824981029e-01 6.699696859362375134e-01 8.807774926198870258e-01
-9.663445615954736612e-01 -2.002783004831542590e-01 2.371507519719369683e-01 -6.695414530230563432e-01 -5.034428929721453949e-01 2.726554718525900922e-01 1.683780277484041021e-01 8.625312072519809581e-01 8.196064058980512268e-01 8.895039210689675846e-02
