1.777888191929828943e-01 -6.398125129202258954e-01 1.432050823029811515e-01 -2.446151821679012073e-01 -8.678140558651151748e-01 6.145297690011877201e-01 -7.725666887517019799e-01 2.476842871143286051e-01 -9.991296021216523604e-01 -3.858816084957944481e-01
6.196258045652731639e-01 -4.509492863599940948e-01 1.107520103798224353e-01 -9.456182764480484115e-01 -5.671287697072144862e-01 -5.893519464671299612e-01 -1.111817013911392538e-01 -7.138149003618724509e-01 -2.834443537437609795e-01 9.411913422491090531e-01
1.577291725773776743e-01 -2.038328144459370661e-01 -4.323018206943473607e-01 -7.276643231900636888e-01 -4.965004226850340263e-01 4.024816072896629793e-01 1.425435502893436512e-01 7.537129664765652715e-01 2.909763540032458407e-01 3.654921656284602638e-01
2.439793673045237699e-01 -8.210319921111208785e-01 2.475276875910986663e-01 -8.054116454173207429e-02 -3.534211194946492163e-01 -1.734697228695786242e-01 9.894852012218136039e-01 -1.414712499012614200e-01 -2.119050968014491720e-01 9.570810615125221466e-01
2.575818281403643648e-02 -8.713268794639008608e-01 -2.517245930971926393e-01 2.816454881537484578e-01 -4.057295366789066549e-01 -1.678694441751724109e-01 2.828739796478823010e-01 -2.040124652622268553e-01 -9.209409313808465392e-01 -2.794581856461501868e-02
6.477509447926189656e-01 -8.704131622605272289e-01 -7.418834199702542542e-02 1.411620456276031499e-01 6.435070825130719818e-01 4.685081037286699668e-01 -5.075215591311411645e-01 -2.876258514502210151e-01 4.251538515773544136e-01 -9.732081730939532438e-01
-7.186759276726583101e-01 -4.419014079751028556e-01 3.173565988146883621e-01 8.700327343157164828e-01 -5.462470152336034168e-01 1.906629637820204393e-01 -6.954253792929133704e-01 -4.806448653051798581e-01 8.078478419921581999e-01 6.664873053135357273e-01
4.001316203293344698e-01 -5.182661521577522912e-01 -2.865311242511023315e-01 8.712334147899616354e-01 1.335208308247380349e-01 5.128655979859950698e-01 9.396233463716598955e-01 3.546364058299873445e-01 5.019090557820908849e-01 -7.566929979271581619e-01
-6.373138618383034082e-01 -9.355854399271847088e-02 -7.387967771862864741e-02 1.318139016650031192e-01 -5.452593129370159053e-01 -6.484613957238473114e-01 -4.878710291729722592e-01 -2.479081388172964251e-01 -2.121772850832991109e-01 -4.028179088292841992e-01
-4.328141467328923131e-01 4.495452477759156323e-02 -1.299751988207797360e-01 -5.830816907897444501e-02 1.066646656817104161e-01 -5.335342308771930941e-01 5.041397321441380974e-01 -1.741686579914127064e-01 -1.646007053653791297e-01 5.450053192121959711e-01
4.795123446711123116e-01 1.909560622455132028e-01 -1.491030130904043641e-02 3.937754026209338010e-01 5.743997625557615283e-01 -2.888220401629311707e-01 7.975625913611906759e-01 8.200951457506512332e-01 2.727329331018862879e-01 3.935977475337443243e-01
-2.139907650650835769e-01 1.088691575796632283e-01 9.596764826652384173e-01 5.167633496374520741e-01 4.732464560476490334e-01 2.402533141938362482e-01 -1.562525434399670843e-01 4.105625812249820150e-01 9.000623954213025080e-01 -9.089832694268776825e-01
3.206945276605729922e-01 -6.437946910579396276e-01 -8.867630003292141794e-01 5.722152216828505500e-01 -3.923370993851230115e-01 9.717264993669685325e-01 4.243483617866075641e-02 -3.872738880771808140e-02 -6.695306690358913126e-01 3.084506932542844804e-01
2.387910660498377691e-01 1.950110800495520325e-01 2.087655524323267231e-01 -2.995277723214074816e-01 -2.805024309120862647e-01 -8.884173177343560046e-02 5.651826996229056266e-02 -6.732430365443428100e-01 6.633712956822460649e-01 8.999702497712945837e-01
-9.278312940659458885e-01 -2.032246798157284207e-01 2.302580516686242307e-01 -7.376048869997426927e-01 -4.828190340804492942e-01 2.671283437683149020e-01 1.684126036665139770e-01 8.381598599701929331e-01 8.077751048280036317e-01 1.092465284207283643e-01
