1.598989334749904567e-01 -6.387193005656746081e-01 1.442851392249042963e-01 -2.221411356280267591e-01 -8.759226875628707276e-01 6.135996122377788131e-01 -7.745587272363537723e-01 2.527817179110941059e-01 -9.957774480936708583e-01 -3.961843610375201941e-01
5.860603466804957806e-01 -4.489258297549797994e-01 1.125653900536590646e-01 -9.043699249034558019e-01 -5.821946384409364406e-01 -5.914483414882032442e-01 -1.151176336240248010e-01 -7.048758938363733906e-01 -2.773702112615311077e-01 9.217731978413503668e-01
1.115454139401748229e-01 -2.007752407402639550e-01 -4.277003032163784746e-01 -6.618329110743660371e-01 -5.186908450996849940e-01 4.030695399015239988e-01 1.390897486931069738e-01 7.721910367628849192e-01 3.014621735183454776e-01 3.396427931523105515e-01
1.860052146122692929e-01 -8.169821272499204756e-01 2.549348866394970381e-01 9.124224919261646194e-03 -3.824076750957007831e-01 -1.700431001890750637e-01 9.866686067443253272e-01 -1.134919446019971023e-01 -1.970945060199981447e-01 9.253050977376801045e-01
3.126921169102885728e-03 -8.697071860246385899e-01 -2.485345058080555281e-01 3.179344494928701970e-01 -4.172520125941707181e-01 -1.660396391029712870e-01 2.820525202808139564e-01 -1.922145171593501733e-01 -9.148577081066101568e-01 -4.022702399916974758e-02
6.122058233663471016e-01 -8.682242009182637998e-01 -7.191239272311325537e-02 1.863755333268277969e-01 6.273060176368627783e-01 4.668742969322644543e-01 -5.113584340265698858e-01 -2.771165265108217479e-01 4.319455379885864255e-01 -9.936249330981047345e-01
-7.616298219554387128e-01 -4.390980219949510155e-01 3.213254239070641449e-01 9.299206327694393703e-01 -5.666699481513403081e-01 1.906972891811679338e-01 -6.989271735721618306e-01 -4.643709518053513174e-01 8.172862347170115616e-01 6.423175067759626655e-01
3.408305602498450382e-01 -5.140947395107451356e-01 -2.787321054420370814e-01 9.639088715820380848e-01 1.037166777214570540e-01 5.167370821309822393e-01 9.369493046970347461e-01 3.839081065610379651e-01 5.172832134950546834e-01 -7.891045808550742890e-01
-6.454086034222679125e-01 -9.292839005805135499e-02 -7.234713461345033958e-02 1.464807399373100893e-01 -5.496521854420125530e-01 -6.471615058507158569e-01 -4.878002223369196644e-01 -2.425398596338956825e-01 -2.096058768912728576e-01 -4.070491922984423305e-01
-4.738663445079316361e-01 4.781720972728665392e-02 -1.247691539045125420e-01 5.016572793675871944e-03 8.616603930469579620e-02 -5.311722245055994218e-01 5.021088693925078728e-01 -1.544708103585603898e-01 -1.541526335479819487e-01 5.224882586095308534e-01
4.354606829225020626e-01 1.938440302258333803e-01 -1.074039082122262012e-02 4.556232561022411920e-01 5.533857720826829141e-01 -2.886225580759610998e-01 7.940641128610458344e-01 8.370772778635364730e-01 2.825132269788540595e-01 3.688513402708543110e-01
-2.422497842089691156e-01 1.111281918164513521e-01 9.654822716703929109e-01 5.699290663842426774e-01 4.575948066633592770e-01 2.455423725935563517e-01 -1.555810165025167946e-01 4.306398830216110474e-01 9.094996102517862724e-01 -9.235669308232660191e-01
2.775794447684580279e-01 -6.409723515281640083e-01 -8.827143134309917150e-01 6.326078011873661477e-01 -4.128817273407327515e-01 9.718680532195553834e-01 3.898040770389466642e-02 -2.220183972372689885e-02 -6.599912174906203965e-01 2.842169871062435460e-01
1.977179584465636464e-01 1.977269212700921430e-01 2.128317994554316528e-01 -2.410935402582692344e-01 -3.002192018464539536e-01 -8.836183676900320749e-02 5.342238234845943928e-02 -6.568862034824375362e-01 6.726704238077713116e-01 8.769705932023268424e-01
-9.666828511594117712e-01 -2.002501734665640409e-01 2.372286042730621936e-01 -6.688690204343266110e-01 -5.036360508281316761e-01 2.727325538972950048e-01 1.683938441275843190e-01 8.627960485717112160e-01 8.197278164771087949e-01 8.877925448277865228e-02
