1.631188428623006059e-01 -6.389263016675377216e-01 1.429510453441579787e-01 -2.262842772224173959e-01 -8.746241424040901435e-01 6.137324751967803138e-01 -7.752188190093066700e-01 2.522585789391386668e-01 -9.972495550881124160e-01 -3.947877934912936149e-01
5.905946277959369661e-01 -4.492228509257182867e-01 1.107406542759849372e-01 -9.104095831524139371e-01 -5.803169180089856605e-01 -5.913400510024258150e-01 -1.160008353534627140e-01 -7.057942559162566631e-01 -2.794144509816980926e-01 9.237609776910269410e-01
1.409958185384412865e-01 -2.021138903000971876e-01 -4.453201583856806756e-01 -6.791079530926132923e-01 -5.117465252260930964e-01 4.122006274178614538e-01 1.283976083246552991e-01 7.856549471675247087e-01 2.851065873532075412e-01 3.502937207106234796e-01
2.337770305114697800e-01 -8.193595453811731710e-01 2.283655143073978488e-01 -2.655523646777585220e-02 -3.693114048178875453e-01 -1.581711632620460550e-01 9.710533796467241130e-01 -9.842896929760955316e-02 -2.225513849630878227e-01 9.433703312190683254e-01
3.202104172831816975e-02 -8.707894029530638402e-01 -2.680793496310169832e-01 3.095787301971315575e-01 -4.124944890973717415e-01 -1.537821569160360835e-01 2.696225324869446216e-01 -1.713999347903626125e-01 -9.321092321279204063e-01 -3.066183874711778806e-02
6.339338656866521093e-01 -8.687375205421722368e-01 -8.954507331860284136e-02 1.912631891961472652e-01 6.282112730304859616e-01 4.803803649586929070e-01 -5.232274235717554456e-01 -2.515775949230827369e-01 4.174062347848794263e-01 -9.875819654565176631e-01
-7.295049679240325213e-01 -4.402320084723644888e-01 2.989189278349143608e-01 9.232045294092411369e-01 -5.619962004495767660e-01 2.053134358443550189e-01 -7.133280305772609076e-01 -4.389510863327423795e-01 7.977448687683316164e-01 6.526872479534983063e-01
3.904112978626550490e-01 -5.166191391108585496e-01 -3.057511894986126300e-01 9.247609152954866518e-01 1.178153898776312519e-01 5.282456644425257419e-01 9.212207943189381076e-01 3.976674600820772065e-01 4.911592887530877305e-01 -7.701373216660331034e-01
-6.290541975823615850e-01 -9.349380377543423104e-02 -8.387013484004265940e-02 1.435035216993362783e-01 -5.473785381185447552e-01 -6.395509516843892461e-01 -4.952312884967531859e-01 -2.292078205541043523e-01 -2.196161267752643476e-01 -4.018155587178458554e-01
-4.514260056760577844e-01 4.618617720511832697e-02 -1.322266085115224310e-01 -3.086153576242299870e-02 9.689130935342853135e-02 -5.329349371225323706e-01 4.990895242789966657e-01 -1.643149633637335238e-01 -1.634301025332543233e-01 5.329422194535211599e-01
4.689800725066641807e-01 1.926387510210001985e-01 -3.390400757478251315e-02 4.477952725712895377e-01 5.584586475284227802e-01 -2.736868541445668934e-01 7.792233011275454535e-01 8.628746035642602674e-01 2.622385968400609557e-01 3.797556751666024133e-01
-1.985739859685012043e-01 1.090123800400209231e-01 9.406267680704187839e-01 5.394561949804380641e-01 4.690544867179768374e-01 2.572207786507142990e-01 -1.703421302127585413e-01 4.463118186478235438e-01 8.859243399241580885e-01 -9.072716842961968675e-01
3.098342110589471510e-01 -6.421370069784106960e-01 -9.049566448951951170e-01 6.248948827738973755e-01 -4.079571176406852628e-01 9.861710553805740354e-01 2.474020637334864089e-02 2.462659139240271078e-03 -6.794756474331709040e-01 2.947284788788912535e-01
2.127639435195383677e-01 1.965827902607039102e-01 2.083253566797995671e-01 -2.670283469978819713e-01 -2.925785491571491481e-01 -9.026504785465493119e-02 5.182210658258402936e-02 -6.651495044494698528e-01 6.667134480766665483e-01 8.841732699317776945e-01
-9.188093194367611405e-01 -2.027092181116647573e-01 2.113505301283230831e-01 -7.074707773947757072e-01 -4.898309961134995616e-01 2.835370600504296679e-01 1.533879061248682174e-01 8.753720406369928098e-01 7.946158344209407476e-01 1.071759511923704028e-01
