1.614924857726420249e-01 -6.388898433298635382e-01 1.449704768074947803e-01 -2.268781860852966403e-01 -8.745361522136942956e-01 6.126322657192194709e-01 -7.737076880373376930e-01 2.498810273339993893e-01 -9.956449142170465949e-01 -3.949598378208613592e-01
5.889903560272597982e-01 -4.491959438864728815e-01 1.126238377326397727e-01 -9.112871398968426240e-01 -5.801896784067610557e-01 -5.925368109799705740e-01 -1.146100002180569510e-01 -7.083211181966192482e-01 -2.779311411280531163e-01 9.235468420821437707e-01
1.226257987091459722e-01 -2.018933220847961563e-01 -4.248082923444684300e-01 -6.919762382063330275e-01 -5.098986153969439217e-01 3.974192441558839217e-01 1.433592185011778042e-01 7.549653395429388736e-01 3.011293650050073101e-01 3.474122896801271621e-01
1.964092633499432416e-01 -8.186118026408767401e-01 2.736839604304627804e-01 -4.309810124060058784e-02 -3.668880583620259817e-01 -1.845571892736099229e-01 1.004782802270880904e+00 -1.548598913506655517e-01 -1.866711148711801271e-01 9.389761684854648349e-01
5.597813432722271304e-03 -8.703475156722242367e-01 -2.370777509696738727e-01 2.950834604539834261e-01 -4.103930392216049716e-01 -1.735092798938016045e-01 2.925161719528562854e-01 -2.130445232951429513e-01 -9.076924504448119491e-01 -3.419507886011690506e-02
6.045209041550753115e-01 -8.681661522539199094e-01 -5.408059987099572696e-02 1.776880470024793934e-01 6.301955357448157935e-01 4.593996663541762837e-01 -4.968677327470366611e-01 -2.963403848357595849e-01 4.454593487873280688e-01 -9.911250628824599396e-01
-7.664333105580737326e-01 -4.394755750997828558e-01 3.439145482667890774e-01 9.074193730778935540e-01 -5.596794319061899614e-01 1.794529365685423872e-01 -6.798026240569994272e-01 -4.943678252662301320e-01 8.333953769586941451e-01 6.484305288932284972e-01
3.550187622973624557e-01 -5.159504634114430166e-01 -2.633034015977920861e-01 9.078187935692043631e-01 1.202872311343188838e-01 5.027675830512956523e-01 9.527316588931432628e-01 3.434265304966222510e-01 5.247083331839739184e-01 -7.744931955207058349e-01
-6.520410520943477062e-01 -9.294973565693602502e-02 -5.498189563223273429e-02 1.360358887893926283e-01 -5.462633630726497769e-01 -6.547471017161712314e-01 -4.735560913217514711e-01 -2.622351673347494416e-01 -1.966200104682979122e-01 -4.041060977991785541e-01
-4.665248147170647508e-01 4.667294158957748657e-02 -1.116966043764376637e-01 -3.159860011147400116e-02 9.704593602032372812e-02 -5.413234673864029123e-01 5.147523732150239839e-01 -1.834141530284568167e-01 -1.469029666526924516e-01 5.320724739135026526e-01
4.318634916437013582e-01 1.933824401111040592e-01 1.112149606087759271e-02 4.313949403693080331e-01 5.608613603295806715e-01 -2.998835385135221188e-01 8.127367107578686856e-01 8.068425147985954782e-01 2.978883707294266436e-01 3.753958217480229953e-01
-2.352151257959638198e-01 1.097672000283989452e-01 9.853237504590726115e-01 5.239313350640512068e-01 4.713341692588635667e-01 2.316139675775747420e-01 -1.370304209673086082e-01 3.914116877295865105e-01 9.213445126590125156e-01 -9.114743518203169970e-01
2.875846193277382112e-01 -6.419477346922095595e-01 -8.810486966701974731e-01 6.068003873841271156e-01 -4.053711509976707927e-01 9.673092323428189587e-01 4.200355929386860587e-02 -3.626992111324718604e-02 -6.609250008163108925e-01 2.908564674190581845e-01
1.996476243197050637e-01 1.970494070779680307e-01 2.266856574256118639e-01 -2.662588991707698360e-01 -2.926396765911132292e-01 -9.701336290489002978e-02 6.591058145636144450e-02 -6.808633628560314399e-01 6.815515941259111532e-01 8.836324240611698189e-01
-9.549212060246802247e-01 -2.019777793894536044e-01 2.552519499488400956e-01 -7.231733412689826945e-01 -4.875285140193619249e-01 2.581464974059273221e-01 1.860809737830129706e-01 8.210146793044325042e-01 8.293872337462893096e-01 1.029727716204417581e-01
