-7.840194840871842485e-01 -3.000905250587879158e-01
3.208029484793153419e-01 2.250255843661961574e-01
5.028980210922611160e-01 -4.046777235577174725e-01
6.985737699248675270e-01 8.657589620370154115e-01
-3.663770773815150927e-01 -4.986255467857282908e-01
-1.957825867247517393e-01 2.799682412150914512e-01
3.688859461535900497e-01 -4.587236421557417954e-01
-1.632863283270801769e-01 6.811207820347544573e-01
1.008947178585025473e+00 -5.045587820614112484e-01
-3.096720631074947327e-01 -4.217549922325118938e-01
