1.611001682012189462e-01 -6.388191769812519016e-01 1.440086929563889062e-01 -2.245288811062685075e-01 -8.752368020109981828e-01 6.133259010780542919e-01 -7.746148897253565258e-01 2.518412910575530961e-01 -9.962085657492014690e-01 -3.955766672775895554e-01
5.891226192877306866e-01 -4.491804417844635355e-01 1.118606536545500296e-01 -9.104569347204513052e-01 -5.804461304338527361e-01 -5.921461053543467523e-01 -1.152608070170947352e-01 -7.072732965502863678e-01 -2.784692469106018198e-01 9.233223737967157785e-01
1.173166248134362710e-01 -2.012550868877127364e-01 -4.290284613822165083e-01 -6.733045929744351232e-01 -5.153955772653890932e-01 4.017545222895250179e-01 1.388199216891704835e-01 7.676728509627597230e-01 2.993909123010934370e-01 3.425623964224693285e-01
1.844035021759243276e-01 -8.168489531970606343e-01 2.553034968841013663e-01 1.230801701569401302e-02 -3.833222269267095861e-01 -1.696781369067749679e-01 9.867434931550557176e-01 -1.122379903548378632e-01 -1.965196587438464149e-01 9.244948059341570046e-01
-5.005197640813707077e-03 -8.690310426697641644e-01 -2.466630198685975384e-01 3.340990087525480545e-01 -4.218953205805667794e-01 -1.641866693029152002e-01 2.824327290970091164e-01 -1.858480154773327619e-01 -9.119391278164488135e-01 -4.434098919506186676e-02
6.112752243897439097e-01 -8.681468264567254733e-01 -7.169822923870090847e-02 1.882253245873728442e-01 6.267746607099418110e-01 4.670863415223540649e-01 -5.113149248325311591e-01 -2.763879759216932297e-01 4.322795257099470989e-01 -9.940957146853596216e-01
-7.776720094937928929e-01 -4.377641975938023622e-01 3.250172942692589606e-01 9.618083728750529415e-01 -5.758297771279250465e-01 1.943526328536138159e-01 -6.981771376620001801e-01 -4.518117877875277300e-01 8.230437025375034743e-01 6.342019095077224833e-01
3.407854338390025606e-01 -5.140909874845470684e-01 -2.787217202711653741e-01 9.639985712727694445e-01 1.036909112725450111e-01 5.167473645528738446e-01 9.369514145357676904e-01 3.839434352837542974e-01 5.172994091577508557e-01 -7.891274098972907991e-01
-6.616993841494787087e-01 -9.157389642706958988e-02 -6.859805423398145086e-02 1.788626193228275429e-01 -5.589539570987477335e-01 -6.434495181864373636e-01 -4.870385637089573727e-01 -2.297860761089070281e-01 -2.037591901109717107e-01 -4.152905506076604580e-01
-4.627445947528091574e-01 4.689249411905774961e-02 -1.273286588472465897e-01 -1.709060335440959477e-02 9.251637808696802634e-02 -5.337064061748210131e-01 5.015888834691274445e-01 -1.631778447954675693e-01 -1.581441787265674970e-01 5.281146510023966290e-01
4.204336571583981441e-01 1.950934492089322070e-01 -7.282144810957826009e-03 4.854931158692131210e-01 5.448055840193755106e-01 -2.851985273188606396e-01 7.947666859309001630e-01 8.488416884727646439e-01 2.879063578762259268e-01 3.612493041427161655e-01
-2.458243773601313797e-01 1.114254006327552310e-01 9.663049110068381298e-01 5.770344375884534083e-01 4.555537719324514456e-01 2.463568728869502400e-01 -1.554138900915345567e-01 4.334383730389544942e-01 9.107825154035907866e-01 -9.253752850980981881e-01
2.645764172201753306e-01 -6.398912174626730787e-01 -8.797218604435462774e-01 6.584544734104931241e-01 -4.203062452398863558e-01 9.748308994247637527e-01 3.958835082753137113e-02 -1.202198393306736640e-02 -6.553244903064867621e-01 2.776388733298401634e-01
2.053265766770594192e-01 1.970943042638019504e-01 2.110807893718464889e-01 -2.562175150975369298e-01 -2.958748042028757075e-01 -9.009552267925734215e-02 5.306664926118949410e-02 -6.628428651956445039e-01 6.699397254840074867e-01 8.808197242001326588e-01
-9.663366955591380369e-01 -2.002789545031362362e-01 2.371489417209131645e-01 -6.695570886788377862e-01 -5.034384015929376233e-01 2.726536795118586487e-01 1.683776599799992058e-01 8.625250490618792121e-01 8.196035828135455059e-01 8.895437146338067147e-02
