1.777722347161193872e-01 -6.398115577543097565e-01 1.432056346196086405e-01 -2.445962824494830046e-01 -8.678212614816618320e-01 6.145281666621993377e-01 -7.725689535316582202e-01 2.476876957844377780e-01 -9.991269481438629363e-01 -3.858913445967276368e-01
6.196586077322376873e-01 -4.509511756247134295e-01 1.107509179284476841e-01 -9.456556590332187984e-01 -5.671145174010002732e-01 -5.893487771302977629e-01 -1.111772217831506621e-01 -7.138216425205572424e-01 -2.834496031632791624e-01 9.412105997118029865e-01
1.577514691191574114e-01 -2.038340985923670079e-01 -4.323025632411796604e-01 -7.276897323943940510e-01 -4.964907352929202045e-01 4.024837615100518851e-01 1.425465951101922979e-01 7.537083837842000200e-01 2.909727859361219138e-01 3.655052550604041550e-01
2.440184194694295094e-01 -8.210342412804602086e-01 2.475263870279157397e-01 -8.058566850326273623e-02 -3.534041521264325025e-01 -1.734659497745981993e-01 9.894905341943912580e-01 -1.414792764400728819e-01 -2.119113462345269538e-01 9.571039875187092871e-01
2.574397285746619218e-02 -8.713260610560428221e-01 -2.517241198597577889e-01 2.816616818618842832e-01 -4.057357106148729020e-01 -1.678708170956221823e-01 2.828720391329607176e-01 -2.040095446362334974e-01 -9.209386573923791230e-01 -2.795416067709546870e-02
6.477633789120827990e-01 -8.704138783908704768e-01 -7.418875609335084942e-02 1.411478756686361524e-01 6.435124848840776401e-01 4.685093050734314701e-01 -5.075198611249412961e-01 -2.876284070817130001e-01 4.251518617722396809e-01 -9.732008735063260030e-01
-7.187118236000127336e-01 -4.418993405860244250e-01 3.173577942649700168e-01 8.700736414196874602e-01 -5.462626112810535783e-01 1.906594956325939894e-01 -6.954302812489687735e-01 -4.806374874797819663e-01 8.078535863394000760e-01 6.664662322115807447e-01
4.000996629742634147e-01 -5.182643116067005007e-01 -2.865300599679946325e-01 8.712698334854203086e-01 1.335069460065203828e-01 5.128625103687964870e-01 9.396189822679370529e-01 3.546429741457621243e-01 5.019141698481699443e-01 -7.567117588466066858e-01
-6.373388437866146505e-01 -9.355710518305671020e-02 -7.387884573908819197e-02 1.318423711664837294e-01 -5.452701670834323444e-01 -6.484638093996064612e-01 -4.878744407135514605e-01 -2.479030041831937758e-01 -2.121732872764041378e-01 -4.028325747588922812e-01
-4.328801694347385043e-01 4.495832728731292277e-02 -1.299730000516342299e-01 -5.823292941453574179e-02 1.066359801659243350e-01 -5.335406097789910929e-01 5.041307160688628386e-01 -1.741550880963739778e-01 -1.645901398958898587e-01 5.449665598534082500e-01
4.795404580086220503e-01 1.909544430867058384e-01 -1.491123757395181916e-02 3.937433645791491577e-01 5.744119772268425628e-01 -2.888193239423862413e-01 7.975664305249955399e-01 8.200893675103108071e-01 2.727284341855833460e-01 3.936142517800836904e-01
-2.140985634476460786e-01 1.088753661168205683e-01 9.596800726994370034e-01 5.168861969900178099e-01 4.731996198516400520e-01 2.402428990596912617e-01 -1.562672644117625020e-01 4.105847374333135846e-01 9.000796461621857203e-01 -9.090465536619913856e-01
3.207253107288622895e-01 -6.437964639771499575e-01 -8.867640255047806175e-01 5.721801412080484983e-01 -3.923237247705333997e-01 9.717294735283428242e-01 4.243903992151190629e-02 -3.873371576789957915e-02 -6.695355951834087715e-01 3.084687647956642076e-01
2.388760107795016574e-01 1.950061877450674774e-01 2.087627234985594826e-01 -2.996245755841797087e-01 -2.804655241615962025e-01 -8.883352468596981966e-02 5.652987003401544613e-02 -6.732604955551587667e-01 6.633577021617683700e-01 9.000201175162081402e-01
-9.281022995623794403e-01 -2.032090715324271490e-01 2.302670770266777023e-01 -7.372960483420911704e-01 -4.829367804347892146e-01 2.671021600860342127e-01 1.683755950938937984e-01 8.382155607524798269e-01 8.078184732486214381e-01 1.090874316407421801e-01
