1.631186429327425580e-01 -6.389263010253944941e-01 1.429512474543825351e-01 -2.262844739146393225e-01 -8.746241144395286993e-01 6.137322926763326691e-01 -7.752186755479958391e-01 2.522582096698332554e-01 -9.972494000320565322e-01 -3.947878334775701270e-01
5.905778929529638122e-01 -4.492227971759587546e-01 1.107575716488051198e-01 -9.104260470183892506e-01 -5.803145772718382167e-01 -5.913553286385094809e-01 -1.159888271114925123e-01 -7.058251651219815681e-01 -2.794014722167174614e-01 9.237576306918863223e-01
1.410525796539025822e-01 -2.021140726081301908e-01 -4.453775386045142337e-01 -6.790521110749102585e-01 -5.117544645208748078e-01 4.122524459898738725e-01 1.283568788591892273e-01 7.857597847807472613e-01 2.850625660750402135e-01 3.503050730373212795e-01
2.337794260843574778e-01 -8.193595530753873257e-01 2.283630926055794097e-01 -2.655287968492342845e-02 -3.693117398916289651e-01 -1.581689762865931825e-01 9.710516606811538942e-01 -9.842454468153558067e-02 -2.225532428578737565e-01 9.433708103380185062e-01
3.206455816041092755e-02 -8.707895427211969075e-01 -2.681233407044137373e-01 3.096215419944605141e-01 -4.125005758308586956e-01 -1.537424297304126608e-01 2.695913068670158785e-01 -1.713195600683457831e-01 -9.321429814463831898e-01 -3.065313538126909765e-02
6.339476202366703950e-01 -8.687375647196859951e-01 -8.955897789189377900e-02 1.912767210272146301e-01 6.282093491530867935e-01 4.803929218144704638e-01 -5.232372932768417639e-01 -2.515521903096752943e-01 4.173955673963423707e-01 -9.875792145214079554e-01
-7.295033064390192834e-01 -4.402320138088005597e-01 2.989172482277947518e-01 9.232061639908515360e-01 -5.619964328449267299e-01 2.053149526535315850e-01 -7.133292227912602090e-01 -4.389480175748123325e-01 7.977435801979195773e-01 6.526875802535336835e-01
3.904112161596514086e-01 -5.166191388484410174e-01 -3.057511069044601126e-01 9.247608349154493590e-01 1.178154013055996013e-01 5.282455898539109018e-01 9.212208529456871187e-01 3.976673091768699320e-01 4.911593521181329969e-01 -7.701373380067829677e-01
-6.290121508760694313e-01 -9.349393882303250192e-02 -8.391264015708357893e-02 1.435448875692287296e-01 -5.473844192784399487e-01 -6.395125662463972960e-01 -4.952614595012863608e-01 -2.291301604113160362e-01 -2.196487362428314605e-01 -4.018071492998399052e-01
-4.514719018758238667e-01 4.618632461670164890e-02 -1.321802117139118660e-01 -3.090668879331413474e-02 9.689772894994885810e-02 -5.329768368546526913e-01 4.991224575233172422e-01 -1.643997335096399615e-01 -1.633945075777939737e-01 5.329330401297940334e-01
4.689873212655115142e-01 1.926387277390939623e-01 -3.391133539710512040e-02 4.478024039554526214e-01 5.584576336295092869e-01 -2.736802365802487591e-01 7.792180997133247855e-01 8.628879920005200210e-01 2.622329750402250248e-01 3.797571249316030184e-01
-1.985635022627773583e-01 1.090123463679594645e-01 9.406161700170906359e-01 5.394665089299767180e-01 4.690530203403436849e-01 2.572303494749588748e-01 -1.703496528931492393e-01 4.463311820214444503e-01 8.859162092501545738e-01 -9.072695875359162443e-01
3.098559686571112359e-01 -6.421370768604927060e-01 -9.049786398072717786e-01 6.249162880646845775e-01 -4.079601609210042890e-01 9.861909184093062830e-01 2.472459400675144914e-02 2.502845359021843574e-03 -6.794925216132015056e-01 2.947328304382380026e-01
2.127508889548774540e-01 1.965828321899716069e-01 2.083385536328709042e-01 -2.670411901780234132e-01 -2.925767231881516994e-01 -9.027696567715498555e-02 5.183147400667725835e-02 -6.651736161919820089e-01 6.667235725891540454e-01 8.841706589950171225e-01
-9.188244133488722154e-01 -2.027091696323245484e-01 2.113657886723623869e-01 -7.074856269004710096e-01 -4.898288848967504716e-01 2.835232804591493183e-01 1.533987369016610591e-01 8.753441622257415178e-01 7.946275405563517635e-01 1.071729323823974178e-01
