1.615038000997954526e-01 -6.388902873995203624e-01 1.449541395449925607e-01 -2.268801885020421405e-01 -8.745359138841803937e-01 6.126375752782360351e-01 -7.737202988318115926e-01 2.498937489820708402e-01 -9.956581706119383979e-01 -3.949595751589221049e-01
5.890001487224540977e-01 -4.491963282344536013e-01 1.126096976225099550e-01 -9.112888730142055804e-01 -5.801894721295115520e-01 -5.925322154885762638e-01 -1.146209150223371775e-01 -7.083101074471293002e-01 -2.779426147077712073e-01 9.235470694194193308e-01
1.227305674155590720e-01 -2.018974340927727762e-01 -4.249595725607359653e-01 -6.919947802379785573e-01 -5.098964085069958019e-01 3.974684097511728686e-01 1.432424447323123462e-01 7.550831397968837955e-01 3.010066130882841917e-01 3.474147218841125984e-01
1.963980270166615083e-01 -8.186113616323574815e-01 2.737001850741289100e-01 -4.309611262725960429e-02 -3.668882950486456740e-01 -1.845624622318583763e-01 1.004795326134451106e+00 -1.548725253036780103e-01 -1.866579498575563489e-01 9.389759076341521737e-01
5.629375253300674536e-03 -8.703487544243518892e-01 -2.371233244925927408e-01 2.950778746230994232e-01 -4.103923743907889610e-01 -1.734944686419472304e-01 2.924809935788229009e-01 -2.130090356900517790e-01 -9.077294297500254627e-01 -3.419434615291428586e-02
6.045658268176469230e-01 -8.681679153982132524e-01 -5.414546571063257041e-02 1.776800965613646310e-01 6.301964820137530010e-01 4.594207475483889080e-01 -4.969178029330259538e-01 -2.962898745141187562e-01 4.454067152947159824e-01 -9.911240200035060788e-01
-7.664374319881858133e-01 -4.394754133400926022e-01 3.439204993838738678e-01 9.074201024911905389e-01 -5.596795187216426770e-01 1.794510024741754473e-01 -6.797980303673015756e-01 -4.943724593361775721e-01 8.334002058189828865e-01 6.484304332142887262e-01
3.550006980819933600e-01 -5.159497544192236385e-01 -2.632773178701094952e-01 9.078219905854174598e-01 1.202868506224591405e-01 5.027591059216979241e-01 9.527517930208084795e-01 3.434062193824484743e-01 5.247294980636081352e-01 -7.744936148812010535e-01
-6.521467352005804186e-01 -9.294558776019568036e-02 -5.482929507321027129e-02 1.360545926520942139e-01 -5.462655892238816868e-01 -6.547966964187099670e-01 -4.734382983753392393e-01 -2.623539957251926902e-01 -1.964961871979774566e-01 -4.041085512309423589e-01
-4.665865270517646213e-01 4.667536370226007397e-02 -1.116074951790504838e-01 -3.158767822361163713e-02 9.704463608701548172e-02 -5.413524275957637411e-01 5.148211569401944798e-01 -1.834835413882835442e-01 -1.468306615949207528e-01 5.320710412625562213e-01
4.318500486175049224e-01 1.933829677288712579e-01 1.114090704703852783e-02 4.313973195245508485e-01 5.608610771602985379e-01 -2.998898470230767499e-01 8.127516941712147336e-01 8.068273996754452559e-01 2.979041212076816714e-01 3.753955096683666559e-01
-2.352228945973578733e-01 1.097675049417112803e-01 9.853349681785164016e-01 5.239327099914148356e-01 4.713340056137227951e-01 2.316103218539775077e-01 -1.370217619674086174e-01 3.914029526138405601e-01 9.213536149500917150e-01 -9.114745321729276206e-01
2.876574992054479751e-01 -6.419505951135007216e-01 -8.811539311819037712e-01 6.067874890574693758e-01 -4.053696158267686145e-01 9.673434332287024207e-01 4.192232837782515487e-02 -3.618797614708684635e-02 -6.610103902898064598e-01 2.908581593243521057e-01
1.995417207704156537e-01 1.970535636267538304e-01 2.268385762922134341e-01 -2.662401562939172295e-01 -2.926419073858457787e-01 -9.706306105639245230e-02 6.602862010559314154e-02 -6.809824391091138240e-01 6.816756756776275461e-01 8.836299655118237117e-01
-9.549236033602951368e-01 -2.019776852977776815e-01 2.552554115688477343e-01 -7.231729169870156904e-01 -4.875285645177984684e-01 2.581453723902938369e-01 1.860836458205381017e-01 8.210119837786987729e-01 8.293900425768250262e-01 1.029727159663305636e-01
