1.611048732303869691e-01 -6.388195681799395675e-01 1.440076101640516693e-01 -2.245382334933379298e-01 -8.752341155156304620e-01 6.133248289986662494e-01 -7.746151097041360511e-01 2.518376075678239734e-01 -9.962102543626754070e-01 -3.955742870459801330e-01
5.891321838193379623e-01 -4.491812370254874009e-01 1.118584525201545693e-01 -9.104759465476971458e-01 -5.804406692413841551e-01 -5.921482847111213532e-01 -1.152612541968918991e-01 -7.072807844643206332e-01 -2.784726795773011521e-01 9.233272124065624586e-01
1.173991900616276618e-01 -2.012619517583833784e-01 -4.290474625434993472e-01 -6.734687114383159923e-01 -5.153484338473837134e-01 4.017357091222547028e-01 1.388160614362637657e-01 7.676082119918132829e-01 2.993612800107081084e-01 3.426041654331526409e-01
1.843975554614740442e-01 -8.168484587587041545e-01 2.553048654317996435e-01 1.231983755353647375e-02 -3.833256224042407845e-01 -1.696767818992371557e-01 9.867437711875480799e-01 -1.122333347701821027e-01 -1.965175244951971323e-01 9.244917975452180414e-01
-5.088776934500854887e-03 -8.690240934864882361e-01 -2.466437853398576741e-01 3.342651428778931622e-01 -4.219430430021086087e-01 -1.641676250770827405e-01 2.824366367605656847e-01 -1.857825826268938163e-01 -9.119091315897676076e-01 -4.438327120217013672e-02
6.112930215831492431e-01 -8.681483062007303575e-01 -7.170232499750600619e-02 1.881899483472833923e-01 6.267848226188128535e-01 4.670822862862370473e-01 -5.113157569219280996e-01 -2.764019090508565424e-01 4.322731383785385351e-01 -9.940867112465308075e-01
-7.776803633309588015e-01 -4.377635030157201457e-01 3.250192167803734322e-01 9.618249781533413367e-01 -5.758345470334977900e-01 1.943545363437551576e-01 -6.981767470869713055e-01 -4.518052477062019512e-01 8.230467006914987671e-01 6.341976833772200450e-01
3.407852450036076841e-01 -5.140909717838668680e-01 -2.787216768135137301e-01 9.639989466289344833e-01 1.036908034505963361e-01 5.167474075805633671e-01 9.369514233645714896e-01 3.839435831198702020e-01 5.172994769299114060e-01 -7.891275054274055067e-01
-6.618668144873914860e-01 -9.155997546587482661e-02 -6.855952263716559580e-02 1.791954277436486054e-01 -5.590495571069826752e-01 -6.434113678141890613e-01 -4.870307356764284612e-01 -2.296549976590149533e-01 -2.036991001275824942e-01 -4.153752520980112384e-01
-4.626799907404109957e-01 4.688712263166285726e-02 -1.273435264978136638e-01 -1.721901950415272511e-02 9.255326593055879236e-02 -5.337211267275742133e-01 5.015858629752500963e-01 -1.632284222111708982e-01 -1.581673648114806374e-01 5.281473335866939678e-01
4.204093418223532330e-01 1.950954709025735090e-01 -7.276548998773464845e-03 4.855414484993189617e-01 5.447917003567424032e-01 -2.851929868706180038e-01 7.947678227693243391e-01 8.488607245482877595e-01 2.879150845392504099e-01 3.612370032346068349e-01
-2.458558159348569472e-01 1.114280145866194532e-01 9.663121461262369483e-01 5.770969293837738823e-01 4.555358210160277976e-01 2.463640364234017943e-01 -1.554124202134426758e-01 4.334629857805473163e-01 9.107937985644359857e-01 -9.253911895880906346e-01
2.645322178008289171e-01 -6.398875425109933346e-01 -8.797116886059511698e-01 6.585423304807066502e-01 -4.203314823916843301e-01 9.748409706240592776e-01 3.959041732573423400e-02 -1.198738093670314100e-02 -6.553086273368036174e-01 2.776165132442191541e-01
2.054088575040425857e-01 1.970874630412745021e-01 2.110618536658656341e-01 -2.563810682052563017e-01 -2.958278231847685791e-01 -9.011427103882846401e-02 5.306280230610262161e-02 -6.629072814979183326e-01 6.699101952710944108e-01 8.808613493247048343e-01
-9.663292418958192576e-01 -2.002795742364480991e-01 2.371472263713930162e-01 -6.695719046431926058e-01 -5.034341456720361485e-01 2.726519811336927113e-01 1.683773114916687907e-01 8.625192137118106173e-01 8.196009077278316735e-01 8.895814220409314910e-02
