1.777570239966873578e-01 -6.398106817085422726e-01 1.432061411856780930e-01 -2.445789482690581551e-01 -8.678278702286561508e-01 6.145266970512500704e-01 -7.725710307109853181e-01 2.476908221009983535e-01 -9.991245140054897389e-01 -3.859002742181366630e-01
6.196902063927773874e-01 -4.509529955171220350e-01 1.107498655910259949e-01 -9.456916689593387604e-01 -5.671007884282320832e-01 -5.893457241690147619e-01 -1.111729066628351081e-01 -7.138281371124914898e-01 -2.834546598282519647e-01 9.412291500556517754e-01
1.577733023374173482e-01 -2.038353560541545373e-01 -4.323032903578427621e-01 -7.277146135938840077e-01 -4.964812492054148096e-01 4.024858709656076172e-01 1.425495766594750136e-01 7.537038963204661934e-01 2.909692920136539018e-01 3.655180724931411107e-01
2.440557175256049538e-01 -8.210363894237083793e-01 2.475251448822171629e-01 -8.062817347734566042e-02 -3.533879468826406911e-01 -1.734623461559799684e-01 9.894956276254792682e-01 -1.414869424502981088e-01 -2.119173149613968188e-01 9.571258837559272203e-01
2.572762160222995947e-02 -8.713251193222868451e-01 -2.517235753101634832e-01 2.816803158002527674e-01 -4.057428149013847518e-01 -1.678723969014845330e-01 2.828698062018031867e-01 -2.040061839010454126e-01 -9.209360407365398959e-01 -2.796375986268783559e-02
6.477754322914477392e-01 -8.704145725928786881e-01 -7.418915750980163704e-02 1.411341396022012251e-01 6.435177218312848613e-01 4.685104696323051932e-01 -5.075182151126964580e-01 -2.876308844582557422e-01 4.251499328961355628e-01 -9.731937974363933375e-01
-7.187502736348980736e-01 -4.418971260957453295e-01 3.173590747752791374e-01 8.701174591920828316e-01 -5.462793170360716877e-01 1.906557807134858229e-01 -6.954355319945330072e-01 -4.806295846990256693e-01 8.078597394149192867e-01 6.664436596924949718e-01
4.000663505616022242e-01 -5.182623930124981015e-01 -2.865289505570939310e-01 8.713077964084783300e-01 1.334924724434497223e-01 5.128592918302774528e-01 9.396144331172395781e-01 3.546498209716365535e-01 5.019195007611702009e-01 -7.567313152676302668e-01
-6.373643700749129781e-01 -9.355563502269230447e-02 -7.387799563126860869e-02 1.318714609994082465e-01 -5.452812577344579026e-01 -6.484662756677501694e-01 -4.878779265893238848e-01 -2.478977576688396189e-01 -2.121692023599640597e-01 -4.028475602493222230e-01
-4.329438671002792671e-01 4.496199588895559429e-02 -1.299708787137047739e-01 -5.816033936828193807e-02 1.066083048309363346e-01 -5.335467640432347558e-01 5.041220175010776572e-01 -1.741419960748203100e-01 -1.645799464969075476e-01 5.449291654329498913e-01
4.795674238727742345e-01 1.909528900154482678e-01 -1.491213562429543650e-02 3.937126342013643199e-01 5.744236933441809745e-01 -2.888167185870385567e-01 7.975701129895760300e-01 8.200838251144992874e-01 2.727241188969479757e-01 3.936300823894721135e-01
-2.142002740127662563e-01 1.088812240323832337e-01 9.596834599896584272e-01 5.170021066479918437e-01 4.731554286879981475e-01 2.402330721109512957e-01 -1.562811540298146284e-01 4.106056423895546592e-01 9.000959226828741944e-01 -9.091062639764099229e-01
3.207552705628477496e-01 -6.437981894830259177e-01 -8.867650232639865404e-01 5.721459988934707308e-01 -3.923107078344386101e-01 9.717323681514578038e-01 4.244313124329811282e-02 -3.873987352562824338e-02 -6.695403895905297498e-01 3.084863530482226390e-01
2.389576299640541190e-01 1.950014869719389754e-01 2.087600053161819680e-01 -2.997175890460007097e-01 -2.804300622925502973e-01 -8.882563890201171375e-02 5.654101596853877004e-02 -6.732772710541394812e-01 6.633446408210474932e-01 9.000680329630100784e-01
-9.283648454818135276e-01 -2.031939504697769794e-01 2.302758206535027996e-01 -7.369968502431707424e-01 -4.830508512756651607e-01 2.670767937409636583e-01 1.683397417630448922e-01 8.382695228059847681e-01 8.078604879015173212e-01 1.089333011491833009e-01
