1.631186837674635792e-01 -6.389263011565493589e-01 1.429512061742700957e-01 -2.262844337411297757e-01 -8.746241201511657515e-01 6.137323299553205658e-01 -7.752187048493290877e-01 2.522582850914428243e-01 -9.972494317015647702e-01 -3.947878253105513990e-01
5.905617048163480653e-01 -4.492227451821366180e-01 1.107739363522463327e-01 -9.104419730304862401e-01 -5.803123130036412780e-01 -5.913701071733594716e-01 -1.159772111637456943e-01 -7.058550645626728848e-01 -2.793889174517313334e-01 9.237543930350151644e-01
1.411103754180752234e-01 -2.021142582392968234e-01 -4.454359647571528025e-01 -6.789952511619248288e-01 -5.117625485341147362e-01 4.123052091172975664e-01 1.283154069719328882e-01 7.858665333870950009e-01 2.850177423715090641e-01 3.503166322956498546e-01
2.337817195069804288e-01 -8.193595604415104816e-01 2.283607741681965009e-01 -2.655062339827948467e-02 -3.693120606774013548e-01 -1.581668825665460132e-01 9.710500150144547593e-01 -9.842030873669999069e-02 -2.225550215296707712e-01 9.433712690267292977e-01
3.210612427907848232e-02 -8.707896762252210765e-01 -2.681653601919770646e-01 3.096624350585875374e-01 -4.125063897699674520e-01 -1.537044830322910893e-01 2.695614807125953361e-01 -1.712427875694859658e-01 -9.321752181925663239e-01 -3.064482208166533633e-02
6.339604421462990969e-01 -8.687376059017012375e-01 -8.957193965232397581e-02 1.912893353195634361e-01 6.282075557260307086e-01 4.804046272406594098e-01 -5.232464937571562613e-01 -2.515285082803228600e-01 4.173856233202646870e-01 -9.875766501160784250e-01
-7.295025384578798233e-01 -4.402320162754386756e-01 2.989164718701511902e-01 9.232069195365457670e-01 -5.619965402640393348e-01 2.053156537617754629e-01 -7.133297738632581320e-01 -4.389465991159076652e-01 7.977429845875074754e-01 6.526877338511634097e-01
3.904111092137452776e-01 -5.166191385049471174e-01 -3.057509987920763450e-01 9.247607297012523375e-01 1.178154162643449965e-01 5.282454922204502523e-01 9.212209296857151175e-01 3.976671116480960388e-01 4.911594350603979975e-01 -7.701373593961593489e-01
-6.289773160246744377e-01 -9.349405070725440303e-02 -8.394785495826977140e-02 1.435791583613452993e-01 -5.473892917012536108e-01 -6.394807646822299185e-01 -4.952864555723708873e-01 -2.290658205433002415e-01 -2.196757525315479465e-01 -4.018001822659771904e-01
-4.515158048116315603e-01 4.618646562622558821e-02 -1.321358299211368437e-01 -3.094988083594161360e-02 9.690386974451092872e-02 -5.330169168887080033e-01 4.991539604825756538e-01 -1.644808221028809525e-01 -1.633604585050468239e-01 5.329242594624968854e-01
4.689942127672586669e-01 1.926387056046429958e-01 -3.391830206566207040e-02 4.478091838673595171e-01 5.584566697008864766e-01 -2.736739451644325527e-01 7.792131546522537144e-01 8.629007205839669403e-01 2.622276303123609598e-01 3.797585032445314202e-01
-1.985531473693923354e-01 1.090123131096235459e-01 9.406057021810799723e-01 5.394766961529553484e-01 4.690515719799591143e-01 2.572398027033563905e-01 -1.703570831430501198e-01 4.463503074790546310e-01 8.859081784770030943e-01 -9.072675165383385920e-01
3.098771060409387101e-01 -6.421371447505409558e-01 -9.050000077402261534e-01 6.249370831838836349e-01 -4.079631174506594404e-01 9.862102152296228219e-01 2.470942668071056739e-02 2.541886044748975504e-03 -6.795089147838718757e-01 2.947370579535854018e-01
2.127379283946762845e-01 1.965828738173113488e-01 2.083516555561595041e-01 -2.670539408758614286e-01 -2.925749103677527940e-01 -9.028879768074844769e-02 5.184077397699752426e-02 -6.651975543085337783e-01 6.667336241961597798e-01 8.841680668593201453e-01
-9.188392706191597092e-01 -2.027091219130417177e-01 2.113808079934845763e-01 -7.075002435961379454e-01 -4.898268067795833458e-01 2.835097169038166554e-01 1.534093978739160535e-01 8.753167208912417951e-01 7.946390631633832857e-01 1.071699609012210785e-01
