1.615146571782900831e-01 -6.388907135228819589e-01 1.449384625242586544e-01 -2.268821099946320696e-01 -8.745356851863352876e-01 6.126426702607510322e-01 -7.737323999831772214e-01 2.499059565070805011e-01 -9.956708912729148597e-01 -3.949593231120038239e-01
5.890096203454162627e-01 -4.491966999808510441e-01 1.125960211229217606e-01 -9.112905493080027952e-01 -5.801892726154560531e-01 -5.925277706691524093e-01 -1.146314719638937413e-01 -7.082994577061102470e-01 -2.779537121042446879e-01 9.235472893030076680e-01
1.228313741128806424e-01 -2.019013905980850399e-01 -4.251051318550532199e-01 -6.920126210707598924e-01 -5.098942850743921618e-01 3.975157160647909138e-01 1.431300869646531249e-01 7.551964852313211018e-01 3.008885032467255582e-01 3.474170621101149714e-01
1.963872007709649981e-01 -8.186109367191349850e-01 2.737158175740079802e-01 -4.309419659147773612e-02 -3.668885230970164724e-01 -1.845675427452352912e-01 1.004807392920001208e+00 -1.548846981607837348e-01 -1.866452653217282320e-01 9.389756563030169367e-01
5.662624070830343109e-03 -8.703500593884730963e-01 -2.371713339457847680e-01 2.950719902264324901e-01 -4.103916740243941375e-01 -1.734788657204025530e-01 2.924439349010345968e-01 -2.129716512526328431e-01 -9.077683856197720225e-01 -3.419357428210214461e-02
6.046119670963155945e-01 -8.681697263320351521e-01 -5.421208972055517605e-02 1.776719306257861231e-01 6.301974539310428725e-01 4.594424001424240456e-01 -4.969692302572825127e-01 -2.962379951244579757e-01 4.453526551861336502e-01 -9.911229488576123181e-01
-7.664412426488697028e-01 -4.394752637776166981e-01 3.439260017670961456e-01 9.074207769043183269e-01 -5.596795989909238989e-01 1.794492142169049065e-01 -6.797937830569628082e-01 -4.943767439819619081e-01 8.334046705672740751e-01 6.484303447498567241e-01
3.549833553971576405e-01 -5.159490737459498932e-01 -2.632522759926020917e-01 9.078250599047023028e-01 1.202864853092072278e-01 5.027509673901359166e-01 9.527711229403984516e-01 3.433867195456395960e-01 5.247498175643214857e-01 -7.744940174913755859e-01
-6.522465460099192702e-01 -9.294167034193019650e-02 -5.468517378604757784e-02 1.360722572319930657e-01 -5.462676916787022607e-01 -6.548435353845178941e-01 -4.733270506108201436e-01 -2.624662213991473814e-01 -1.963792441853594861e-01 -4.041108683374198263e-01
-4.666487069555215750e-01 4.667780416629735418e-02 -1.115177108378106186e-01 -3.157667358508305794e-02 9.704332630464554410e-02 -5.413816072247569222e-01 5.148904618114483744e-01 -1.835534554752625558e-01 -1.467578087113723395e-01 5.320695977570009116e-01
4.318371506855802622e-01 1.933834739525402413e-01 1.115953094722565639e-02 4.313996022086661331e-01 5.608608054731002435e-01 -2.998958997321611863e-01 8.127660700299322860e-01 8.068128974475556880e-01 2.979192330279926137e-01 3.753952102430658799e-01
-2.352303792204901156e-01 1.097677987014709922e-01 9.853457755602708090e-01 5.239340346247306490e-01 4.713338479546266835e-01 2.316068094888409368e-01 -1.370134197087169714e-01 3.913945370235766275e-01 9.213623842846276890e-01 -9.114747059283441200e-01
2.877274889008231695e-01 -6.419533420996526019e-01 -8.812549924302035542e-01 6.067751022371015157e-01 -4.053681415358234563e-01 9.673762778170821308e-01 4.184431881952740961e-02 -3.610928085561097844e-02 -6.610923934904978649e-01 2.908597841341055146e-01
1.994375533050119498e-01 1.970576520369605455e-01 2.269889883497239746e-01 -2.662217206702841010e-01 -2.926441016110128412e-01 -9.711194450281131207e-02 6.614472373944341177e-02 -6.810995633373062574e-01 6.817977231522626136e-01 8.836275472656395236e-01
-9.549262246757914685e-01 -2.019775824152414689e-01 2.552591966034135074e-01 -7.231724530649482618e-01 -4.875286197342368344e-01 2.581441422659443985e-01 1.860865675029790278e-01 8.210090364135770313e-01 8.293931138326658958e-01 1.029726551125296902e-01
