1.804055637726103556e-01 -6.399632216374413485e-01 1.431179362595378091e-01 -2.475972319566484003e-01 -8.666771337784985318e-01 6.147825904737570513e-01 -7.722093455129926953e-01 2.471464577269242846e-01 -9.995483540697575053e-01 -3.843454195913489357e-01
6.152030852826897434e-01 -4.506945643841193117e-01 1.108993012120031568e-01 -9.405781325971748208e-01 -5.690503509247403224e-01 -5.897792554259366771e-01 -1.117856689486321775e-01 -7.129058821791532941e-01 -2.827365955888677673e-01 9.385949358813354682e-01
1.558221261842191729e-01 -2.037229800670599944e-01 -4.322383098919860833e-01 -7.254910475336910913e-01 -4.973289954014790126e-01 4.022973545807321805e-01 1.422831235974128805e-01 7.541049289177486070e-01 2.912815344929578498e-01 3.643726129093141086e-01
2.327447934668631091e-01 -8.203849483664932274e-01 2.479018351740712445e-01 -6.773821128443302531e-02 -3.583023124200899190e-01 -1.745551713781720582e-01 9.879510052471953685e-01 -1.391621655481688480e-01 -2.101072523663148062e-01 9.504856804386669911e-01
2.377404808310594822e-02 -8.712126052613633487e-01 -2.516585150042808250e-01 2.839066139056778404e-01 -4.065916027039901404e-01 -1.680611449121703072e-01 2.826030257549015379e-01 -2.036046585640981788e-01 -9.206234146119770534e-01 -2.911062684674941767e-02
6.465211822137216791e-01 -8.703423353475040480e-01 -7.414738693249221801e-02 1.425634866651277199e-01 6.429727757839673874e-01 4.683892880106483858e-01 -5.076894957903810290e-01 -2.873730937070272384e-01 4.253506478102115351e-01 -9.739301188442233137e-01
-7.202462822014921162e-01 -4.418109650184395831e-01 3.174088966908573672e-01 8.718223149371593372e-01 -5.469293022101580082e-01 1.905112411616597390e-01 -6.956398272667906335e-01 -4.803221044133351714e-01 8.080991424145549384e-01 6.655654112845879045e-01
4.007752930745891451e-01 -5.183032238285982807e-01 -2.865525606318091167e-01 8.704998834438176791e-01 1.338004934889241715e-01 5.129277875831667055e-01 9.397112464690744460e-01 3.545041093418377920e-01 5.018060502315621063e-01 -7.563151227088229511e-01
-6.371888338283620001e-01 -9.356574485257347640e-02 -7.388384155504996997e-02 1.316714193786020226e-01 -5.452049908197352801e-01 -6.484493159183394306e-01 -4.878539553193184664e-01 -2.479338362959569719e-01 -2.121972930440065574e-01 -4.027445097504775973e-01
-4.264986466422650557e-01 4.459079003456666024e-02 -1.301855253652766942e-01 -6.550533148363268943e-02 1.094086215102484660e-01 -5.329240475045570191e-01 5.050021782819934524e-01 -1.754667065557771743e-01 -1.656113611194018620e-01 5.487129035292818147e-01
4.688322240868947333e-01 1.915711728243160716e-01 -1.455461880962552121e-02 4.059464993263276478e-01 5.697594682471531780e-01 -2.898539191756335232e-01 7.961041116497648007e-01 8.222902712344046794e-01 2.744420495878657773e-01 3.873278643868187654e-01
-1.945437565527643464e-01 1.077491270923975619e-01 9.590288344913004970e-01 4.946014817664262098e-01 4.816957841434875154e-01 2.421322218134149828e-01 -1.535968555065315155e-01 4.065655641846271373e-01 8.969503329132719749e-01 -8.975666875663985689e-01
3.125647602080497411e-01 -6.433264654490785661e-01 -8.864922528236618415e-01 5.814799284880567409e-01 -3.958693173355457562e-01 9.709410272979728251e-01 4.132463327461891739e-02 -3.705644702655555567e-02 -6.682296800188928243e-01 3.036780231765399130e-01
2.296973156431112439e-01 1.955348252668519804e-01 2.090684036827610837e-01 -2.891645077175846179e-01 -2.844534797718336616e-01 -8.972034078514667943e-02 5.527642532538819264e-02 -6.713739637091356016e-01 6.648265487963809228e-01 8.946316628173479613e-01
-9.146885918538563143e-01 -2.039816202548334345e-01 2.298203572498205838e-01 -7.525823489424399160e-01 -4.771087983397953036e-01 2.683981495234009085e-01 1.702073740886728970e-01 8.354585907922238430e-01 8.056719067560459413e-01 1.169620974028250382e-01
