1.611091708906185194e-01 -6.388199255080203587e-01 1.440066211216035896e-01 -2.245467761358047876e-01 -8.752316616213204892e-01 6.133238497416231283e-01 -7.746153106368015573e-01 2.518342430005159338e-01 -9.962117967732991852e-01 -3.955721128986232071e-01
5.891413933519401569e-01 -4.491820027501916557e-01 1.118563330834890651e-01 -9.104942527282856579e-01 -5.804354107475915292e-01 -5.921503831784682426e-01 -1.152616847790772087e-01 -7.072879944554892884e-01 -2.784759848364792845e-01 9.233318714256300019e-01
1.174785961071963536e-01 -2.012685539577981908e-01 -4.290657366613846446e-01 -6.736265502204555888e-01 -5.153030942828524807e-01 4.017176158051475876e-01 1.388123488886128798e-01 7.675460463084911034e-01 2.993327815437115680e-01 3.426443362318643548e-01
1.843918426156814783e-01 -8.168479837653094267e-01 2.553061801581120727e-01 1.233119322067728618e-02 -3.833288843465603168e-01 -1.696754801805862856e-01 9.867440382857529668e-01 -1.122288622774409717e-01 -1.965154741809407302e-01 9.244889074683131369e-01
-5.168960528413049649e-03 -8.690174266379755430e-01 -2.466253322808100168e-01 3.344245272260248369e-01 -4.219888265341367739e-01 -1.641493545892243888e-01 2.824403856616862774e-01 -1.857198082137986872e-01 -9.118803540642226313e-01 -4.442383535554109836e-02
6.113121171162214651e-01 -8.681498938949212540e-01 -7.170671954983444396e-02 1.881519913420849621e-01 6.267957258585823421e-01 4.670779352128051620e-01 -5.113166497138551536e-01 -2.764168586287298335e-01 4.322662850789548150e-01 -9.940770509894326645e-01
-7.776878483781125562e-01 -4.377628806730057276e-01 3.250209393524154944e-01 9.618398565006831546e-01 -5.758388208740601311e-01 1.943562418729846419e-01 -6.981763971313220685e-01 -4.517993877862464536e-01 8.230493870407276091e-01 6.341938967597098298e-01
3.407850880510239766e-01 -5.140909587340763975e-01 -2.787216406932158663e-01 9.639992586102766881e-01 1.036907138332158473e-01 5.167474433434936509e-01 9.369514307027274613e-01 3.839437059954591835e-01 5.172995332594766404e-01 -7.891275848282949257e-01
-6.620231756360893671e-01 -9.154697485015290959e-02 -6.852353844926749316e-02 1.795062334651485458e-01 -5.591388367876516385e-01 -6.433757396472609136e-01 -4.870234251724091523e-01 -2.295325850947796953e-01 -2.036429828256340335e-01 -4.154543537858700897e-01
-4.626181804279151377e-01 4.688198342587483747e-02 -1.273577512199867423e-01 -1.734188249749464214e-02 9.258855861680233279e-02 -5.337352107129492707e-01 5.015829730979263212e-01 -1.632768124853010427e-01 -1.581895482502616024e-01 5.281786028635330199e-01
4.203861627464482997e-01 1.950973981220979203e-01 -7.271214679924999785e-03 4.855875225367017878e-01 5.447784654802260151e-01 -2.851877053285440389e-01 7.947689064830791850e-01 8.488788710644892266e-01 2.879234034037015943e-01 3.612252771502031390e-01
-2.458861657332070405e-01 1.114305380143946478e-01 9.663191306799806535e-01 5.771572569718744772e-01 4.555184917732610916e-01 2.463709518732488946e-01 -1.554110012399657348e-01 4.334867461370744968e-01 9.108046909684139880e-01 -9.254065432759834842e-01
2.644886813625532129e-01 -6.398839226827390814e-01 -8.797016693435680823e-01 6.586288697151808647e-01 -4.203563409920405003e-01 9.748508907576938221e-01 3.959245282694186241e-02 -1.195329697728368321e-02 -6.552930023079980293e-01 2.775944885547125263e-01
2.054899666139419212e-01 1.970807192409242958e-01 2.110431876131078355e-01 -2.565422922409736350e-01 -2.957815111981180745e-01 -9.013275241307618091e-02 5.305901013343787553e-02 -6.629707804822139172e-01 6.698810855820899191e-01 8.809023816882247671e-01
-9.663222101347783699e-01 -2.002801588907813513e-01 2.371456081163938745e-01 -6.695858819744026080e-01 -5.034301306504948004e-01 2.726503788894124036e-01 1.683769827289436360e-01 8.625137086620762172e-01 8.195983840609180060e-01 8.896169950826737782e-02
