1.777431808878041641e-01 -6.398098844289000775e-01 1.432066022059005073e-01 -2.445631726216212221e-01 -8.678338847767932407e-01 6.145253595744478714e-01 -7.725729211291028076e-01 2.476936673274023337e-01 -9.991222987228604024e-01 -3.859084009686170047e-01
6.197206640899272090e-01 -4.509547496969156799e-01 1.107488512513691431e-01 -9.457263786402370087e-01 -5.670875551807585957e-01 -5.893427814439569090e-01 -1.111687473527412373e-01 -7.138343971979149716e-01 -2.834595339073330833e-01 9.412470305842981499e-01
1.577946635752337790e-01 -2.038365863327130656e-01 -4.323040017560331738e-01 -7.277389569230776623e-01 -4.964719681837743703e-01 4.024879348199259521e-01 1.425524937550003424e-01 7.536995058646539514e-01 2.909658736211905294e-01 3.655306128445282021e-01
2.440913722289400067e-01 -8.210384429197370437e-01 2.475239574654742591e-01 -8.066880568171741483e-02 -3.533724556421012353e-01 -1.734589013128449708e-01 9.895004966399273405e-01 -1.414942706960130581e-01 -2.119230207060831539e-01 9.571468152446482858e-01
2.570921154349647963e-02 -8.713240590138573438e-01 -2.517229621957652874e-01 2.817012959571180697e-01 -4.057508136959758760e-01 -1.678741756223407211e-01 2.828672921199689161e-01 -2.040024000122059034e-01 -9.209330946148513997e-01 -2.797456769168908328e-02
6.477871181816607926e-01 -8.704152456297266083e-01 -7.418954668767711869e-02 1.411208223274804385e-01 6.435227991119596425e-01 4.685115986855551418e-01 -5.075166192848543645e-01 -2.876332863033664311e-01 4.251480628285216889e-01 -9.731869371050397843e-01
-7.187914707802177672e-01 -4.418947533884615142e-01 3.173604467732355494e-01 8.701644075795770261e-01 -5.462972163544782545e-01 1.906518003773741421e-01 -6.954411578861270371e-01 -4.806211172942959076e-01 8.078663321045509438e-01 6.664194744517849545e-01
4.000316101420594572e-01 -5.182603921737056751e-01 -2.865277935889533056e-01 8.713473866923620026e-01 1.334773784405485775e-01 5.128559353223114403e-01 9.396096889575954458e-01 3.546569613011537059e-01 5.019250601950082658e-01 -7.567517100159190102e-01
-6.373903245971422882e-01 -9.355414019863436681e-02 -7.387713126187644974e-02 1.319010388489750552e-01 -5.452925344443820821e-01 -6.484687833104834098e-01 -4.878814709448199283e-01 -2.478924231379497356e-01 -2.121650489141786722e-01 -4.028627971392270135e-01
-4.330053816514391474e-01 4.496553875636709330e-02 -1.299688300805330599e-01 -5.809023720557210391e-02 1.065815780145682179e-01 -5.335527073819655852e-01 5.041136170598918831e-01 -1.741293527570030863e-01 -1.645701024569750648e-01 5.448930526339822444e-01
4.795933119749166140e-01 1.909513990167870379e-01 -1.491299778168425107e-02 3.936831320443232030e-01 5.744349411959336349e-01 -2.888142173616011776e-01 7.975736482747297629e-01 8.200785042351804721e-01 2.727199760802247464e-01 3.936452802867288492e-01
-2.142963853920014650e-01 1.088867594685840462e-01 9.596866608089112960e-01 5.171116354573284113e-01 4.731136702562893648e-01 2.402237861376017858e-01 -1.562942790217607680e-01 4.106253965239929360e-01 9.001113031780143547e-01 -9.091626872267040138e-01
3.207844290064405524e-01 -6.437998688336450392e-01 -8.867659943343049189e-01 5.721127698457321165e-01 -3.922980390861052213e-01 9.717351853468020328e-01 4.244711312702887512e-02 -3.874586657056555694e-02 -6.695450557528879187e-01 3.085034708356700350e-01
2.390360960169732318e-01 1.949969678001892970e-01 2.087573921432686608e-01 -2.998070091897750977e-01 -2.803959703948129545e-01 -8.881805776352377779e-02 5.655173131068456233e-02 -6.732933984780776759e-01 6.633320840691291354e-01 9.001140973289434299e-01
-9.286189558240137698e-01 -2.031793152455360074e-01 2.302842833483692286e-01 -7.367072653527781956e-01 -4.831612570304852361e-01 2.670522424143227935e-01 1.683050403965537511e-01 8.383217510634702885e-01 8.079011526273214283e-01 1.087841228567232865e-01
