1.631189631543873142e-01 -6.389263020538974436e-01 1.429509237400245214e-01 -2.262841588781462909e-01 -8.746241592295934675e-01 6.137325850142867356e-01 -7.752189053260104545e-01 2.522588011182688161e-01 -9.972496483810536771e-01 -3.947877694326566989e-01
5.905460373307963584e-01 -4.492226948605660963e-01 1.107897747257917953e-01 -9.104573868221010891e-01 -5.803101215599870688e-01 -5.913844103934727814e-01 -1.159659688140044081e-01 -7.058840023623813575e-01 -2.793767664794670758e-01 9.237512595093070322e-01
1.411690285643844300e-01 -2.021144466242438820e-01 -4.454952576435443068e-01 -6.789375477498632572e-01 -5.117707524711699874e-01 4.123587549692612209e-01 1.282733198621630599e-01 7.859748655757259339e-01 2.849722537223153274e-01 3.503283630319707354e-01
2.337839170255847365e-01 -8.193595674996045908e-01 2.283585526808740163e-01 -2.654846146273949839e-02 -3.693123680488799576e-01 -1.581648763995578966e-01 9.710484381645747565e-01 -9.841624992630458590e-02 -2.225567258227765799e-01 9.433717085344612840e-01
3.214583183381368447e-02 -8.707898037598218455e-01 -2.682055008439275245e-01 3.097014996533624109e-01 -4.125119437478895201e-01 -1.536682330613776681e-01 2.695329881879825473e-01 -1.711694478327398794e-01 -9.322060135231043931e-01 -3.063688049824046800e-02
6.339723562570453996e-01 -8.687376441680051409e-01 -8.958398371235119784e-02 1.913010565124575735e-01 6.282058892746843481e-01 4.804155039156622342e-01 -5.232550428379530993e-01 -2.515065029528349427e-01 4.173763832907301241e-01 -9.875742672721824489e-01
-7.295026709516749808e-01 -4.402320158498888580e-01 2.989166058090792499e-01 9.232067891881410304e-01 -5.619965217318578787e-01 2.053155328050393358e-01 -7.133296787911050929e-01 -4.389468438315574095e-01 7.977430873435257253e-01 6.526877073521625272e-01
3.904109763876043027e-01 -5.166191380783298204e-01 -3.057508645171774786e-01 9.247605990258832565e-01 1.178154348430124343e-01 5.282453709603076586e-01 9.212210249963459496e-01 3.976668663186044839e-01 4.911595380741681782e-01 -7.701373859616300610e-01
-6.289492969514270948e-01 -9.349414070023795431e-02 -8.397617964042905503e-02 1.436067237390089568e-01 -5.473932107870610464e-01 -6.394551854040041450e-01 -4.953065609185562934e-01 -2.290140693974657971e-01 -2.196974828200982666e-01 -4.017945784001847875e-01
-4.515578691371228692e-01 4.618660073041403608e-02 -1.320933067927212157e-01 -3.099126403973630553e-02 9.690975336883995983e-02 -5.330553184116857413e-01 4.991841441299287307e-01 -1.645585147882780708e-01 -1.633278353728493115e-01 5.329158465206190742e-01
4.690007719826199128e-01 1.926386845374451207e-01 -3.392493282352767453e-02 4.478156368733891557e-01 5.584557522498485582e-01 -2.736679571007594181e-01 7.792084480263642421e-01 8.629128354354369534e-01 2.622225432903454445e-01 3.797598150995761257e-01
-1.985429361983901408e-01 1.090122803129019713e-01 9.405953796350572382e-01 5.394867419807590769e-01 4.690501437223218995e-01 2.572491247241731060e-01 -1.703644102636206470e-01 4.463691674818466293e-01 8.859002591682395567e-01 -9.072654742854997512e-01
3.098976378829463307e-01 -6.421372106956813042e-01 -9.050207635266104278e-01 6.249572825664282405e-01 -4.079659892819260669e-01 9.862289592364128499e-01 2.469469386682544843e-02 2.579808296516682142e-03 -6.795248383245028334e-01 2.947411643594635144e-01
2.127250609633667133e-01 1.965829151455353030e-01 2.083646633347834565e-01 -2.670665999527865320e-01 -2.925731105734848403e-01 -9.030054466476225561e-02 5.185000712181683791e-02 -6.652213204162967797e-01 6.667436035767334568e-01 8.841654933495713964e-01
-9.188538741101405227e-01 -2.027090750088592908e-01 2.113955707672849627e-01 -7.075146106217899966e-01 -4.898247641590534607e-01 2.834963850296476351e-01 1.534198767444729938e-01 8.752897482863748468e-01 7.946503889510013741e-01 1.071670401763692992e-01
