1.615250770656838919e-01 -6.388911224871762773e-01 1.449234167832889608e-01 -2.268839541128655768e-01 -8.745354656976583874e-01 6.126475600793247489e-01 -7.737440138473146156e-01 2.499176724614249889e-01 -9.956830997003491834e-01 -3.949590812144705421e-01
5.890187863987721428e-01 -4.491970597341189975e-01 1.125827858489408667e-01 -9.112921715218986751e-01 -5.801890795380409971e-01 -5.925234692466654352e-01 -1.146416883217417776e-01 -7.082891515426577023e-01 -2.779644514810752365e-01 9.235475020928021195e-01
1.229284170826658446e-01 -2.019051993829740765e-01 -4.252452565350169911e-01 -6.920297957966713431e-01 -5.098922409224513341e-01 3.975612561458079508e-01 1.430219241962875920e-01 7.553055987908527946e-01 3.007748031643873721e-01 3.474193149612376796e-01
1.963767624022764169e-01 -8.186105270294787850e-01 2.737308900009449153e-01 -4.309234920241301892e-02 -3.668887429749907447e-01 -1.845724412366645806e-01 1.004819027383137220e+00 -1.548964348951998027e-01 -1.866330352407445659e-01 9.389754139764405760e-01
5.697517627479612573e-03 -8.703514289060340081e-01 -2.372217183112786953e-01 2.950658147428003031e-01 -4.103909390125565215e-01 -1.734624909598166398e-01 2.924050430194932715e-01 -2.129324174969146333e-01 -9.078092685427996411e-01 -3.419276422869542420e-02
6.046593325912552608e-01 -8.681715853536808858e-01 -5.428048287499415148e-02 1.776635478506603250e-01 6.301984516567784578e-01 4.594646277028721082e-01 -4.970220231908562547e-01 -2.961847381212636132e-01 4.452971595568619434e-01 -9.911218492683407932e-01
-7.664447529027960115e-01 -4.394751260056365405e-01 3.439310703795787627e-01 9.074213981512689875e-01 -5.596796729323170183e-01 1.794475669337627644e-01 -6.797898705758921301e-01 -4.943806908552037527e-01 8.334087833449572713e-01 6.484302632593632598e-01
3.549667300538453252e-01 -5.159484212272097414e-01 -2.632282699165712225e-01 9.078280022684325212e-01 1.202861351063241602e-01 5.027431654908014469e-01 9.527896533209264662e-01 3.433680262761399371e-01 5.247692965941543886e-01 -7.744944034484771977e-01
-6.523408597974172940e-01 -9.293796867318029897e-02 -5.454898989432845069e-02 1.360889489455044676e-01 -5.462696783420556423e-01 -6.548877947217288664e-01 -4.732219297517470391e-01 -2.625722663098669085e-01 -1.962687417406394352e-01 -4.041130578306156851e-01
-4.667112211115664322e-01 4.668025774921450571e-02 -1.114274438547579321e-01 -3.156560979037405928e-02 9.704200948145168260e-02 -5.414109437108237666e-01 5.149601392357358032e-01 -1.836237453901556071e-01 -1.466845642022097107e-01 5.320681464917835779e-01
4.318247646687183305e-01 1.933839600843431372e-01 1.117741567038115294e-02 4.314017942937312111e-01 5.608605445690856284e-01 -2.999017122110312905e-01 8.127798753151143085e-01 8.067989708087562883e-01 2.979337450646724061e-01 3.753949227018658075e-01
-2.352375909913268226e-01 1.097680817522045660e-01 9.853561889584047107e-01 5.239353109684754539e-01 4.713336960430004607e-01 2.316034251671439670e-01 -1.370053815674663056e-01 3.913864282240596126e-01 9.213708339326521779e-01 -9.114748733494985045e-01
2.877947412638607316e-01 -6.419559816497886207e-01 -8.813521011220366574e-01 6.067631998715347086e-01 -4.053667249051418064e-01 9.674078378370206677e-01 4.176936025445706496e-02 -3.603366337673346437e-02 -6.611711895045907506e-01 2.908613453967287543e-01
1.993351664367612186e-01 1.970616705615120257e-01 2.271368293234480862e-01 -2.662036001778566030e-01 -2.926462583289690667e-01 -9.715999235507241649e-02 6.625884274403272267e-02 -6.812146854906045990e-01 6.819176843959903200e-01 8.836251703559921955e-01
-9.549290664773588677e-01 -2.019774708789716100e-01 2.552633000076686698e-01 -7.231719501211170131e-01 -4.875286795950820040e-01 2.581428086724455451e-01 1.860897349361826381e-01 8.210058411374514531e-01 8.293964434203002778e-01 1.029725891401479104e-01
