1.611130699996253246e-01 -6.388202496986411516e-01 1.440057237997796891e-01 -2.245545265610105201e-01 -8.752294352932976640e-01 6.133229612977372236e-01 -7.746154929356162677e-01 2.518311904523879430e-01 -9.962131961457090235e-01 -3.955701403747184375e-01
5.891502666466846838e-01 -4.491827405184679600e-01 1.118542910269550716e-01 -9.105118905545496188e-01 -5.804303442401639312e-01 -5.921524050312686471e-01 -1.152620996408087461e-01 -7.072949412115853152e-01 -2.784791694214264202e-01 9.233363603450132073e-01
1.175550906019354330e-01 -2.012749140769148903e-01 -4.290833407292415358e-01 -6.737786015888813651e-01 -5.152594171666372569e-01 4.017001859087165339e-01 1.388087724675140244e-01 7.674861600302892439e-01 2.993053280190066112e-01 3.426830341034018956e-01
1.843863501643081826e-01 -8.168475270965634971e-01 2.553074441639337500e-01 1.234211080043478431e-02 -3.833320204472399073e-01 -1.696742286806068867e-01 9.867442950796444512e-01 -1.122245623278553955e-01 -1.965135029652345378e-01 9.244861288869473670e-01
-5.245877245691567270e-03 -8.690110314132520886e-01 -2.466076310447286590e-01 3.345774178641930940e-01 -4.220327447325761261e-01 -1.641318284859334953e-01 2.824439818233639432e-01 -1.856595913845349999e-01 -9.118527490057772855e-01 -4.446274682563425285e-02
6.113324786122991128e-01 -8.681515868473473896e-01 -7.171140544468010414e-02 1.881115179282482897e-01 6.268073519427016516e-01 4.670732956793455792e-01 -5.113176016945751856e-01 -2.764327993081587831e-01 4.322589774310318655e-01 -9.940667502931248567e-01
-7.776944869518628289e-01 -4.377623287101493066e-01 3.250224671212199046e-01 9.618530522767525515e-01 -5.758426113920337430e-01 1.943577545263240891e-01 -6.981760867516626501e-01 -4.517941905563565563e-01 8.230517695945189782e-01 6.341905383654220518e-01
3.407849633622860308e-01 -5.140909483668567592e-01 -2.787216119979612494e-01 9.639995064593970264e-01 1.036906426379681778e-01 5.167474717548427021e-01 9.369514365324206340e-01 3.839438036122154729e-01 5.172995780096950602e-01 -7.891276479071972494e-01
-6.621692854318043109e-01 -9.153482658107767178e-02 -6.848991345746781312e-02 1.797966621352723171e-01 -5.592222631119825316e-01 -6.433424473349766970e-01 -4.870165939598111171e-01 -2.294181981457051600e-01 -2.035905446874389790e-01 -4.155282694071736893e-01
-4.625589318921248250e-01 4.687705721848694357e-02 -1.273713863874328667e-01 -1.745965333806124425e-02 9.262238857008361914e-02 -5.337487109765438609e-01 5.015802029938267736e-01 -1.633231971867033505e-01 -1.582108122790861215e-01 5.282085761607568930e-01
4.203640440348468399e-01 1.950992371778492440e-01 -7.266124388116838688e-03 4.856314888427515908e-01 5.447658360545339917e-01 -2.851826653991515470e-01 7.947699406205961381e-01 8.488961874389675533e-01 2.879313417082483562e-01 3.612140874944893554e-01
-2.459154606689386013e-01 1.114329737358332323e-01 9.663258724728147619e-01 5.772154877645755411e-01 4.555017648399460883e-01 2.463776269640184646e-01 -1.554096315855010846e-01 4.335096806590568730e-01 9.108152047870172741e-01 -9.254213633184388277e-01
2.644458231850817520e-01 -6.398803592483407465e-01 -8.796918061727999616e-01 6.587140607417376614e-01 -4.203808123164747834e-01 9.748606563440553874e-01 3.959445661676608968e-02 -1.191974401706039424e-02 -6.552776207038966128e-01 2.775728069911990170e-01
2.055699264764100920e-01 1.970740709945166536e-01 2.110247860425174538e-01 -2.567012318685755190e-01 -2.957358554131169215e-01 -9.015097192189465425e-02 5.305527169264983439e-02 -6.630333797396518181e-01 6.698523883527381928e-01 8.809428326578860879e-01
-9.663156070573117873e-01 -2.002807079023065373e-01 2.371440885165300716e-01 -6.695990071929958098e-01 -5.034263604003235137e-01 2.726488743241916035e-01 1.683766740088762648e-01 8.625085392216412794e-01 8.195960142465806841e-01 8.896503994530706450e-02
