1.777307011171898044e-01 -6.398091656693256635e-01 1.432070178225566537e-01 -2.445489506384693756e-01 -8.678393069822916139e-01 6.145241538190184816e-01 -7.725746253694342203e-01 2.476962323417475353e-01 -9.991203016122912617e-01 -3.859157273562579538e-01
6.197500400883184657e-01 -4.509564415773800183e-01 1.107478729357735253e-01 -9.457598556140612844e-01 -5.670747919093077627e-01 -5.893399432291654971e-01 -1.111647357596774049e-01 -7.138404349577109897e-01 -2.834642348845127779e-01 9.412642760897009797e-01
1.578155462342051563e-01 -2.038377890480144172e-01 -4.323046972160028423e-01 -7.277627548624177045e-01 -4.964628950948696828e-01 4.024899524354905167e-01 1.425553454956890731e-01 7.536952137729574508e-01 2.909625318146596418e-01 3.655428722409007070e-01
2.441254855039296234e-01 -8.210404076387829431e-01 2.475228213832721957e-01 -8.070768126983107749e-02 -3.533576341207023130e-01 -1.734556053975752077e-01 9.895051551565676728e-01 -1.415012821261437959e-01 -2.119284797793413166e-01 9.571668418207770479e-01
2.568882494993123683e-02 -8.713228848689337225e-01 -2.517222832563753565e-01 2.817245285788679277e-01 -4.057596712545911699e-01 -1.678761453096559997e-01 2.828645081220855784e-01 -2.039982098787042064e-01 -9.209298321925892816e-01 -2.798653586736743817e-02
6.477984493417747736e-01 -8.704158982362586450e-01 -7.418992405189495098e-02 1.411079093042197641e-01 6.435277222696498267e-01 4.685126934659201159e-01 -5.075150718990357745e-01 -2.876356152394613508e-01 4.251462495275947218e-01 -9.731802850219219980e-01
-7.188356322436693091e-01 -4.418922099543185489e-01 3.173619174925569886e-01 8.702147341126982294e-01 -5.463164036085825792e-01 1.906475336383474939e-01 -6.954471885856835511e-01 -4.806120406220750207e-01 8.078733991675710602e-01 6.663935489752648156e-01
3.999953633470222369e-01 -5.182583045767633623e-01 -2.865265864536449825e-01 8.713886936461721078e-01 1.334616299482548341e-01 5.128524332731743129e-01 9.396047390869690652e-01 3.546644112417104422e-01 5.019308606908429171e-01 -7.567729890986355512e-01
-6.374166006305155285e-01 -9.355262685747221807e-02 -7.387625618512508319e-02 1.319309830935833650e-01 -5.453039508443331407e-01 -6.484713220165926328e-01 -4.878850592059513769e-01 -2.478870225256612492e-01 -2.121608440176636634e-01 -4.028782227758119228e-01
-4.330648470207694722e-01 4.496896360325520342e-02 -1.299668496917326388e-01 -5.802247029647832066e-02 1.065557415258612944e-01 -5.335584527353172124e-01 5.041054964554457785e-01 -1.741171306152596021e-01 -1.645605863431572613e-01 5.448581428299168472e-01
4.796181864752427915e-01 1.909499663954816462e-01 -1.491382618285986943e-02 3.936547849908811347e-01 5.744457486583945949e-01 -2.888118140671219192e-01 7.975770451421876350e-01 8.200733916852677163e-01 2.727159954679973519e-01 3.936598831378065322e-01
-2.143873368027426618e-01 1.088919977216976503e-01 9.596896897845528240e-01 5.172152839514529976e-01 4.730741537255260254e-01 2.402149987038664225e-01 -1.563066993672283800e-01 4.106440901106361840e-01 9.001258579346105293e-01 -9.092160812603105047e-01
3.208128078960376661e-01 -6.438015032866521992e-01 -8.867669394429582574e-01 5.720804291800107855e-01 -3.922857090380647005e-01 9.717379272241384314e-01 4.245098855468756177e-02 -3.875169939082859227e-02 -6.695495971649142453e-01 3.085201309773051848e-01
2.391115724573171786e-01 1.949926208121061655e-01 2.087548785341069579e-01 -2.998930223623007540e-01 -2.803631774226924556e-01 -8.881076547181880609e-02 5.656203839065283151e-02 -6.733089114356622940e-01 6.633200057384138759e-01 9.001584066096833814e-01
-9.288646954882369133e-01 -2.031651621218982240e-01 2.302924672726317790e-01 -7.364272197115304674e-01 -4.832680258966512987e-01 2.670284998357534967e-01 1.682714821317630449e-01 8.383722588639255235e-01 8.079404778117208474e-01 1.086398586635342750e-01
