1.631194794282770089e-01 -6.389263037120903599e-01 1.429504018350455929e-01 -2.262836509639614968e-01 -8.746242314418917196e-01 6.137330563329969069e-01 -7.752192757831339875e-01 2.522597546746238040e-01 -9.972500487790431078e-01 -3.947876661769363915e-01
5.905308660630618212e-01 -4.492226461327714637e-01 1.108051114691858408e-01 -9.104723124308479187e-01 -5.803079995233466626e-01 -5.913982606045412593e-01 -1.159550825299656140e-01 -7.059120236492416600e-01 -2.793650003506363833e-01 9.237482252280682093e-01
1.412283695132115768e-01 -2.021146372183076079e-01 -4.455552458344355093e-01 -6.788791676724460489e-01 -5.117790526125878259e-01 4.124129287324985738e-01 1.282307392133097690e-01 7.860844681335833473e-01 2.849262316455150601e-01 3.503402313300506554e-01
2.337860243970263374e-01 -8.193595742681597516e-01 2.283564223239650803e-01 -2.654638821466480392e-02 -3.693126628112882170e-01 -1.581629525300582428e-01 9.710469260006284742e-01 -9.841235761745348309e-02 -2.225583602019405305e-01 9.433721300125961218e-01
3.218376886861809560e-02 -8.707899256077830108e-01 -2.682438516645779258e-01 3.097388223971445087e-01 -4.125172500795218355e-01 -1.536335994402098226e-01 2.695057661163866580e-01 -1.710993782410957786e-01 -9.322354357208253450e-01 -3.062929302203346721e-02
6.339833865654560530e-01 -8.687376795956709419e-01 -8.959513433025681484e-02 1.913119082138826088e-01 6.282043464426012580e-01 4.804255737464971365e-01 -5.232629577381774366e-01 -2.514861300056599469e-01 4.173678286971342910e-01 -9.875720611903668900e-01
-7.295037173887898296e-01 -4.402320124888926545e-01 2.989176636598659398e-01 9.232057596953374690e-01 -5.619963753645312865e-01 2.053145774877142837e-01 -7.133289279104364500e-01 -4.389487765978289935e-01 7.977438989114263856e-01 6.526874980628294409e-01
3.904108169700247211e-01 -5.166191375663048424e-01 -3.057507033608026226e-01 9.247604421896542526e-01 1.178154571410794799e-01 5.282452254242084866e-01 9.212211393879105037e-01 3.976665718748041423e-01 4.911596617110198792e-01 -7.701374178454368780e-01
-6.289277126009127361e-01 -9.349421002587493534e-02 -8.399799941521379765e-02 1.436279585874388476e-01 -5.473962298348724609e-01 -6.394354805371709194e-01 -4.953220489696937845e-01 -2.289742031655833121e-01 -2.197142226373187679e-01 -4.017902614906841974e-01
-4.515982361189851968e-01 4.618673038299399985e-02 -1.320524995211570518e-01 -3.103097738394131055e-02 9.691539958220012074e-02 -5.330921703893038988e-01 4.992131098325998662e-01 -1.646330724849874583e-01 -1.632965286213365064e-01 5.329077730505651367e-01
4.690070216531764258e-01 1.926386644644578761e-01 -3.393125066032941228e-02 4.478217853468822729e-01 5.584548780954836644e-01 -2.736622516278990891e-01 7.792039635172238743e-01 8.629243785585635207e-01 2.622176963368670899e-01 3.797610650450948810e-01
-1.985328804355529497e-01 1.090122480153276896e-01 9.405852141922633747e-01 5.394966349168264230e-01 4.690487372019466195e-01 2.572583048691805541e-01 -1.703716258696193198e-01 4.463877404462152088e-01 8.858924603868124636e-01 -9.072634631145776174e-01
3.099175792504471061e-01 -6.421372747443078177e-01 -9.050409223980796503e-01 6.249769010356558407e-01 -4.079687785223004570e-01 9.862471641849849258e-01 2.468038475340567084e-02 2.616639943607924901e-03 -6.795403039206006079e-01 2.947451526693624091e-01
2.127122866669926005e-01 1.965829561746240683e-01 2.083775769626329821e-01 -2.670791674028528129e-01 -2.925713238061932175e-01 -9.031220662367886454e-02 5.185917343679839059e-02 -6.652449145041080536e-01 6.667535107261879368e-01 8.841629384669797975e-01
-9.188682089391344565e-01 -2.027090289675780865e-01 2.114100619487553623e-01 -7.075287133357331948e-01 -4.898227591168321515e-01 2.834832984233949249e-01 1.534301628341265267e-01 8.752632718994071137e-01 7.946615063768922571e-01 1.071641731844052842e-01
