1.615350784444857801e-01 -6.388915150256624376e-01 1.449089753455742036e-01 -2.268857241631849209e-01 -8.745352550246139334e-01 6.126522535012379755e-01 -7.737551612474928842e-01 2.499289178514178256e-01 -9.956948177835425184e-01 -3.949588490326080836e-01
5.890276614052204485e-01 -4.491974080642507361e-01 1.125699708305939323e-01 -9.112937422261294662e-01 -5.801888925913544215e-01 -5.925193044059399172e-01 -1.146515802826826858e-01 -7.082791726276824740e-01 -2.779748498537358836e-01 9.235477081259468868e-01
1.230218871592489854e-01 -2.019088679373892692e-01 -4.253802221548489970e-01 -6.920463381896936328e-01 -5.098902720313622794e-01 3.976051195484808232e-01 1.429177437258738470e-01 7.554106950465451220e-01 3.006652892508376307e-01 3.474214848676970280e-01
1.963666912707432710e-01 -8.186101317533068800e-01 2.737454321577449390e-01 -4.309056680721135707e-02 -3.668889551173346586e-01 -1.845771673919643086e-01 1.004830252528756906e+00 -1.549077587140454682e-01 -1.866212354319888023e-01 9.389751801752694860e-01
5.734013065041176915e-03 -8.703528612949171794e-01 -2.372744157041941360e-01 2.950593557572754322e-01 -4.103901702580584621e-01 -1.734453644725812982e-01 2.923643657033712651e-01 -2.128913826119783748e-01 -9.078520283044279049e-01 -3.419191698764677267e-02
6.047079307723886021e-01 -8.681734927563329318e-01 -5.435065596010485445e-02 1.776549469139556137e-01 6.301994753483092238e-01 4.594874337351997351e-01 -4.970761900596212257e-01 -2.961300951054741670e-01 4.452402196547898816e-01 -9.911207210622773323e-01
-7.664479712879315176e-01 -4.394749996890501831e-01 3.439357175496738916e-01 9.074219677430972464e-01 -5.596797407256691725e-01 1.794460566180732797e-01 -6.797862834077881278e-01 -4.943843095558563272e-01 8.334125541555139627e-01 6.484301885445994396e-01
3.549508189041625794e-01 -5.159477967394532349e-01 -2.632052950966323190e-01 9.078308182337244681e-01 1.202857999475014372e-01 5.027356987464589588e-01 9.528073876709919343e-01 3.433501360345081466e-01 5.247879388413261292e-01 -7.744947728255840991e-01
-6.524300321928574453e-01 -9.293446879603284305e-02 -5.442022988831980712e-02 1.361047307322113264e-01 -5.462715567050696608e-01 -6.549296413193939070e-01 -4.731225394180224031e-01 -2.626725303217780083e-01 -1.961642631913300128e-01 -4.041151279664702001e-01
-4.667739459674021818e-01 4.668271960176913898e-02 -1.113368726328630431e-01 -3.155450870588336759e-02 9.704068821999312089e-02 -5.414403790735591304e-01 5.150300515031318582e-01 -1.836942722125158578e-01 -1.466110728273170571e-01 5.320666903351737309e-01
4.318128600401179296e-01 1.933844273224091526e-01 1.119460529551748879e-02 4.314039011823986303e-01 5.608602938052258402e-01 -2.999072987852277050e-01 8.127931440515168138e-01 8.067855854352009581e-01 2.979476930843493743e-01 3.753946463360871011e-01
-2.352445411145099308e-01 1.097683545336766847e-01 9.853662245518011176e-01 5.239365410056535666e-01 4.713335496428250893e-01 2.316001636308004652e-01 -1.369976350551158628e-01 3.913786136169699059e-01 9.213789770220478514e-01 -9.114750346965063699e-01
2.878594001927722301e-01 -6.419585194116885773e-01 -8.814454650384603296e-01 6.067517564935730467e-01 -4.053653629035942063e-01 9.674381808167091812e-01 4.169729229563327172e-02 -3.596096191361194266e-02 -6.612469469299603331e-01 2.908628464528167368e-01
1.992345959463525107e-01 1.970656177960721234e-01 2.272820475480500924e-01 -2.661858011491235465e-01 -2.926483767860156848e-01 -9.720718782210388542e-02 6.637093723869379180e-02 -6.813277653377757259e-01 6.820355174864818348e-01 8.836228356135298334e-01
-9.549321240207682138e-01 -2.019773508751716296e-01 2.552677149312089222e-01 -7.231714089951587487e-01 -4.875287440003996386e-01 2.581413738361572063e-01 1.860931428322959991e-01 8.210024032846574560e-01 8.294000257811675603e-01 1.029725181593224292e-01
