1.611165784144883151e-01 -6.388205414050771580e-01 1.440049163903899254e-01 -2.245615003868099424e-01 -8.752274320452962941e-01 6.133221618767081829e-01 -7.746156569679296666e-01 2.518284437722608238e-01 -9.962144552997754809e-01 -3.955683654994397447e-01
5.891588211894193128e-01 -4.491834517841736818e-01 1.118523223264453331e-01 -9.105288947838537927e-01 -5.804254597349657319e-01 -5.921543542538157956e-01 -1.152624995996192614e-01 -7.073016384219903419e-01 -2.784822396077333284e-01 9.233406880106437287e-01
1.176289097284265173e-01 -2.012810517530859156e-01 -4.291003291009710119e-01 -6.739253350137801579e-01 -5.152172676423131259e-01 4.016833656168280475e-01 1.388053211304945134e-01 7.674283682537601514e-01 2.992788346717437653e-01 3.427203785303924444e-01
1.843810656386195013e-01 -8.168470877157562038e-01 2.553086603187580961e-01 1.235261507744432607e-02 -3.833350378257249225e-01 -1.696730245581957730e-01 9.867445421521852111e-01 -1.122204251598587221e-01 -1.965116063731066620e-01 9.244834554933006876e-01
-5.319653443782549479e-03 -8.690048973063541071e-01 -2.465906525523306470e-01 3.347240659584808098e-01 -4.220748697454798082e-01 -1.641150179756321881e-01 2.824474311533104465e-01 -1.856018332159422857e-01 -9.118262710653211034e-01 -4.450006953553631295e-02
6.113540735081213207e-01 -8.681533823505428460e-01 -7.171637518809381717e-02 1.880685928331552736e-01 6.268196822780767175e-01 4.670683751056637356e-01 -5.113186113416263723e-01 -2.764497055959034832e-01 4.322512271215752655e-01 -9.940558256310659813e-01
-7.777002956369409858e-01 -4.377618457482167491e-01 3.250238039035154847e-01 9.618645984477274258e-01 -5.758459280570313865e-01 1.943590780827402498e-01 -6.981758151725909745e-01 -4.517896430326195367e-01 8.230538543050571754e-01 6.341875998042912910e-01
3.407848713940782592e-01 -5.140909407201789127e-01 -2.787215908328489755e-01 9.639996892685244179e-01 1.036905901256127277e-01 5.167474927105512039e-01 9.369514408322991983e-01 3.839438756126083430e-01 5.172996110166647732e-01 -7.891276944330799514e-01
-6.623059056240321318e-01 -9.152346732314309286e-02 -6.845847235647348206e-02 1.800682279159693810e-01 -5.593002710265866373e-01 -6.433113173064818335e-01 -4.870102064238233108e-01 -2.293112404506754409e-01 -2.035415123245831737e-01 -4.155973843240876597e-01
-4.625020309325716950e-01 4.687232619984504911e-02 -1.273844812951973049e-01 -1.757275780125566733e-02 9.265487809539704744e-02 -5.337616763256872732e-01 5.015775426482295130e-01 -1.633677440093913580e-01 -1.582312337735237440e-01 5.282373618404407889e-01
4.203429162885099490e-01 1.951009938399963506e-01 -7.261262152194544392e-03 4.856734853648965733e-01 5.447537724539406323e-01 -2.851778512693016743e-01 7.947709284265556118e-01 8.489127280030855927e-01 2.879389243598888259e-01 3.612033991591207527e-01
-2.459437359947519441e-01 1.114353246820137394e-01 9.663323796176228608e-01 5.772716918351726845e-01 4.554856200873624306e-01 2.463840697283267156e-01 -1.554083096018451515e-01 4.335318169452521686e-01 9.108253526722789317e-01 -9.254356675494784801e-01
2.644036550925303319e-01 -6.398768531909118096e-01 -8.796821018147908955e-01 6.587978800570781779e-01 -4.204048896136087787e-01 9.748702646889221279e-01 3.959642814238259478e-02 -1.188673131293846788e-02 -6.552624867681202669e-01 2.775514745353915291e-01
2.056487556086334656e-01 1.970675167624439117e-01 2.110066446926399941e-01 -2.568579238954627475e-01 -2.956908452567518775e-01 -9.016893378457629948e-02 5.305158611798659052e-02 -6.630950937670317957e-01 6.698240969373057130e-01 8.809827116013655424e-01
-9.663094368382899590e-01 -2.002812209239048791e-01 2.371426685325858374e-01 -6.696112720004039343e-01 -5.034228373053059036e-01 2.726474683893086448e-01 1.683763855266584564e-01 8.625037086589429913e-01 8.195937997831617139e-01 8.896816140318294930e-02
