1.777195822468596864e-01 -6.398085252894057939e-01 1.432073881168392238e-01 -2.445362795412682200e-01 -8.678441379044056214e-01 6.145230795494118770e-01 -7.725761437649113494e-01 2.476985176451221293e-01 -9.991185222836369562e-01 -3.859222548123055208e-01
6.197783897173239076e-01 -4.509580743451535034e-01 1.107469288015923842e-01 -9.457921629343266634e-01 -5.670624745743967354e-01 -5.893372041788936810e-01 -1.111608643278518133e-01 -7.138462617639341756e-01 -2.834687716140302238e-01 9.412809190535814663e-01
1.578359457353375739e-01 -2.038389639363361039e-01 -4.323053765852564179e-01 -7.277860021936688462e-01 -4.964540319281800507e-01 4.024919233698935339e-01 1.425581312562327063e-01 7.536910209865147481e-01 2.909592673268276974e-01 3.655548479941094220e-01
2.441581512815651223e-01 -8.210422889907049715e-01 2.475217335074056946e-01 -8.074490728571952214e-02 -3.533434415073462009e-01 -1.734524493348594543e-01 9.895096160026380927e-01 -1.415079960466813780e-01 -2.119337072127437938e-01 9.571860186275427118e-01
2.566654368541895770e-02 -8.713216016023822563e-01 -2.517215412183254064e-01 2.817499203731795299e-01 -4.057693520090442374e-01 -1.678782980540042824e-01 2.828614653875041185e-01 -2.039936303263334971e-01 -9.209262665702533379e-01 -2.799961633062214919e-02
6.478094380677008601e-01 -8.704165311206452094e-01 -7.419029001194867023e-02 1.410953865199626178e-01 6.435324966466778873e-01 4.685137551613916540e-01 -5.075135712761081885e-01 -2.876378737937655417e-01 4.251444910256665377e-01 -9.731738339685891415e-01
-7.188830026706266585e-01 -4.418894817032174571e-01 3.173634950807242561e-01 8.702687175900314376e-01 -5.463369850918039505e-01 1.906429568595541524e-01 -6.954536575020309197e-01 -4.806023043994762101e-01 8.078809797540468240e-01 6.663657396411565292e-01
3.999575259077990941e-01 -5.182561253683024560e-01 -2.865253263447493648e-01 8.714318133027563196e-01 1.334451903535428807e-01 5.128487775410952576e-01 9.395995719976085736e-01 3.546721881133687027e-01 5.019369157340096699e-01 -7.567952019866489577e-01
-6.374431007394742998e-01 -9.355110061090678164e-02 -7.387537364593324551e-02 1.319611826953854261e-01 -5.453154646005505812e-01 -6.484738823721666323e-01 -4.878886780668960643e-01 -2.478815758582721407e-01 -2.121566032628197096e-01 -4.028937799584525470e-01
-4.331223893292731608e-01 4.497227769342958259e-02 -1.299649333470669355e-01 -5.795689491313620739e-02 1.065307405678151409e-01 -5.335640122886966541e-01 5.040976384646264075e-01 -1.741053037274642445e-01 -1.645513779725841508e-01 5.448243619800211546e-01
4.796421065241037174e-01 1.909485887448283681e-01 -1.491462279771996365e-02 3.936275256331249750e-01 5.744561414311836200e-01 -2.888095029886834086e-01 7.975803116695348027e-01 8.200684753073660405e-01 2.727121675945635704e-01 3.936739256675743093e-01
-2.144735238863884064e-01 1.088969615782841571e-01 9.596925600927189715e-01 5.173135030044624383e-01 4.730367071975993820e-01 2.402066715841416067e-01 -1.563184690950973621e-01 4.106618044671538903e-01 9.001396502662958321e-01 -9.092666783428969834e-01
3.208404289961588329e-01 -6.438030940955525860e-01 -8.867678593147753086e-01 5.720489520933961236e-01 -3.922737082340775894e-01 9.717405958862849191e-01 4.245476049844196936e-02 -3.875737645976120443e-02 -6.695540173095376746e-01 3.085363462502305754e-01
2.391842142091858692e-01 1.949884370849951365e-01 2.087524593292241493e-01 -2.999758051155357319e-01 -2.803316160648308131e-01 -8.880374705862692508e-02 5.657195836491411833e-02 -6.733238417690283750e-01 6.633083810367347288e-01 9.002010517551396473e-01
-9.291021651779178825e-01 -2.031514852989526332e-01 2.303003757800400064e-01 -7.361565985574979321e-01 -4.833712016277495471e-01 2.670055562756126766e-01 1.682390532165885799e-01 8.384210669053073772e-01 8.079784795700675204e-01 1.085004494505486805e-01
