1.635867203967345251e-01 -6.389278044187132188e-01 1.424780645879670238e-01 -2.258239757405250958e-01 -8.746895854038874152e-01 6.141596117235036401e-01 -7.755545488787112252e-01 2.531227473683862472e-01 -9.976124191179002176e-01 -3.946942171303943203e-01
5.940959167291698373e-01 -4.492340965309741252e-01 1.072011761745473579e-01 -9.069649884328788714e-01 -5.808066505438577165e-01 -5.881436410790360503e-01 -1.185132177394307013e-01 -6.993273855600329325e-01 -2.821298876467682182e-01 9.244612418685436150e-01
1.390074500908777821e-01 -2.021075039643531746e-01 -4.433101024571508564e-01 -6.810641251154242459e-01 -5.114684080130740274e-01 4.103853985811830585e-01 1.298243805676020102e-01 7.819824364961683871e-01 2.866486733361535699e-01 3.498960433917603363e-01
2.330410233918899787e-01 -8.193571814387250463e-01 2.291095491848192667e-01 -2.727932587770180370e-02 -3.692084579776726549e-01 -1.588430816628328968e-01 9.715815083897215709e-01 -9.978837228158021766e-02 -2.219805721120574615e-01 9.432231284517255121e-01
2.687442501644459955e-02 -8.707728728062954504e-01 -2.628765978742947373e-01 3.045154494775874632e-01 -4.117746211583400706e-01 -1.584806256923695367e-01 2.733155350985003174e-01 -1.809057207119290078e-01 -9.281177558496173097e-01 -3.169117148356413727e-02
6.318742891821997887e-01 -8.687309054970260291e-01 -8.746303265450558473e-02 1.892369621446240713e-01 6.284993502619062866e-01 4.785001285936427706e-01 -5.217495553263713504e-01 -2.553816266659643119e-01 4.190035464210667970e-01 -9.879938845167339778e-01
-7.378885513416054698e-01 -4.402050816829616853e-01 3.073939524569688220e-01 9.149566961907782403e-01 -5.608235712730955669e-01 1.976598631913967785e-01 -7.073123124485214408e-01 -4.544355402341154204e-01 8.042467856997433939e-01 6.510105159675069197e-01
3.903916588287136280e-01 -5.166190760332812770e-01 -3.057313362583075067e-01 9.247415942643174569e-01 1.178181368299845155e-01 5.282277355014491915e-01 9.212348864901050982e-01 3.976311868441803621e-01 4.911745198733545870e-01 -7.701412495086683574e-01
-6.352844135355441013e-01 -9.347379327341506783e-02 -7.757196483635897533e-02 1.373741877931279609e-01 -5.465071049093078726e-01 -6.452386639747389463e-01 -4.907607391876163128e-01 -2.407150110855945102e-01 -2.147842613813518431e-01 -4.030616132804376028e-01
-4.426802623249064261e-01 4.615808721332632925e-02 -1.410677432086271943e-01 -2.225740684297115163e-02 9.566802411694125263e-02 -5.249507400545032620e-01 4.928139349270085900e-01 -1.481616011307914094e-01 -1.702128938457901641e-01 5.346913840872754564e-01
4.625060857946310389e-01 1.926595444774624744e-01 -2.735940796212450038e-02 4.414261151358820356e-01 5.593641774585917936e-01 -2.795971105572330195e-01 7.838687704082784036e-01 8.509171691585321051e-01 2.672595194837685262e-01 3.784608660072880659e-01
-1.989150930518114868e-01 1.090134756238707731e-01 9.409715956680964055e-01 5.391206112338885470e-01 4.691021980722118179e-01 2.569093738832634588e-01 -1.700973656577104143e-01 4.456817948687461506e-01 8.861888866949041432e-01 -9.073399063354784522e-01
3.008134536179882246e-01 -6.421080336833687729e-01 -8.958374964817067410e-01 6.160201928982910191e-01 -4.066953656138543871e-01 9.779357914104709337e-01 3.121313463917708975e-02 -1.419865330827570563e-02 -6.724795679981421248e-01 2.929243109251947752e-01
2.141024107211249028e-01 1.965784913084940300e-01 2.069722905833281112e-01 -2.657115527707346048e-01 -2.927657633368343504e-01 -8.904312931926211538e-02 5.086167701347759501e-02 -6.626773594669288503e-01 6.656753952385576767e-01 8.844409658151867193e-01
-9.182979988480525213e-01 -2.027108603952950117e-01 2.108336324768981251e-01 -7.069677363052107033e-01 -4.899025155832764655e-01 2.840038567744214704e-01 1.530210032884695703e-01 8.763164482596431659e-01 7.942192779811091397e-01 1.072782162434208347e-01
