1.631202314559377364e-01 -6.389263061274883526e-01 1.429496416048882113e-01 -2.262829111134211646e-01 -8.746243366295581856e-01 6.137337428769307213e-01 -7.752198154075650161e-01 2.522611436675001317e-01 -9.972506320166798499e-01 -3.947875157700316273e-01
5.905161680767154753e-01 -4.492225989250843154e-01 1.108199697690291780e-01 -9.104867724217603486e-01 -5.803059436855543263e-01 -5.914116787457764923e-01 -1.159445358533816722e-01 -7.059391707867707089e-01 -2.793536012768128018e-01 9.237452856039708449e-01
1.412882374326429324e-01 -2.021148295049204069e-01 -4.456157667436911884e-01 -6.788202691573348435e-01 -5.117874264624756586e-01 4.124675835797311785e-01 1.281877804318061198e-01 7.861950440045961663e-01 2.848798008748515964e-01 3.503522050232132923e-01
2.337880469349483126e-01 -8.193595807642426454e-01 2.283543777258697505e-01 -2.654439842645281086e-02 -3.693129457078563882e-01 -1.581611061070958557e-01 9.710454747097617689e-01 -9.840862199586342118e-02 -2.225599287881767918e-01 9.433725345238722637e-01
3.222001982919512481e-02 -8.707900420403312802e-01 -2.682804980206957013e-01 3.097744863682599381e-01 -4.125223205764598222e-01 -1.536005050762968560e-01 2.694797539030089895e-01 -1.710324228235879374e-01 -9.322635502778847671e-01 -3.062204276374952058e-02
6.339935562811592762e-01 -8.687377122592444545e-01 -8.960541496882051815e-02 1.913219132576475523e-01 6.282029239834026058e-01 4.804348579217856963e-01 -5.232702551121132251e-01 -2.514673465706830369e-01 4.173599415391702760e-01 -9.875700272286634940e-01
-7.295056980318113116e-01 -4.402320061273697904e-01 2.989196659061059136e-01 9.232038111236475775e-01 -5.619960983278895483e-01 2.053127693116026942e-01 -7.133275066816446852e-01 -4.389524348396612874e-01 7.977454350059286492e-01 6.526871019306099697e-01
3.904106301706188331e-01 -5.166191369663337696e-01 -3.057505145239430844e-01 9.247602584149759997e-01 1.178154832690992693e-01 5.282450548905890386e-01 9.212212734275587733e-01 3.976662268568511571e-01 4.911598065839410387e-01 -7.701374552056590161e-01
-6.289121983457220955e-01 -9.349425985529291605e-02 -8.401368288708786769e-02 1.436432216298572928e-01 -5.473983998458787914e-01 -6.394213172046979698e-01 -4.953331813675665440e-01 -2.289455483819009540e-01 -2.197262547712497960e-01 -4.017871586113280213e-01
-4.516370347873235325e-01 4.618685499839047387e-02 -1.320132776689857401e-01 -3.106914780935653847e-02 9.692082643229942007e-02 -5.331275906162133982e-01 4.992409501773388825e-01 -1.647047335112331035e-01 -1.632664381807671095e-01 5.329000132460786077e-01
4.690129825311547540e-01 1.926386453190283010e-01 -3.393727655464205684e-02 4.478276497040374338e-01 5.584540443351347916e-01 -2.736568098006504912e-01 7.791996862338795848e-01 8.629353882826480415e-01 2.622130733574651873e-01 3.797622572315709211e-01
-1.985229890434399014e-01 1.090122162456870630e-01 9.405752149130137685e-01 5.395063661437234925e-01 4.690473536724449888e-01 2.572673349562453748e-01 -1.703787235298785396e-01 4.464060098183399994e-01 8.858847890836653027e-01 -9.072614848181003167e-01
3.099369455109071692e-01 -6.421373369457783475e-01 -9.050604998897155973e-01 6.249959537101965612e-01 -4.079714873212619275e-01 9.862648441046643066e-01 2.466648831338319123e-02 2.652409369687455665e-03 -6.795553234904565532e-01 2.947490259568035231e-01
2.126996062497896467e-01 1.965829969021872792e-01 2.083903956873548735e-01 -2.670916424938755140e-01 -2.925695501699756562e-01 -9.032378287806780426e-02 5.186827238790896188e-02 -6.652683351973665005e-01 6.667633450673284834e-01 8.841604023603937268e-01
-9.188822624298639274e-01 -2.027089838299124536e-01 2.114242687233559015e-01 -7.075425392669490998e-01 -4.898207934259765639e-01 2.834704686575336696e-01 1.534402470468960167e-01 8.752373151433857634e-01 7.946724056099252476e-01 1.071613624606076731e-01
