1.615446787218333402e-01 -6.388918918215433784e-01 1.448951130761705897e-01 -2.268874232263162760e-01 -8.745350528005308988e-01 6.126567586952685884e-01 -7.737658615854698940e-01 2.499397122493654810e-01 -9.957060659175114292e-01 -3.949586261623100336e-01
5.890362589840388852e-01 -4.491977455057816204e-01 1.125575564023971603e-01 -9.112952638310435338e-01 -5.801887114885144747e-01 -5.925152697557555248e-01 -1.146611630265775283e-01 -7.082695056478867102e-01 -2.779849231792094755e-01 9.235479077186132812e-01
1.231119669522241222e-01 -2.019124034284717206e-01 -4.255102923927011060e-01 -6.920622805681876377e-01 -5.098883745545634838e-01 3.976473919673810808e-01 1.428173420192530574e-01 7.555119793216982238e-01 3.005597475521349371e-01 3.474235760687720553e-01
1.963569681719387616e-01 -8.186097501368757579e-01 2.737594717745379103e-01 -4.308884600706120588e-02 -3.668891599285779570e-01 -1.845817302233396795e-01 1.004841089761851824e+00 -1.549186912104703884e-01 -1.866098433946562496e-01 9.389749544536731829e-01
5.772066967692642339e-03 -8.703543548511192274e-01 -2.373293634344852687e-01 2.950526209536173394e-01 -4.103893686754282455e-01 -1.734275066327645998e-01 2.923219513433511496e-01 -2.128485954138787661e-01 -9.078966140366487858e-01 -3.419103356685388589e-02
6.047577689195694495e-01 -8.681754488257144020e-01 -5.442261948759335999e-02 1.776461265272788748e-01 6.302005251589809509e-01 4.595108216556784697e-01 -4.971317389776028217e-01 -2.960740578917387955e-01 4.451818269505002923e-01 -9.911195640704202336e-01
-7.664509045865244286e-01 -4.394748845616650579e-01 3.439399530705722907e-01 9.074224868801297195e-01 -5.596798025138443045e-01 1.794446800870802272e-01 -6.797830139932498072e-01 -4.943876077097704713e-01 8.334159909453429105e-01 6.484301204481155434e-01
3.549356198734882062e-01 -5.159472002012548408e-01 -2.631833485371471437e-01 9.078335081677457730e-01 1.202854797890384186e-01 5.027285661835352304e-01 9.528243283029393940e-01 3.433330464880733346e-01 5.248057467365602191e-01 -7.744951256708586529e-01
-6.525143986646430028e-01 -9.293115754387733241e-02 -5.429840937020511543e-02 1.361196619635229588e-01 -5.462733338341850819e-01 -6.549692326052823921e-01 -4.730285057011466843e-01 -2.627673906301757345e-01 -1.960654154869591048e-01 -4.041170865328774786e-01
-4.668367673685492325e-01 4.668518524357633676e-02 -1.112461620048795230e-01 -3.154339053474267823e-02 9.703936492486550658e-02 -5.414698597428354576e-01 5.151000713786128005e-01 -1.837649075888763972e-01 -1.465374683354220831e-01 5.320652319372658479e-01
4.318014086656548622e-01 1.933848767709586969e-01 1.121114044675339955e-02 4.314059278538632802e-01 5.608600525888927102e-01 -2.999126726574613544e-01 8.128059075970498482e-01 8.067727096933315911e-01 2.979611100502791432e-01 3.753943804925966576e-01
-2.352512405859151501e-01 1.097686174774582801e-01 9.853758982178961734e-01 5.239377266823223023e-01 4.713334085224790693e-01 2.315970197196934588e-01 -1.369901679158127550e-01 3.913710808387210194e-01 9.213868264360969285e-01 -9.114751902246369664e-01
2.879216010328683462e-01 -6.419609606974443494e-01 -8.815352796106156186e-01 6.067407481497179011e-01 -4.053640526802128052e-01 9.674673702706549916e-01 4.162796408902181416e-02 -3.589102428614884821e-02 -6.613198243435028933e-01 2.908642904444088684e-01
1.991358694686916342e-01 1.970694926560140336e-01 2.274246031202548368e-01 -2.661683284749279954e-01 -2.926504564000400599e-01 -9.725351793546657686e-02 6.648097642193824541e-02 -6.814387718065745281e-01 6.821511900453890442e-01 8.836205436797963664e-01
-9.549353914583189606e-01 -2.019772226333546583e-01 2.552724329302779038e-01 -7.231708307220031662e-01 -4.875288128270114929e-01 2.581398405012736430e-01 1.860967846735517850e-01 8.209987294302556471e-01 8.294038540638279944e-01 1.029724423058075294e-01
