1.611197030753844517e-01 -6.388208012043682382e-01 1.440041972962559924e-01 -2.245677114084885795e-01 -8.752256479145879009e-01 6.133214498971599760e-01 -7.746158030582227516e-01 2.518259975267845840e-01 -9.962155767262964590e-01 -3.955667847618145605e-01
5.891670732964727764e-01 -4.491841379039264726e-01 1.118504232269999787e-01 -9.105452978488607352e-01 -5.804207479156376914e-01 -5.921562345639187486e-01 -1.152628854183618684e-01 -7.073080988604890651e-01 -2.784852012512559205e-01 9.233448626768043788e-01
1.177002772411278181e-01 -2.012869855903299254e-01 -4.291167532703266674e-01 -6.740671952614278872e-01 -5.151765179497126423e-01 4.016671039451983338e-01 1.388019844161457461e-01 7.673724958052292600e-01 2.992532211974701650e-01 3.427564827081883148e-01
1.843759774844600519e-01 -8.168466646622194460e-01 2.553098312816018400e-01 1.236272901839319260e-02 -3.833379430792507314e-01 -1.696718651806441436e-01 9.867447800435779071e-01 -1.122164417278932458e-01 -1.965097802578235076e-01 9.244808814422308396e-01
-5.390412873758073514e-03 -8.689990140280239306e-01 -2.465743683241511663e-01 3.348647174941697946e-01 -4.221152722327033979e-01 -1.640988948606262876e-01 2.824507394373793612e-01 -1.855464368253474383e-01 -9.118008758291598070e-01 -4.453586608979293038e-02
6.113768690473773137e-01 -8.681552776809910998e-01 -7.172162124169895181e-02 1.880232811679209137e-01 6.268326981613854265e-01 4.670631809555529368e-01 -5.113196771235213323e-01 -2.764675518475887550e-01 4.322430459066752273e-01 -9.940442935743765140e-01
-7.777052853968657864e-01 -4.377614308756485606e-01 3.250249522223926379e-01 9.618745168062613482e-01 -5.758487771290445867e-01 1.943602150403605788e-01 -6.981755818815189585e-01 -4.517857366318773771e-01 8.230556451070989432e-01 6.341850755299728304e-01
3.407848126829017277e-01 -5.140909358386501760e-01 -2.787215773213467807e-01 9.639998059712331369e-01 1.036905566024828584e-01 5.167475060883730542e-01 9.369514435772796634e-01 3.839439215766200508e-01 5.172996320878378018e-01 -7.891277241345320270e-01
-6.624337433064981795e-01 -9.151283828518602670e-02 -6.842905241920248238e-02 1.803223363275830715e-01 -5.593732642705162572e-01 -6.432821884446863203e-01 -4.870042295050089898e-01 -2.292111584376762545e-01 -2.034956319643589362e-01 -4.156620562489182769e-01
-4.624472799080679986e-01 4.686777393711302753e-02 -1.273970814274536789e-01 -1.768158874689297611e-02 9.268614004265628148e-02 -5.337741517945409075e-01 5.015749828206250704e-01 -1.634106076833910515e-01 -1.582508836660939111e-01 5.282650598874704118e-01
4.203227159339956165e-01 1.951026733943400648e-01 -7.256613341677968336e-03 4.857136384707777532e-01 5.447422383790412326e-01 -2.851732484532655820e-01 7.947718728732682258e-01 8.489285425274425423e-01 2.879461741748408632e-01 3.611931799828693168e-01
-2.459710276827200282e-01 1.114375938438268154e-01 9.663386603928415530e-01 5.773259406868886945e-01 4.554700369760397161e-01 2.463902883627047125e-01 -1.554070336071607383e-01 4.335531831576028283e-01 9.108351475344114156e-01 -9.254494741670479252e-01
2.643621857352796978e-01 -6.398734052296864983e-01 -8.796725582602969995e-01 6.588803104664717747e-01 -4.204285679442152923e-01 9.748797138212343949e-01 3.959836699935175008e-02 -1.185426563715831494e-02 -6.552476036052513608e-01 2.775304955634393389e-01
2.057264691771099885e-01 1.970610552836906948e-01 2.109887600731320256e-01 -2.570123984687299190e-01 -2.956464720691985293e-01 -9.018664145693174039e-02 5.304795270035418675e-02 -6.631559344379548415e-01 6.697962058926055784e-01 8.810220261912571349e-01
-9.663037012092838829e-01 -2.002816978116052637e-01 2.371413485630564089e-01 -6.696226729547094525e-01 -5.034195623541408704e-01 2.726461614793161958e-01 1.683761173632479513e-01 8.624992183295998593e-01 8.195917412921140954e-01 8.897106300590897077e-02
