1.777098236399880515e-01 -6.398079632524630300e-01 1.432077131099566414e-01 -2.445251586042892500e-01 -8.678483778198232690e-01 6.145221367040999416e-01 -7.725774764024992969e-01 2.477005233684153318e-01 -9.991169606349876720e-01 -3.859279837106151523e-01
6.198057646830104073e-01 -4.509596509781938489e-01 1.107460171268467714e-01 -9.458233595254185166e-01 -5.670505807107955043e-01 -5.893345592974672531e-01 -1.111571259962721298e-01 -7.138518882439276458e-01 -2.834731523702950229e-01 9.412969898305594274e-01
1.578558594423622452e-01 -2.038401108458449962e-01 -4.323060397759977413e-01 -7.278086959125318334e-01 -4.964453798291104669e-01 4.024938473684272489e-01 1.425608506766218031e-01 7.536869280471681920e-01 2.909560805795710081e-01 3.655665385565035619e-01
2.441894562462114671e-01 -8.210440919680001004e-01 2.475206909510055397e-01 -8.078058251513899057e-02 -3.533298401394464605e-01 -1.734494247495322328e-01 9.895138910157752488e-01 -1.415144302741904447e-01 -2.119387168782010389e-01 9.572043965539624999e-01
2.564244904970369027e-02 -8.713202138965784327e-01 -2.517207387891593484e-01 2.817773786906263567e-01 -4.057798206362563942e-01 -1.678806260004649387e-01 2.828581750185361066e-01 -2.039886780649368681e-01 -9.209224107580646912e-01 -2.801376135353749949e-02
6.478200962196212220e-01 -8.704171449659613424e-01 -7.419064496282064269e-02 1.410832404588110156e-01 6.435371273960506233e-01 4.685147849178624702e-01 -5.075121157964425089e-01 -2.876400644039469046e-01 4.251427854247781246e-01 -9.731675769823898703e-01
-7.189338579497972503e-01 -4.418865527456313225e-01 3.173651887257220583e-01 8.703266724151558220e-01 -5.463590806721523307e-01 1.906380433855116574e-01 -6.954606023105940338e-01 -4.805918519220523377e-01 8.078891180138486616e-01 6.663358844859370578e-01
3.999180071246279389e-01 -5.182538493245631983e-01 -2.865240102416715673e-01 8.714768490238292697e-01 1.334280202492180989e-01 5.128449593629538228e-01 9.395941753035337296e-01 3.546803105579929838e-01 5.019432398389943595e-01 -7.568184019262600426e-01
-6.374697365180175268e-01 -9.354956655059094850e-02 -7.387448658850617744e-02 1.319915369066432254e-01 -5.453270373024320383e-01 -6.484764558357010156e-01 -4.878923154549102970e-01 -2.478761013062014407e-01 -2.121523407970669906e-01 -4.029094167874262000e-01
-4.331781271011120871e-01 4.497548785316764219e-02 -1.299630770992986351e-01 -5.789337598506365257e-02 1.065065236441016527e-01 -5.335693974935286077e-01 5.040900269017468682e-01 -1.740938477328987655e-01 -1.645424583780916994e-01 5.447916405033726983e-01
4.796651267413560293e-01 1.909472629190526738e-01 -1.491538944528211438e-02 3.936012917261060284e-01 5.744661432455130390e-01 -2.888072788490902987e-01 7.975834553156716522e-01 8.200637438752502728e-01 2.727084837192265132e-01 3.936874399412241821e-01
-2.145553037866753388e-01 1.089016716076703639e-01 9.596952836274492693e-01 5.174066996184051304e-01 4.730011755008486363e-01 2.401987702723444862e-01 -1.563296369769981708e-01 4.106786129986459422e-01 9.001527373260064246e-01 -9.093146881396518832e-01
3.208673139341996494e-01 -6.438046425059538169e-01 -8.867687546700180334e-01 5.720183139392448490e-01 -3.922620272774821615e-01 9.717431934228111245e-01 4.245843191173419295e-02 -3.876290222252363332e-02 -6.695583196477432608e-01 3.085521293510484764e-01
2.392541679180247571e-01 1.949844081729623646e-01 2.087501296448533439e-01 -3.000555245670592508e-01 -2.803012226067765345e-01 -8.879698835553528902e-02 5.658151125940402704e-02 -6.733382196187673863e-01 6.632971864967396325e-01 9.002421188551461562e-01
-9.293314964396388600e-01 -2.031382772004089454e-01 2.303080132515198386e-01 -7.358952519798104275e-01 -4.834708413780836600e-01 2.669833990242913568e-01 1.682077356869990936e-01 8.384682022248812761e-01 8.080151789534749662e-01 1.083658179918878112e-01
