1.631212186244944129e-01 -6.389263092981229963e-01 1.429486436691121409e-01 -2.262819399294764833e-01 -8.746244747068687708e-01 6.137346440865797392e-01 -7.752205237595294340e-01 2.522629669649193440e-01 -9.972513976186465623e-01 -3.947873183345184112e-01
5.905019218186176033e-01 -4.492225531682793038e-01 1.108343714135453101e-01 -9.105007879989813757e-01 -5.803039510319276673e-01 -5.914246844935520109e-01 -1.159343133185970626e-01 -7.059654835835540432e-01 -2.793425525423848255e-01 9.237424363263476712e-01
1.413484810062317909e-01 -2.021150229980769875e-01 -4.456766674044296273e-01 -6.787610010708023944e-01 -5.117958528558884668e-01 4.125225813705767353e-01 1.281445520961735363e-01 7.863063137077322962e-01 2.848330787643152950e-01 3.503642538478931034e-01
2.337899895509136794e-01 -8.193595870036284312e-01 2.283524139214536952e-01 -2.654248726607046083e-02 -3.693132174255749911e-01 -1.581593326467881089e-01 9.710440807676373742e-01 -9.840503398989206008e-02 -2.225614353906649190e-01 9.433729230506111563e-01
3.225466567871317775e-02 -8.707901533175080866e-01 -2.683155217585286301e-01 3.098085712188904939e-01 -4.125271665631894957e-01 -1.535688760564371536e-01 2.694548934519762629e-01 -1.709684320414825431e-01 -9.322904199855461815e-01 -3.061511353060716173e-02
6.340028878836850845e-01 -8.687377422309264796e-01 -8.961484835276029015e-02 1.913310937592851146e-01 6.282016187528299822e-01 4.804433769636252682e-01 -5.232769510901560395e-01 -2.514501111282786416e-01 4.173527043827614524e-01 -9.875681608911254239e-01
-7.295086403604841285e-01 -4.402319966770595339e-01 2.989226403272699506e-01 9.232009164382894983e-01 -5.619956867782840426e-01 2.053100831897924361e-01 -7.133253953863839536e-01 -4.389578693120613218e-01 7.977477169390426726e-01 6.526865134595047913e-01
3.904104151138727552e-01 -5.166191362756042960e-01 -3.057502971215356191e-01 9.247600468405112739e-01 1.178155133495317614e-01 5.282448585601717816e-01 9.212214277435238907e-01 3.976658296476739962e-01 4.911599733719395622e-01 -7.701374982174008510e-01
-6.289024067141557595e-01 -9.349429130451790415e-02 -8.402358131768507266e-02 1.436528547115686616e-01 -5.473997694216661269e-01 -6.394123781914083926e-01 -4.953402074437191493e-01 -2.289274632672123888e-01 -2.197338487047620359e-01 -4.017852002671422063e-01
-4.516743829870770721e-01 4.618697495510339784e-02 -1.319755221059126515e-01 -3.110589125273078778e-02 9.692605040235358071e-02 -5.331616866758615014e-01 4.992677497248763085e-01 -1.647737155262710140e-01 -1.632374726560934797e-01 5.328925435379565645e-01
4.690186735892582504e-01 1.926386270402189460e-01 -3.394302968610751758e-02 4.478332486103447363e-01 5.584532483150507209e-01 -2.736516142983815847e-01 7.791956025622919224e-01 8.629458996502178403e-01 2.622086596377944945e-01 3.797633954535794554e-01
-1.985132686909128474e-01 1.090121850253994579e-01 9.405653885389086977e-01 5.395159291005732216e-01 4.690459940666044658e-01 2.572762088972050942e-01 -1.703856984590946255e-01 4.464239632808528202e-01 8.858772504308569662e-01 -9.072595407298524872e-01
3.099557522380412822e-01 -6.421373973501133259e-01 -9.050795117450980420e-01 6.250144559115896614e-01 -4.079741178571381632e-01 9.862820132130653006e-01 2.465299337169444410e-02 2.687145339360437479e-03 -6.795699091123186264e-01 2.947527873365580753e-01
2.126870210618363732e-01 1.965830373238886819e-01 2.084031181441450831e-01 -2.671040238976370440e-01 -2.925677898536704902e-01 -9.033527219541025166e-02 5.187730300638713349e-02 -6.652915800024810089e-01 6.667731055530972117e-01 8.841578852998314142e-01
-9.188960240401116142e-01 -2.027089396297223345e-01 2.114381804338833493e-01 -7.075560780439239528e-01 -4.898188685610485593e-01 2.834579053563048290e-01 1.534501218181154314e-01 8.752118974897554748e-01 7.946830784740473996e-01 1.071586101134392177e-01
