1.615538941198781109e-01 -6.388922535115132417e-01 1.448818065511887077e-01 -2.268890541732662136e-01 -8.745348586836995119e-01 6.126610832741071766e-01 -7.737761329422340184e-01 2.499500738951950796e-01 -9.957168631088875177e-01 -3.949584122269793607e-01
5.890445919204420067e-01 -4.491980725605113633e-01 1.125455241032081444e-01 -9.112967385993764324e-01 -5.801885359602081405e-01 -5.925113592962987230e-01 -1.146704508036516523e-01 -7.082601362277801682e-01 -2.779946864372512261e-01 9.235481011676098806e-01
1.231988303545030333e-01 -2.019158126812464760e-01 -4.256357183403182698e-01 -6.920776537078305868e-01 -5.098865448291052260e-01 3.976881550065373694e-01 1.427205252577614103e-01 7.556096471387143687e-01 3.004579743272104420e-01 3.474255926013841700e-01
1.963475752151474796e-01 -8.186093814780025513e-01 2.737730346845271834e-01 -4.308718363565249010e-02 -3.668893577855777410e-01 -1.845861381265005985e-01 1.004851559023169028e+00 -1.549292525005080967e-01 -1.865988381671479512e-01 9.389747363963187876e-01
5.811635398881404360e-03 -8.703559078501992285e-01 -2.373864980602007069e-01 2.950456181077448781e-01 -4.103885351901629952e-01 -1.734089380588015317e-01 2.922778489105141153e-01 -2.128041053041712094e-01 -9.079429742613421839e-01 -3.419011498630317170e-02
6.048088540601368468e-01 -8.681774538376372252e-01 -5.449638360454844843e-02 1.776370854469272176e-01 6.302016012368202302e-01 4.595347947620802564e-01 -4.971886777773771859e-01 -2.960166185786301529e-01 4.451219732104341187e-01 -9.911183781296299955e-01
-7.664535578672396765e-01 -4.394747804245439649e-01 3.439437842611458573e-01 9.074229564594217257e-01 -5.596798584036107860e-01 1.794434349621731872e-01 -6.797800566828126057e-01 -4.943905910160719674e-01 8.334190996531293250e-01 6.484300588522425857e-01
3.549211319972868095e-01 -5.159466315747580634e-01 -2.631624288453800475e-01 9.078360722412005535e-01 1.202851746106177455e-01 5.027217673493957761e-01 9.528404762918266657e-01 3.433167565523275178e-01 5.248227214099513427e-01 -7.744954620066926143e-01
-6.525942745206816387e-01 -9.292802254137119689e-02 -5.418307305280868624e-02 1.361337984428314662e-01 -5.462750163711737050e-01 -6.550067165462969410e-01 -4.729394771632337569e-01 -2.628572017622165524e-01 -1.959718291980344085e-01 -4.041189408497058988e-01
-4.668995801790133404e-01 4.668765054821265997e-02 -1.111554637813668978e-01 -3.153227388398645997e-02 9.703804181069547452e-02 -5.414993363806978044e-01 5.151700816790359960e-01 -1.838355333060107677e-01 -1.464638739087729957e-01 5.320637737387906574e-01
4.317903845740004298e-01 1.933853094493258318e-01 1.122705862525088041e-02 4.314078789045474038e-01 5.608598203730155163e-01 -2.999178460154922621e-01 8.128181948990016448e-01 8.067603143814023881e-01 2.979740263916852983e-01 3.753941245684702666e-01
-2.352577001275766022e-01 1.097688710043724369e-01 9.853852254387142073e-01 5.239388698960738555e-01 4.713332724561091203e-01 2.315939884022137074e-01 -1.369829681989242209e-01 3.913638178336297235e-01 9.213943947372360554e-01 -9.114753401828020740e-01
2.879814710038956505e-01 -6.419633105002323648e-01 -8.816217285367790035e-01 6.067301523245386408e-01 -4.053627915551900607e-01 9.674954659002209523e-01 4.156123383723120401e-02 -3.582370745050061228e-02 -6.613899708018239343e-01 2.908656803249096701e-01
1.990390070909784093e-01 1.970732943529464876e-01 2.275644670352569565e-01 -2.661511857103151524e-01 -2.926524967479173234e-01 -9.729897326868984508e-02 6.658893790484750330e-02 -6.815476823112756044e-01 6.822646785376089706e-01 8.836182950211159959e-01
-9.549388619853069748e-01 -2.019770864205946981e-01 2.552774441792594606e-01 -7.231702165059510357e-01 -4.875288859315804468e-01 2.581382118610892062e-01 1.861006528755198841e-01 8.209948272253462243e-01 8.294079202955723096e-01 1.029723617375743194e-01
