1.611224500437570539e-01 -6.388210296004915856e-01 1.440035651224270408e-01 -2.245731716746358908e-01 -8.752240794401864310e-01 6.133208239779431858e-01 -7.746159314898920512e-01 2.518238469705552096e-01 -9.962165626006961316e-01 -3.955653950954135523e-01
5.891750382100452432e-01 -4.491848001450360894e-01 1.118485902208538052e-01 -9.105611300471414538e-01 -5.804162000791308618e-01 -5.921580494346375678e-01 -1.152632578096698807e-01 -7.073143344599487348e-01 -2.784880598223502535e-01 9.233488920543863054e-01
1.177694038462640397e-01 -2.012927331077728477e-01 -4.291326617282057443e-01 -6.742046011615707712e-01 -5.151370477789977143e-01 4.016513528826902713e-01 1.387987524731157940e-01 7.673183777262687633e-01 2.992284119746843052e-01 3.427914532311587825e-01
1.843710749808831206e-01 -8.168462570445624849e-01 2.553109595197310400e-01 1.237247393376430388e-02 -3.833407423293040406e-01 -1.696707481050965527e-01 9.867450092550693608e-01 -1.122126036387066095e-01 -1.965080207716863037e-01 9.244784013101078335e-01
-5.458276574861507108e-03 -8.689933715144785298e-01 -2.465587505048124073e-01 3.349996130661245797e-01 -4.221540213056922952e-01 -1.640834315611340022e-01 2.824539123346355707e-01 -1.854933074531233128e-01 -9.117765198568618112e-01 -4.457019772106023126e-02
6.114008322736553813e-01 -8.681572700985378255e-01 -7.172713602106846331e-02 1.879756484414103757e-01 6.268463807750507266e-01 4.670577207384012941e-01 -5.113207974994169458e-01 -2.764863122621832314e-01 4.322344456142375169e-01 -9.940321707954067332e-01
-7.777094615903205055e-01 -4.377610836468980859e-01 3.250259133110723897e-01 9.618828180040370768e-01 -5.758511616677944867e-01 1.943611666202048338e-01 -6.981753866279071241e-01 -4.517824671589054653e-01 8.230571439238513198e-01 6.341829628315573952e-01
3.407847878497809457e-01 -5.140909337739054674e-01 -2.787215716063741189e-01 9.639998553330860753e-01 1.036905424231735484e-01 5.167475117468027790e-01 9.369514447383265887e-01 3.839439410180607304e-01 5.172996410003313228e-01 -7.891277366973827867e-01
-6.625534531407440975e-01 -9.150288503550652042e-02 -6.840150298505835724e-02 1.805602886687704689e-01 -5.594416166448969996e-01 -6.432549115796021288e-01 -4.869986325953438167e-01 -2.291174395829847776e-01 -2.034526686517297012e-01 -4.157226163690056486e-01
-4.623944966362247833e-01 4.686338528277342319e-02 -1.274092287107635169e-01 -1.778650830667473717e-02 9.271627843505149402e-02 -5.337861788948526920e-01 5.015725149932640514e-01 -1.634519308362897272e-01 -1.582698273412236900e-01 5.282917624662649692e-01
4.203033846328277923e-01 1.951042806914211059e-01 -7.252164530836326464e-03 4.857520641222713431e-01 5.447312005195118489e-01 -2.851688436581442665e-01 7.947727766882892730e-01 8.489436766842690663e-01 2.879531120905169939e-01 3.611834004528286513e-01
-2.459973719324336783e-01 1.114397842310800579e-01 9.663447231292670025e-01 5.773783062751938200e-01 4.554549948365985701e-01 2.463962911155254121e-01 -1.554058019089734344e-01 4.335738076361715931e-01 9.108446023652827517e-01 -9.254628014841921324e-01
2.643214208781817787e-01 -6.398700158439822872e-01 -8.796631768360131387e-01 6.589613405108764033e-01 -4.204518440166573057e-01 9.748890024274231569e-01 3.960027291814386535e-02 -1.182235150292747228e-02 -6.552329732842688825e-01 2.775098729917288010e-01
2.058030795516548883e-01 1.970546855297712341e-01 2.109711293372649454e-01 -2.571646801763861068e-01 -2.956027287874929965e-01 -9.020409775752459558e-02 5.304437086141468999e-02 -6.632159114365453467e-01 6.697687107791677752e-01 8.810607826853380509e-01
-9.662983996375764661e-01 -2.002821386097003442e-01 2.371401284853448810e-01 -6.696332111148173283e-01 -5.034165352426555051e-01 2.726449534728302426e-01 1.683758694937381728e-01 8.624950678165561602e-01 8.195898385822478760e-01 8.897374502298201204e-02
