1.777014264346505057e-01 -6.398074796240438289e-01 1.432079927640072525e-01 -2.445155891244868152e-01 -8.678520262340736480e-01 6.145213253930398301e-01 -7.725786231267821602e-01 2.477022492777141427e-01 -9.991156168484671696e-01 -3.859329133830670666e-01
6.198322133519735821e-01 -4.509611742621255637e-01 1.107451363007728729e-01 -9.458535005060507705e-01 -5.670390893042058789e-01 -5.893320039118606912e-01 -1.111535141599850063e-01 -7.138573243386603373e-01 -2.834773848933083151e-01 9.413125168147804533e-01
1.578752865567178698e-01 -2.038412297305487453e-01 -4.323066867616319753e-01 -7.278308351089635142e-01 -4.964369391446194490e-01 4.024957243539372120e-01 1.425635036478046513e-01 7.536829351190489357e-01 2.909529717006816285e-01 3.655779434592788535e-01
2.442194805024797133e-01 -8.210458211842112108e-01 2.475196910463295374e-01 -8.081479824553894353e-02 -3.533167952131852640e-01 -1.734465239021428240e-01 9.895179911350830970e-01 -1.415206012728739970e-01 -2.119435215946799123e-01 9.572220226263360443e-01
2.561662163595906580e-02 -8.713187263932031801e-01 -2.517198786528901389e-01 2.818068116869916206e-01 -4.057910421201395001e-01 -1.678831213623838692e-01 2.828546480210037961e-01 -2.039833696591334677e-01 -9.209182776531739112e-01 -2.802892362299777215e-02
6.478304352481238926e-01 -8.704177404316919553e-01 -7.419098928585242392e-02 1.410714580716408983e-01 6.435416194928148537e-01 4.685157838416517118e-01 -5.075107038963438955e-01 -2.876421894234880705e-01 4.251411308925166499e-01 -9.731615073411293837e-01
-7.189885097006356585e-01 -4.418834051341576918e-01 3.173670088054845184e-01 8.703889537105146124e-01 -5.463828257419173218e-01 1.906327631085472929e-01 -6.954680655661972244e-01 -4.805806191414810358e-01 8.078978638147606972e-01 6.663038005699523092e-01
3.998767092795400546e-01 -5.182514708175796070e-01 -2.865226348900877240e-01 8.715239121690742108e-01 1.334100771788184758e-01 5.128409692975534062e-01 9.395885356603563832e-01 3.546887986599260856e-01 5.019498486433910944e-01 -7.568426462838848678e-01
-6.374964282158307460e-01 -9.354802926966218624e-02 -7.387359766878688616e-02 1.320219548436650236e-01 -5.453386343000944381e-01 -6.484790347019759871e-01 -4.878959604792728055e-01 -2.478706152608321500e-01 -2.121480693826750252e-01 -4.029250864444269831e-01
-4.332321715070377444e-01 4.497860048523465160e-02 -1.299612772460828070e-01 -5.783178682174663215e-02 1.064830424532994119e-01 -5.335746190907745268e-01 5.040826465853041061e-01 -1.740827397822191647e-01 -1.645338097692661539e-01 5.447599131359495139e-01
4.796872976418369294e-01 1.909459860088043304e-01 -1.491612780785350582e-02 3.935760257029679576e-01 5.744757760490480925e-01 -2.888051367677609282e-01 7.975864829789157673e-01 8.200591870064154465e-01 2.727049357582065903e-01 3.937004556140512035e-01
-2.146329995708209926e-01 1.089061464165809595e-01 9.596978711479253743e-01 5.174952419616288823e-01 4.729674182691646633e-01 2.401912635547561181e-01 -1.563402471310639530e-01 4.106945821063365809e-01 9.001651708134870145e-01 -9.093603003107655347e-01
3.208934841375786773e-01 -6.438061497519461662e-01 -8.867696262222889425e-01 5.719884902988080499e-01 -3.922506568585026332e-01 9.717457219039655758e-01 4.246200572069741552e-02 -3.876828108317406651e-02 -6.695625076085143235e-01 3.085674928589624555e-01
2.393215722782171817e-01 1.949805260880472235e-01 2.087478848620238359e-01 -3.001323387733969561e-01 -2.802719367886521429e-01 -8.879047596233723139e-02 5.659071601425928050e-02 -6.733520734912595840e-01 6.632863999234680508e-01 9.002816893317777680e-01
-9.295528469241727265e-01 -2.031255287465327797e-01 2.303153849373509865e-01 -7.356430003191851696e-01 -4.835670136436953093e-01 2.669620128500772571e-01 1.681775080141688916e-01 8.385136972252055232e-01 8.080506011904536878e-01 1.082358717369182460e-01
