1.631224408326005515e-01 -6.389263132236686626e-01 1.429474081301693178e-01 -2.262807375118329190e-01 -8.746246456596480368e-01 6.137357598694224148e-01 -7.752214007663050799e-01 2.522652243796946747e-01 -9.972523455063436737e-01 -3.947870738906663068e-01
5.904881070157828038e-01 -4.492225087972427366e-01 1.108483368968407184e-01 -9.105143791072285442e-01 -5.803020187268422836e-01 -5.914372963555585283e-01 -1.159244003785428051e-01 -7.059909994837362257e-01 -2.793318384245688790e-01 9.237396733405647264e-01
1.414089589426062998e-01 -2.021152172439710237e-01 -4.457378049841894674e-01 -6.787015024163763899e-01 -5.118043120301095650e-01 4.125777931167822210e-01 1.281011555913478817e-01 7.864180162782439254e-01 2.847861748929151338e-01 3.503763495455577970e-01
2.337918567911137502e-01 -8.193595930009187622e-01 2.283505263149395448e-01 -2.654065026094007754e-02 -3.693134786003291481e-01 -1.581576279988088363e-01 9.710427409120930831e-01 -9.840158520273734055e-02 -2.225628835352192469e-01 9.433732965020594774e-01
3.228778401938199594e-02 -8.707902596885597202e-01 -2.683490013267072483e-01 3.098411532946811486e-01 -4.125317988940927494e-01 -1.535386415357281598e-01 2.694311290791022717e-01 -1.709072625637266252e-01 -9.323161050284698437e-01 -3.060848980202280148e-02
6.340114031780937909e-01 -8.687377695807514399e-01 -8.962345652496817028e-02 1.913394711707797902e-01 6.282004277009642923e-01 4.804511507783739144e-01 -5.232830613187294810e-01 -2.514343834045642545e-01 4.173461003169182670e-01 -9.875664578167008267e-01
-7.295125796347842195e-01 -4.402319840247121974e-01 2.989266225679209632e-01 9.231970409502301411e-01 -5.619951357838287587e-01 2.053064869326128861e-01 -7.133225687235309476e-01 -4.389651451401013205e-01 7.977507720567643679e-01 6.526857255974544136e-01
3.904101708325020126e-01 -5.166191354910099065e-01 -3.057500501757454137e-01 9.247598065146381829e-01 1.178155475176730360e-01 5.282446355498997548e-01 9.212216030298897573e-01 3.976653784607011577e-01 4.911601628251961449e-01 -7.701375470741208540e-01
-6.288980076016048582e-01 -9.349430543379548542e-02 -8.402802841212275720e-02 1.436571825920014145e-01 -5.474003847346499141e-01 -6.394083621369552883e-01 -4.953433640677789018e-01 -2.289193381192763943e-01 -2.197372604516193428e-01 -4.017843204366023380e-01
-4.517103883388651764e-01 4.618709059879377854e-02 -1.319391240374816199e-01 -3.114131359204908717e-02 9.693108654548156233e-02 -5.331945568176708061e-01 4.992935856993868660e-01 -1.648402173050685371e-01 -1.632095485817743885e-01 5.328853424018786811e-01
4.690241122047835165e-01 1.926386095722165959e-01 -3.394852762155954606e-02 4.478385991617208628e-01 5.584524876046328412e-01 -2.736466492569451514e-01 7.791917000332204690e-01 8.629559447570884778e-01 2.622044417008329575e-01 3.797644831866115456e-01
-1.985037241204559988e-01 1.090121543696970230e-01 9.405557398641595235e-01 5.395253191216833333e-01 4.690446590477662103e-01 2.572849223625330306e-01 -1.703925472542539843e-01 4.464415920743992072e-01 8.858698481064373187e-01 -9.072576317983395144e-01
3.099740151221955786e-01 -6.421374560077077742e-01 -9.050979738257106666e-01 6.250324230761170607e-01 -4.079766723245704663e-01 9.862986858342781549e-01 2.463988866958582991e-02 2.720876832650098720e-03 -6.795840729548886516e-01 2.947564399467240137e-01
2.126745329379194915e-01 1.965830774338352405e-01 2.084157424782045465e-01 -2.671163098090603705e-01 -2.925660431139131545e-01 -9.034667290068584822e-02 5.188626397566469678e-02 -6.653146455306059304e-01 6.667827907605190507e-01 8.841553876522536548e-01
-9.189094852697868854e-01 -2.027088963943087241e-01 2.114517884875352360e-01 -7.075693213042039131e-01 -4.898169857109733183e-01 2.834456162796431533e-01 1.534597810484659430e-01 8.751870346381583898e-01 7.946935183769843203e-01 1.071559178429334902e-01
