1.615627397577848179e-01 -6.388926006889756870e-01 1.448690339393911009e-01 -2.268906196798340380e-01 -8.745346723556437496e-01 6.126652343328372607e-01 -7.737859921693996945e-01 2.499600197886530650e-01 -9.957272270719912388e-01 -3.949582068756248843e-01
5.890526722285744921e-01 -4.491983896999762749e-01 1.125338565852665729e-01 -9.112981686573987661e-01 -5.801883657533648542e-01 -5.925075673896020856e-01 -1.146794570047066086e-01 -7.082510508588513165e-01 -2.780041537041951227e-01 9.235482887518449147e-01
1.232826422849393339e-01 -2.019191021685207699e-01 -4.257567381314018018e-01 -6.920924867960650539e-01 -5.098847793810706852e-01 3.977274860586548777e-01 1.426271096250976977e-01 7.557038839297087751e-01 3.003597763494215700e-01 3.474275382941220958e-01
1.963384957136944109e-01 -8.186090251217614799e-01 2.737861449823484894e-01 -4.308557673976694258e-02 -3.668895490398289549e-01 -1.845903989321280858e-01 1.004861678911448619e+00 -1.549394613463885573e-01 -1.865882001985749439e-01 9.389745256158255060e-01
5.852673933714058405e-03 -8.703575185485494803e-01 -2.374457554342519483e-01 2.950383550820036005e-01 -4.103876707380463840e-01 -1.733896795982944328e-01 2.922321079202395144e-01 -2.127579622334936638e-01 -9.079910569282251265e-01 -3.418916227731789298e-02
6.048611929038361090e-01 -8.681795080554485233e-01 -5.457195799947123921e-02 1.776278224854056786e-01 6.302027037231637818e-01 4.595593562031374812e-01 -4.972470139375347875e-01 -2.959577696218181897e-01 4.450606505731399265e-01 -9.911171630841397739e-01
-7.664559345008905566e-01 -4.394746871453877879e-01 3.439472159886626801e-01 9.074233770775420593e-01 -5.596799084659729306e-01 1.794423196615053673e-01 -6.797774077194137510e-01 -4.943932632648492809e-01 8.334218842282757889e-01 6.484300036787271626e-01
3.549073554630061689e-01 -5.159460908673197954e-01 -2.631425362919951327e-01 9.078385104209141243e-01 1.202848844161878705e-01 5.027153023320053427e-01 9.528558314287270958e-01 3.433012664380338252e-01 5.248388626418768466e-01 -7.744957818287342421e-01
-6.526699552860093512e-01 -9.292505218961867597e-02 -5.407379421432674527e-02 1.361471924723438587e-01 -5.462766105410932216e-01 -6.550422318256838849e-01 -4.728551244161157685e-01 -2.629422960015135868e-01 -1.958831580736012379e-01 -4.041206977775649301e-01
-4.669622878917619180e-01 4.669011172792791875e-02 -1.110649173131414702e-01 -3.152117583349012264e-02 9.703672091034576397e-02 -5.415287636985682829e-01 5.152399748389812073e-01 -1.839060408529586410e-01 -1.463904026195230745e-01 5.320623179801573510e-01
4.317797637526766263e-01 1.933857262999627846e-01 1.124239450369981380e-02 4.314097585841944471e-01 5.608595966517858633e-01 -2.999228301278357711e-01 8.128300327213523468e-01 8.067483725001681760e-01 2.979864702427101331e-01 3.753938780062587299e-01
-2.352639301406514449e-01 1.097691155226483278e-01 9.853942212329507289e-01 5.239399724877116249e-01 4.713331412246211660e-01 2.315910647973323522e-01 -1.369760243114626075e-01 3.913568129068016321e-01 9.214016941119476112e-01 -9.114754848124644315e-01
2.880391296402491919e-01 -6.419655735115906703e-01 -8.817049844180043783e-01 6.067199478627627318e-01 -4.053615770106056004e-01 9.675225238002077566e-01 4.149696830885767768e-02 -3.575887700410963765e-02 -6.614575263570117158e-01 2.908670188693084357e-01
1.989440219527766618e-01 1.970770223711622304e-01 2.277016203202531508e-01 -2.661343751807334068e-01 -2.926544975528704851e-01 -9.734354765567217183e-02 6.669480704224325929e-02 -6.816544820779638636e-01 6.823759675682141701e-01 8.836160899425233861e-01
-9.549425279833498870e-01 -2.019769425359013437e-01 2.552827376776308776e-01 -7.231695676953084906e-01 -4.875289631536299240e-01 2.581364914907393060e-01 1.861047389468553359e-01 8.209907052359163293e-01 8.294122155503471649e-01 1.029722766314834226e-01
