1.595535458329238321e-01 -6.388137429677300805e-01 1.477701988185098070e-01 -2.265350312735971428e-01 -8.745769948203239164e-01 6.117223648563610006e-01 -7.715465720694462126e-01 2.477009143489051490e-01 -9.933731614946926802e-01 -3.950048502831731145e-01
5.870745895841528172e-01 -4.491207530478619758e-01 1.153900984965033627e-01 -9.109480863451683286e-01 -5.802300328775867877e-01 -5.934358370425683038e-01 -1.124747131129026356e-01 -7.104751752736178094e-01 -2.756865395582102085e-01 9.235023675922164887e-01
1.152803575738007985e-01 -2.016050250009209788e-01 -4.142018816940024606e-01 -6.906762374079506994e-01 -5.100533427078145499e-01 3.939721939970750597e-01 1.515463468405465197e-01 7.467062432850432030e-01 3.097356274034889778e-01 3.472417653717175812e-01
1.986537914015536199e-01 -8.186998968587776426e-01 2.704429860909752237e-01 -4.349533922880589182e-02 -3.668407787251464214e-01 -1.835038827894662772e-01 1.002281081968280807e+00 -1.523361799914394465e-01 -1.893009089185330174e-01 9.390282751713199261e-01
6.062548195093546421e-03 -8.703657557852819693e-01 -2.377488022574635318e-01 2.950012114030433064e-01 -4.103832498626373004e-01 -1.732911903322737757e-01 2.919981849357129455e-01 -2.125219829784905645e-01 -9.082369554291916947e-01 -3.418429004941282018e-02
6.036742159823628162e-01 -8.681329210664872065e-01 -5.285802898829289331e-02 1.778378944085406421e-01 6.301777007663991181e-01 4.590023346559932715e-01 -4.959240256768013833e-01 -2.972923874439086234e-01 4.464513682521619731e-01 -9.911447187359927469e-01
-7.614322587099279227e-01 -4.396718585683401792e-01 3.366933060556889235e-01 9.065342837720848923e-01 -5.595740877492182408e-01 1.817998176134957011e-01 -6.853767281248392962e-01 -4.887447227399824290e-01 8.275359107019366611e-01 6.485466282386608272e-01
3.566919257736685944e-01 -5.160161324627876578e-01 -2.657193570983639730e-01 9.075226760433887652e-01 1.203224753191902419e-01 5.035527610032313195e-01 9.508667737404533638e-01 3.453078086869155183e-01 5.227479765971710934e-01 -7.744543530551007970e-01
-6.434679445987139257e-01 -9.328621672664970388e-02 -6.736098859259133376e-02 1.345186148253671166e-01 -5.460827757063960730e-01 -6.507239353726129716e-01 -4.831115598144765655e-01 -2.525957027020511725e-01 -2.066646641954626717e-01 -4.039070732341896175e-01
-4.669989291989890545e-01 4.669154984196740438e-02 -1.110120092924984925e-01 -3.151469103185992188e-02 9.703594908319071455e-02 -5.415459586391537794e-01 5.152808147394396521e-01 -1.839472397514084201e-01 -1.463474719501719201e-01 5.320614673527465088e-01
4.370904606939262638e-01 1.931772897454664406e-01 3.574041907689246705e-03 4.304698680947899869e-01 5.609714632968828552e-01 -2.974306396116483397e-01 8.069108024629697562e-01 8.127196350051847373e-01 2.917642093120110802e-01 3.755171657579938760e-01
-2.342969413030605852e-01 1.097311627221451841e-01 9.839979428451826049e-01 5.237688341942132730e-01 4.713535102643732766e-01 2.320448508892451744e-01 -1.380538168592782278e-01 3.924440796540013543e-01 9.202687247613846599e-01 -9.114530361807577918e-01
2.850206789855964096e-01 -6.418471040411364292e-01 -8.773465086530343182e-01 6.072541551606803756e-01 -4.054251588628299263e-01 9.661060328615749260e-01 4.486129217182914519e-02 -3.915277453145186992e-02 -6.579209683896746208e-01 2.907969455815549997e-01
2.035520198429967287e-01 1.968961656561228624e-01 2.210479262806972767e-01 -2.669499015495181427e-01 -2.925574328417232528e-01 -9.518111798445168248e-02 6.155879554618229332e-02 -6.764733231209641984e-01 6.769770217126607204e-01 8.837230645460772971e-01
-9.548512234893554718e-01 -2.019805260945846670e-01 2.551508990392571397e-01 -7.231857268221603130e-01 -4.875270398792389548e-01 2.581793386342565721e-01 1.860029722052097267e-01 8.210933665452624375e-01 8.293052389346479147e-01 1.029743962639746852e-01
