1.611248245353136266e-01 -6.388212270271063087e-01 1.440030186685857527e-01 -2.245778915527358865e-01 -8.752227236440075497e-01 6.133202829306162451e-01 -7.746160425067923905e-01 2.518219880202813288e-01 -9.962174147948681391e-01 -3.955641938616576425e-01
5.891827301843949316e-01 -4.491854396926698856e-01 1.118468200276017677e-01 -9.105764197124925907e-01 -5.804118080864947293e-01 -5.921598021139214962e-01 -1.152636174399864072e-01 -7.073203563797927362e-01 -2.784908204368043982e-01 9.233527833544892260e-01
1.178364868681696931e-01 -2.012983107119060977e-01 -4.291480998858627216e-01 -6.743379449442008511e-01 -5.150987444611727639e-01 4.016360674673399855e-01 1.387956160757091995e-01 7.672658595349116650e-01 2.992043361845839744e-01 3.428253899238960511e-01
1.843663481672011550e-01 -8.168458640346057953e-01 2.553120473254494316e-01 1.238186962284087284e-02 -3.833434412632759081e-01 -1.696696710619288451e-01 9.867452302523612717e-01 -1.122089030942408638e-01 -1.965063243398497972e-01 9.244760100579102469e-01
-5.523362799183601651e-03 -8.689879599336718385e-01 -2.465437718803581424e-01 3.351289877290672958e-01 -4.221911844844730144e-01 -1.640686011324489768e-01 2.824569553738334182e-01 -1.854423525216585267e-01 -9.117531607082921541e-01 -4.460312425199908226e-02
6.114259300230283634e-01 -8.681593568457751653e-01 -7.173291189401885537e-02 1.879257605749751758e-01 6.268607111830081235e-01 4.670520020108808734e-01 -5.113219709187682982e-01 -2.765059608761955001e-01 4.322254381466439366e-01 -9.940194740714864974e-01
-7.777128238914705616e-01 -4.377608040890567653e-01 3.250266870945688891e-01 9.618895013933799198e-01 -5.758530814872347969e-01 1.943619327480290149e-01 -6.981752294269893966e-01 -4.517798348687941390e-01 8.230583506383737369e-01 6.341812618738816854e-01
3.407847976055670136e-01 -5.140909345850482870e-01 -2.787215738515229080e-01 9.639998359410941742e-01 1.036905479935692070e-01 5.167475095238671656e-01 9.369514442822048927e-01 3.839439333804167132e-01 5.172996374990243007e-01 -7.891277317620190024e-01
-6.626656400848783823e-01 -9.149355727498639790e-02 -6.837568483194897406e-02 1.807832874405555235e-01 -5.595056735710001172e-01 -6.432293488665747905e-01 -4.869933874106362470e-01 -2.290296102748762275e-01 -2.034124052699939900e-01 -4.157793707271735806e-01
-4.623435133542771469e-01 4.685914628822546862e-02 -1.274209617532267025e-01 -1.788784994980108234e-02 9.274538906240134550e-02 -5.337977958527408973e-01 5.015701313225715552e-01 -1.634918448067888552e-01 -1.582881250082030233e-01 5.283175544464865370e-01
4.202848687604884836e-01 1.951058201898389910e-01 -7.247903378786078009e-03 4.857888689111177771e-01 5.447206282566222635e-01 -2.851646246651526329e-01 7.947736423787774562e-01 8.489581724553155739e-01 2.879597573525117804e-01 3.611740334408412578e-01
-2.460228047845608168e-01 1.114418988403673982e-01 9.663505761211217404e-01 5.774288602396600023e-01 4.554404730904018650e-01 2.464020861989498490e-01 -1.554046128222389966e-01 4.335937185966027840e-01 9.108537300997239239e-01 -9.254756677335581605e-01
2.642813636858197812e-01 -6.398666852969178143e-01 -8.796539582702208593e-01 6.590409638999152886e-01 -4.204747160240092652e-01 9.748981297864124373e-01 3.960214575080212712e-02 -1.179099138774583264e-02 -6.552185969409271005e-01 2.774896084211938008e-01
2.058785968109704545e-01 1.970484066626939090e-01 2.109537501655756320e-01 -2.573147890522975434e-01 -2.955596096568596232e-01 -9.022130498286962119e-02 5.304084012994877972e-02 -6.632750326532530494e-01 6.697416079797919863e-01 8.810989861823325109e-01
-9.662935295157596416e-01 -2.002825435349825101e-01 2.371390076993951657e-01 -6.696428916635831508e-01 -5.034137544820622701e-01 2.726438437757316424e-01 1.683756417962224416e-01 8.624912550785155396e-01 8.195880907177764962e-01 8.897620877346600066e-02
