1.776943935242022987e-01 -6.398070745707878926e-01 1.432082269826330245e-01 -2.445075743991370065e-01 -8.678550818900532260e-01 6.145206458957782614e-01 -7.725795835426425562e-01 2.477036947783363696e-01 -9.991144913870927402e-01 -3.859370421310849841e-01
6.198577810098149232e-01 -4.509626468051262660e-01 1.107442848152139364e-01 -9.458826374838277262e-01 -5.670279806789585431e-01 -5.893295336467244683e-01 -1.111500226347783143e-01 -7.138625793558528443e-01 -2.834814764300264134e-01 9.413275265916590806e-01
1.578942279922131986e-01 -2.038423206430771961e-01 -4.323073175725920536e-01 -7.278524208243433158e-01 -4.964287094776758669e-01 4.024975544147126327e-01 1.425660902945711517e-01 7.536790420143384406e-01 2.909499405439247566e-01 3.655890632388969497e-01
2.442482981716533608e-01 -8.210474809082776160e-01 2.475187313248995991e-01 -8.084763894575114351e-02 -3.533042745243784588e-01 -1.734437396313304736e-01 9.895219264825811933e-01 -1.415265242771590604e-01 -2.119481332236483051e-01 9.572389403583841938e-01
2.558914120346718335e-02 -8.713171436859104002e-01 -2.517189634657593378e-01 2.818381284683638688e-01 -4.058029818069140982e-01 -1.678857764336749436e-01 2.828508952868530324e-01 -2.039777215021494894e-01 -9.209138800192854246e-01 -2.804505631543250874e-02
6.478404662191250551e-01 -8.704183181551671256e-01 -7.419132334957476149e-02 1.410600267477020997e-01 6.435459777448850893e-01 4.685167530019127557e-01 -5.075093340646480433e-01 -2.876442511268085256e-01 4.251395256580276505e-01 -9.731556185484391275e-01
-7.190473105760073480e-01 -4.418800185581168161e-01 3.173689670644905814e-01 8.704559633603463631e-01 -5.464083735215679027e-01 1.906270819564717112e-01 -6.954760954271961282e-01 -4.805685335756882948e-01 8.079072735910544090e-01 6.662692808644292697e-01
3.998335269864173314e-01 -5.182489837777463082e-01 -2.865211967802998028e-01 8.715731228368202022e-01 1.333913153542276575e-01 5.128367971628249311e-01 9.395826386765241400e-01 3.546976740795744765e-01 5.019567590119113909e-01 -7.568679969276121966e-01
-6.375231042853346519e-01 -9.354649288882983804e-02 -7.387270926954073169e-02 1.320523549706197897e-01 -5.453502245075756427e-01 -6.484816120582936882e-01 -4.878996033694298351e-01 -2.478651324276082424e-01 -2.121438004692474122e-01 -4.029407469266556574e-01
-4.332846266296531690e-01 4.498162158416127432e-02 -1.299595303211326658e-01 -5.777200881034581792e-02 1.064602517736427389e-01 -5.335796871365618976e-01 5.040754833017538905e-01 -1.740719584829352740e-01 -1.645254154899947474e-01 5.447291187749062624e-01
4.797086660138757397e-01 1.909447553193576175e-01 -1.491683944363657137e-02 3.935516742435934967e-01 5.744850601703623827e-01 -2.888030722241569093e-01 7.975894010486920260e-01 8.200547950842794753e-01 2.727015162240691293e-01 3.937130001536626178e-01
-2.147069040829930608e-01 1.089104028710750627e-01 9.597003324068035246e-01 5.175794637602048054e-01 4.729353082677364428e-01 2.401841231377118413e-01 -1.563503395481612990e-01 4.107097719795925750e-01 9.001769975919531319e-01 -9.094036867736519092e-01
3.209189607753888396e-01 -6.438076170527416986e-01 -8.867704746765869839e-01 5.719594570477253281e-01 -3.922395877796003294e-01 9.717481833750382103e-01 4.246548481618781651e-02 -3.877351739267604486e-02 -6.695665845794946947e-01 3.085824492015230569e-01
2.393865583673689124e-01 1.949767832809696233e-01 2.087457206154280653e-01 -3.002063971109722451e-01 -2.802437016599144126e-01 -8.878419721473465587e-02 5.659959052946773178e-02 -6.733654303273797215e-01 6.632760003408553207e-01 9.003198401355952951e-01
-9.297663959348543283e-01 -2.031132296105326307e-01 2.303224968089134794e-01 -7.353996392410163674e-01 -4.836597963282222579e-01 2.669413804292569137e-01 1.681483457123935099e-01 8.385575887591709687e-01 8.080847749745269093e-01 1.081105054236301544e-01
