1.631238984844629314e-01 -6.389263179054238684e-01 1.429459345794441838e-01 -2.262793034628287070e-01 -8.746248495444330917e-01 6.137370905944686816e-01 -7.752224467179342771e-01 2.522679166583949861e-01 -9.972534759932550896e-01 -3.947867823576331481e-01
5.904747045815025297e-01 -4.492224657506709296e-01 1.108618855138059633e-01 -9.105275645241510674e-01 -5.803001441006008232e-01 -5.914495317565060528e-01 -1.159147833373739694e-01 -7.060157537404118111e-01 -2.793214441206025578e-01 9.237369928292452625e-01
1.414695402610494368e-01 -2.021154118219125051e-01 -4.457990470736241106e-01 -6.786419020538838609e-01 -5.118127856645946494e-01 4.126330992429363964e-01 1.280576849037589060e-01 7.865299097951320428e-01 2.847391908431963770e-01 3.503884659198249762e-01
2.337936528691894056e-01 -8.193595987696471461e-01 2.283487106467275152e-01 -2.653888326564970979e-02 -3.693137298214895781e-01 -1.581559883164251057e-01 9.710414521195921411e-01 -9.839826785181707280e-02 -2.225642764897434178e-01 9.433736557209528861e-01
3.231944921752316624e-02 -8.707903613923394515e-01 -2.683810119026796004e-01 3.098723057577855156e-01 -4.125362279709409163e-01 -1.535097336233865462e-01 2.694084074221425040e-01 -1.708487770359429780e-01 -9.323406630817122620e-01 -3.060215670459637272e-02
6.340191233494441025e-01 -8.687377943767625732e-01 -8.963126090157204351e-02 1.913470663341537426e-01 6.281993478646077378e-01 4.804581987063755721e-01 -5.232886009993691356e-01 -2.514201242707987949e-01 4.173401129114955310e-01 -9.875649137683392143e-01
-7.295175596170135890e-01 -4.402319680297699378e-01 2.989316568676838592e-01 9.231921416057836671e-01 -5.619944392233998665e-01 2.053019405884179971e-01 -7.133189952910397036e-01 -4.389743431526240136e-01 7.977546342990969874e-01 6.526847295919185887e-01
3.904098962600215383e-01 -5.166191346091250081e-01 -3.057497726084550393e-01 9.247595363881406794e-01 1.178155859226945740e-01 5.282443848861533287e-01 9.212218000519226679e-01 3.976648713261377033e-01 4.911603757708270512e-01 -7.701376019891180702e-01
-6.288986880985681927e-01 -9.349430324814317350e-02 -8.402734049286042506e-02 1.436565131139058982e-01 -5.474002895521302703e-01 -6.394089833788145771e-01 -4.953428757708638885e-01 -2.289205949951653163e-01 -2.197367326898606865e-01 -4.017844565372371557e-01
-4.517451491171386446e-01 4.618720224510412115e-02 -1.319039841173453298e-01 -3.117551151046456595e-02 9.693594860753430853e-02 -5.332262907587241862e-01 4.993185286186151983e-01 -1.649044203602469671e-01 -1.631825897407218062e-01 5.328783901827754965e-01
4.690293143215909510e-01 1.926385928638119915e-01 -3.395378647876100275e-02 4.478437170438571147e-01 5.584517599737804927e-01 -2.736419001208118540e-01 7.791879672059999207e-01 8.629655530515231154e-01 2.622004071812648052e-01 3.797655236194684147e-01
-1.984943584616633838e-01 1.090121242886315234e-01 9.405462720524953024e-01 5.395345331281355961e-01 4.690433490536729533e-01 2.572934724951483343e-01 -1.703992676696873543e-01 4.464588904186282958e-01 8.858625845375737162e-01 -9.072557586494859327e-01
3.099917498872556965e-01 -6.421375129690642947e-01 -9.051159020269420319e-01 6.250498706730571730e-01 -4.079791529228912195e-01 9.863148763230118465e-01 2.462716292423721559e-02 2.753632891526906767e-03 -6.795978272128802011e-01 2.947599869321071431e-01
2.126621440876296232e-01 1.965831172249300485e-01 2.084282664558422538e-01 -2.671284980543332521e-01 -2.925643102597636491e-01 -9.035798297670671886e-02 5.189515371022936779e-02 -6.653375277006338129e-01 6.667923989759381165e-01 8.841529098595823921e-01
-9.189226395536016501e-01 -2.027088541447583381e-01 2.114650862474145854e-01 -7.075822625888084083e-01 -4.898151457940513320e-01 2.834336074211563639e-01 1.534692200269639761e-01 8.751627387146624359e-01 7.947037202270043066e-01 1.071532869621601436e-01
