1.615712297261463204e-01 -6.388929339069643332e-01 1.448567748947411915e-01 -2.268921222397817239e-01 -8.745344935195534797e-01 6.126692184838568034e-01 -7.737954549721492992e-01 2.499695657729761322e-01 -9.957371743160201571e-01 -3.949580097811336565e-01
5.890605112088264095e-01 -4.491986973676991290e-01 1.125225375314342496e-01 -9.112995560050608512e-01 -5.801882006299485806e-01 -5.925038887326468107e-01 -1.146881942250028430e-01 -7.082422368351226627e-01 -2.780133382201066539e-01 9.235484707336566457e-01
1.233635586203321866e-01 -2.019222780082153279e-01 -4.258735768434265268e-01 -6.921068074200649178e-01 -5.098830749270085727e-01 3.977654582732063071e-01 1.425369213831111093e-01 7.557948649600556568e-01 3.002649709862196814e-01 3.474294167656635235e-01
1.963297140859679157e-01 -8.186086804565986252e-01 2.737988251669868367e-01 -4.308402256176113027e-02 -3.668897340195487744e-01 -1.845945199523216229e-01 1.004871466793741952e+00 -1.549493352678260327e-01 -1.865779112327922984e-01 9.389743217504663564e-01
5.895137688101173210e-03 -8.703591851845396965e-01 -2.375070707464968511e-01 2.950308398200079951e-01 -4.103867762645349027e-01 -1.733697523143360453e-01 2.921847783997201797e-01 -2.127102166687967755e-01 -9.080408094489991200e-01 -3.418817648188152841e-02
6.049147917751190873e-01 -8.681816117273730704e-01 -5.464935180452040742e-02 1.776183365234087763e-01 6.302038327512325955e-01 4.595845089467731626e-01 -4.973067545072233364e-01 -2.958975039101904847e-01 4.449978516285940100e-01 -9.911159187871276810e-01
-7.664580361494695016e-01 -4.394746046589658728e-01 3.439502506529475978e-01 9.074237490286312102e-01 -5.596799527359394011e-01 1.794413334051411513e-01 -6.797750652506194813e-01 -4.943956263248198701e-01 8.334243466180500937e-01 6.484299548889862486e-01
3.548942916575301143e-01 -5.159455781333731617e-01 -2.631236728795759428e-01 9.078408224614350486e-01 1.202846092349627027e-01 5.027091717821975392e-01 9.528703921678388644e-01 3.432865777045822631e-01 5.248541688073988798e-01 -7.744960851047870687e-01
-6.527417173457051858e-01 -9.292223564093739230e-02 -5.397017376999498073e-02 1.361598929668654534e-01 -5.462781221658296049e-01 -6.550759081447384835e-01 -4.727751394047595146e-01 -2.630229841110188205e-01 -1.957990782879739378e-01 -4.041223637327300833e-01
-4.670248022322529002e-01 4.669256531808429339e-02 -1.109746500637587563e-01 -3.151011200613772906e-02 9.703540408326664923e-02 -5.415581002711915559e-01 5.153096524688498548e-01 -1.839763309752399933e-01 -1.463171578942547013e-01 5.320608667106581091e-01
4.317695239667105889e-01 1.933861281955575051e-01 1.125718018817102248e-02 4.314115708279638306e-01 5.608593809568375166e-01 -2.999276354288639701e-01 8.128414458468987691e-01 8.067368590489818470e-01 2.979984676548879108e-01 3.753936402897774527e-01
-2.352699406728388509e-01 1.097693514266424031e-01 9.854029001089273931e-01 5.239410362354836037e-01 4.713330146163664525e-01 2.315882441898903521e-01 -1.369693250543996821e-01 3.913500547607648983e-01 9.214087363325856872e-01 -9.114756243468811192e-01
2.880946892326064490e-01 -6.419677541387528441e-01 -8.817852093958178372e-01 6.067101148911152597e-01 -4.053604066811236639e-01 9.675485966661023784e-01 4.143504234624625221e-02 -3.569640668913836440e-02 -6.615226225740760135e-01 2.908683086844315313e-01
1.988509208399622530e-01 1.970806764443261416e-01 2.278360531768141573e-01 -2.661178980871513056e-01 -2.926564586719591077e-01 -9.738723791195480484e-02 6.679857627068100379e-02 -6.817591634767095066e-01 6.824850491865550595e-01 8.836139286015525229e-01
-9.549463811583763784e-01 -2.019767913048039487e-01 2.552883014492118852e-01 -7.231688857579655627e-01 -4.875290443184502887e-01 2.581346832824449322e-01 1.861090336430994974e-01 8.209863727876868245e-01 8.294167301104306000e-01 1.029721871800815952e-01
