1.611268309481777017e-01 -6.388213938498934485e-01 1.440025569225695246e-01 -2.245818797851263648e-01 -8.752215780147941659e-01 6.133198257530305675e-01 -7.746161363145536161e-01 2.518204172327445645e-01 -9.962181348872790609e-01 -3.955631788355759015e-01
5.891901625638524820e-01 -4.491860576563394547e-01 1.118451095762450359e-01 -9.105911933700092664e-01 -5.804075643183329580e-01 -5.921614956423856269e-01 -1.152639649332118654e-01 -7.073261750670775116e-01 -2.784934878838377093e-01 9.233565433278893009e-01
1.179017101545916796e-01 -2.013037336887130158e-01 -4.291631100531164145e-01 -6.744675920513230061e-01 -5.150615030221553647e-01 4.016212058079342007e-01 1.387925666283144344e-01 7.672147972997896970e-01 2.991809278450527909e-01 3.428583857933089063e-01
1.843617877774726688e-01 -8.168454848619347564e-01 2.553130968311754234e-01 1.239093450392984158e-02 -3.833460451718688211e-01 -1.696686319398204579e-01 9.867454434686731002e-01 -1.122053328403432304e-01 -1.965046876368098938e-01 9.244737029980822918e-01
-5.585786961895343461e-03 -8.689827696894332210e-01 -2.465294058897069818e-01 3.352530708986539709e-01 -4.222268276692368594e-01 -1.640543772762803332e-01 2.824598739510900125e-01 -1.853934816743194325e-01 -9.117307569614729879e-01 -4.463470407009835494e-02
6.114521289165117945e-01 -8.681615351474144537e-01 -7.173894117887433253e-02 1.878736839174459383e-01 6.268756703263986818e-01 4.670460323786664314e-01 -5.113231958209751848e-01 -2.765264715577691601e-01 4.322160354834596041e-01 -9.940062202887417486e-01
-7.777153661094752257e-01 -4.377605927168608524e-01 3.250272721481523575e-01 9.618945546684917192e-01 -5.758545330524960093e-01 1.943625120131993733e-01 -6.981751105682122427e-01 -4.517778446082506005e-01 8.230592630288018352e-01 6.341799757888360034e-01
3.407848427569000749e-01 -5.140909383391466525e-01 -2.787215842424292656e-01 9.639997461918644595e-01 1.036905737742483125e-01 5.167474992357665720e-01 9.369514421712008545e-01 3.839438980321828176e-01 5.172996212944172001e-01 -7.891277089203688755e-01
-6.627708624108193947e-01 -9.148480858622121126e-02 -6.835146948191306304e-02 1.809924423438313001e-01 -5.595657538130389685e-01 -6.432053730987807860e-01 -4.869884678494593166e-01 -2.289472334514741081e-01 -2.033746414579107320e-01 -4.158326017481252523e-01
-4.622941757390458539e-01 4.685504412229998805e-02 -1.274323160700228386e-01 -1.798592043103468263e-02 9.277356004073897267e-02 -5.338090378320045071e-01 5.015678245933267165e-01 -1.635304704119600050e-01 -1.583058320529159013e-01 5.283425138988327996e-01
4.202671189457390932e-01 1.951072959945552576e-01 -7.243818523472484068e-03 4.858241509746329956e-01 5.447104934001956167e-01 -2.851605802246499621e-01 7.947744722530342143e-01 8.489720684925106120e-01 2.879661276799371783e-01 3.611650539704449603e-01
-2.460473618209852997e-01 1.114439406301373225e-01 9.663562275570459770e-01 5.774776733079149960e-01 4.554264514207709835e-01 2.464076817206013459e-01 -1.554034646833632183e-01 4.336129438953663651e-01 9.108625435079105159e-01 -9.254880909156988356e-01
2.642420149983699118e-01 -6.398634136583493115e-01 -8.796449027562742717e-01 6.591191789635341136e-01 -4.204971834865440239e-01 9.749070957067612619e-01 3.960398545804495740e-02 -1.176018594937358608e-02 -6.552044748767617000e-01 2.774697022768718990e-01
2.059530291998204754e-01 1.970422179969494869e-01 2.109366206606545779e-01 -2.574627414849327556e-01 -2.955171099696720094e-01 -9.023826501160370217e-02 5.303736012048104742e-02 -6.633333045427675101e-01 6.697148945354700622e-01 8.811366408531917660e-01
-9.662890863571339528e-01 -2.002829129604975222e-01 2.371379851726602428e-01 -6.696517235194111572e-01 -5.034112175105283082e-01 2.726428313656890645e-01 1.683754340609297517e-01 8.624877766029146464e-01 8.195864960884438055e-01 8.897845652714167497e-02
