1.776887295440946202e-01 -6.398067483596693306e-01 1.432084156114584728e-01 -2.445011197108135359e-01 -8.678575427737530434e-01 6.145200986601777604e-01 -7.725803570170625134e-01 2.477048589175402105e-01 -9.991135849926656709e-01 -3.859403672333758806e-01
6.198825100967437773e-01 -4.509640710514963846e-01 1.107434612567739507e-01 -9.459108188237362880e-01 -5.670172363956493822e-01 -5.893271444016214833e-01 -1.111466456250073676e-01 -7.138676620184013499e-01 -2.834854337720639217e-01 9.413420440761904873e-01
1.579126862362049410e-01 -2.038433837266871718e-01 -4.323079322917149359e-01 -7.278734558932701271e-01 -4.964206897475739177e-01 4.024993377910739967e-01 1.425686109565953708e-01 7.536752482218009863e-01 2.909469867112540742e-01 3.655998993555880094e-01
2.442759779259797426e-01 -8.210490750953066685e-01 2.475178094997081690e-01 -8.087918287486985103e-02 -3.532922482363369254e-01 -1.734410653022027127e-01 9.895257064361672183e-01 -1.415322134015117861e-01 -2.119525627545767177e-01 9.572551900649107770e-01
2.556008656375027485e-02 -8.713154703137689916e-01 -2.517179958524451977e-01 2.818712392209013484e-01 -4.058156054545830060e-01 -1.678885835998215337e-01 2.828469275786033021e-01 -2.039717497924144751e-01 -9.209092304684359798e-01 -2.806211316366418601e-02
6.478501998376304805e-01 -8.704188787529305582e-01 -7.419164751049887874e-02 1.410489342875385077e-01 6.435502068033677192e-01 4.685176934329288723e-01 -5.075080048394771115e-01 -2.876462517141485375e-01 4.251379680082122969e-01 -9.731499043198267307e-01
-7.191106605439200328e-01 -4.418763699817620516e-01 3.173710768229663914e-01 8.705281571693647136e-01 -5.464358977890364510e-01 1.906209612856581970e-01 -6.954847465133137119e-01 -4.805555130177401324e-01 8.079174113487409548e-01 6.662320905637166835e-01
3.997883464707191470e-01 -5.182463816523356082e-01 -2.865196921232482374e-01 8.716246106848670738e-01 1.333716853427309446e-01 5.128324319662370678e-01 9.395764688149594868e-01 3.547069602014488732e-01 5.019639891516477492e-01 -7.568945206500470313e-01
-6.375497008793652443e-01 -9.354496108530577225e-02 -7.387182351708447559e-02 1.320826645270923028e-01 -5.453617801845864754e-01 -6.484841817359460192e-01 -4.879032354063980170e-01 -2.478596659292782722e-01 -2.121395442741071113e-01 -4.029563607519269230e-01
-4.333355897446814486e-01 4.498455675244288771e-02 -1.299578330848525920e-01 -5.771393109516217979e-02 1.064381093408162671e-01 -5.335846110293592792e-01 5.040685237671013175e-01 -1.740614838416006671e-01 -1.645172599734549546e-01 5.446992003134515370e-01
4.797292752567614005e-01 1.909435683511749859e-01 -1.491752579796776224e-02 3.935281878900258046e-01 5.744940144655609204e-01 -2.888010810251780414e-01 7.975922154516175144e-01 8.200505591888227475e-01 2.726982181717202414e-01 3.937250990380919413e-01
-2.147772833076874721e-01 1.089144562902566310e-01 9.597026762622262730e-01 5.176596681308438530e-01 4.729047299317318820e-01 2.401773233226423832e-01 -1.563599505511938381e-01 4.107242372872111358e-01 9.001882602263258093e-01 -9.094450036774570645e-01
3.209437647058084320e-01 -6.438090456096456915e-01 -8.867713007275568327e-01 5.719311904159555260e-01 -3.922288109783226839e-01 9.717505798512794390e-01 4.246887204660299703e-02 -3.877861543808967110e-02 -6.695705538985733396e-01 3.085970106237550525e-01
2.394492499834777743e-01 1.949731726217109884e-01 2.087436327821930171e-01 -3.002778406603462402e-01 -2.802164634328613291e-01 -8.877814015176191398e-02 5.660815171091229669e-02 -6.733783155717973923e-01 6.632659679377771456e-01 9.003566439435856106e-01
-9.299723403081389117e-01 -2.031013684558150012e-01 2.303293554214967953e-01 -7.351649444299032110e-01 -4.837492749530848402e-01 2.669214827441230287e-01 1.681202219016416088e-01 8.385999172833170645e-01 8.081177318050045688e-01 1.079896034970012075e-01
