1.631255924865969986e-01 -6.389263233462999514e-01 1.429442221005338132e-01 -2.262776368906271041e-01 -8.746250864880200648e-01 6.137386370892981002e-01 -7.752236622648955855e-01 2.522710454753515630e-01 -9.972547897824319829e-01 -3.947864435541142969e-01
5.904616965297377895e-01 -4.492224239707955924e-01 1.108750354466569304e-01 -9.105403619445510133e-01 -5.802983246374584514e-01 -5.914614071162771491e-01 -1.159054492890412569e-01 -7.060397795737417548e-01 -2.793113556813515697e-01 9.237343911951488851e-01
1.415301043857468688e-01 -2.021156063446302720e-01 -4.458602717817779504e-01 -6.785823186067293511e-01 -5.118212568941550300e-01 4.126883896725113132e-01 1.280142265537018431e-01 7.866417715552224132e-01 2.846922201281462117e-01 3.504005788553116174e-01
2.337953816956293007e-01 -8.193596043223736469e-01 2.283469629636765141e-01 -2.653718243303078428e-02 -3.693139716360244185e-01 -1.581544100296587985e-01 9.710402115841267889e-01 -9.839507471447006548e-02 -2.225656172870303651e-01 9.433740014893965409e-01
3.234973253020041739e-02 -8.707904586577142059e-01 -2.684116255207225632e-01 3.099020987114455283e-01 -4.125404637606071012e-01 -1.534820872671444347e-01 2.693866773499291045e-01 -1.707928438465446397e-01 -9.323641494089338622e-01 -3.059609998678507539e-02
6.340260690161292345e-01 -8.687378166851831285e-01 -8.963828232585344113e-02 1.913538995339391924e-01 6.281983763598227855e-01 4.804645395706516608e-01 -5.232935849269945150e-01 -2.514072956448707430e-01 4.173347261758276194e-01 -9.875635246223243291e-01
-7.295236334775840881e-01 -4.402319485214574724e-01 2.989377969769094756e-01 9.231861660954937543e-01 -5.619935896599418390e-01 2.052963956166743986e-01 -7.133146369359871786e-01 -4.389855615552238910e-01 7.977593449025365269e-01 6.526835148087180016e-01
3.904095902224340442e-01 -5.166191336261789502e-01 -3.057494632328623396e-01 9.247592353060312131e-01 1.178156287288057852e-01 5.282441054971624972e-01 9.212220196520353177e-01 3.976643060756142045e-01 4.911606131193297919e-01 -7.701376631971942333e-01
-6.289041520423155340e-01 -9.349428569879043860e-02 -8.402181695292706975e-02 1.436511376444320476e-01 -5.473995252990014881e-01 -6.394139715429871806e-01 -4.953389550672914754e-01 -2.289306868831874342e-01 -2.197324951095095125e-01 -4.017855493359598906e-01
-4.517787550529461793e-01 4.618731018223685980e-02 -1.318700116357428842e-01 -3.120857328606639960e-02 9.694064913937948391e-02 -5.332569704166297830e-01 4.993426428699086483e-01 -1.649664904247892527e-01 -1.631565265417125321e-01 5.328716689342734014e-01
4.690342945929474872e-01 1.926385768679410859e-01 -3.395882107080463314e-02 4.478486166727491113e-01 5.584510633729108386e-01 -2.736373535126659373e-01 7.791843935660427434e-01 8.629747515980629169e-01 2.621965447146985539e-01 3.797665196828301504e-01
-1.984851734983281157e-01 1.090120947879322233e-01 9.405369869071652511e-01 5.395435693650206810e-01 4.690420643338276130e-01 2.573018576665839774e-01 -1.704058584254173891e-01 4.464758550188793751e-01 8.858554611076929763e-01 -9.072539216400536954e-01
3.100089722153560046e-01 -6.421375682845514854e-01 -9.051333122019745714e-01 6.250668141306134906e-01 -4.079815618455930881e-01 9.863305989958599529e-01 2.461480488278739928e-02 2.785442480847041824e-03 -6.796111840486265265e-01 2.947634314291629476e-01
2.126498569965705465e-01 1.965831566891897697e-01 2.084406875643435297e-01 -2.671405861880998822e-01 -2.925625916388885361e-01 -9.036920015430609243e-02 5.190397042651306858e-02 -6.653602219216619984e-01 6.668019282716360907e-01 8.841504524189430780e-01
-9.189354821422878183e-01 -2.027088128963250857e-01 2.114780689124523549e-01 -7.075948972253713887e-01 -4.898133494745725569e-01 2.834218831165641328e-01 1.534784353457281925e-01 8.751390184911517212e-01 7.947136803407960359e-01 1.071507184209814501e-01
