1.615793771545246116e-01 -6.388932536807939710e-01 1.448450104588777654e-01 -2.268935641767874656e-01 -8.745343218988623768e-01 6.126730418885738549e-01 -7.738045359845132642e-01 2.499787266108333683e-01 -9.957467202241834237e-01 -3.949578206387031609e-01
5.890681195000698755e-01 -4.491989959812389133e-01 1.125115515797684984e-01 -9.113009025252368778e-01 -5.801880403658578045e-01 -5.925003183328496625e-01 -1.146966743224817759e-01 -7.082336821944169580e-01 -2.780222524499859627e-01 9.235486473600265089e-01
1.234417262773945118e-01 -2.019253459665814876e-01 -4.259864466159986041e-01 -6.921206415812427570e-01 -5.098814283722066243e-01 3.978021405948974909e-01 1.424497967804405352e-01 7.558827554205517218e-01 3.001733861031122830e-01 3.474312314266777557e-01
1.963212157659559032e-01 -8.186083469108207389e-01 2.738110962709581209e-01 -4.308251852373305713e-02 -3.668899130315615431e-01 -1.845985080225827912e-01 1.004880938905127197e+00 -1.549588906426110912e-01 -1.865679542035789396e-01 9.389741244620917193e-01
5.938981345782282442e-03 -8.703609059795774927e-01 -2.375703785627621967e-01 2.950230803418583125e-01 -4.103858527241883714e-01 -1.733491774728271873e-01 2.921359108578410191e-01 -2.126609195629573512e-01 -9.080921787290138214e-01 -3.418715865201039233e-02
6.049696565428570594e-01 -8.681837650837549436e-01 -5.472857349402131949e-02 1.776086265222600047e-01 6.302049884446507821e-01 4.596102557471163363e-01 -4.973679060278065611e-01 -2.958358148448823610e-01 4.449335695005522950e-01 -9.911146451023479242e-01
-7.664598627274218368e-01 -4.394745329686361446e-01 3.439528881304647623e-01 9.074240722975476237e-01 -5.596799912117081943e-01 1.794404762332293679e-01 -6.797730293717876293e-01 -4.943976800997876841e-01 8.334264867222126449e-01 6.484299124850058105e-01
3.548819432207077629e-01 -5.159450934765281715e-01 -2.631058424199185786e-01 9.078430078955610494e-01 1.202843491225490669e-01 5.027033769387939666e-01 9.528841555668223773e-01 3.432726933201768471e-01 5.248686368135466740e-01 -7.744963717735671160e-01
-6.528098187659356899e-01 -9.291956276663365655e-02 -5.387183908654504666e-02 1.361719455991089456e-01 -5.462795566813916093e-01 -6.551078666081030510e-01 -4.726992344921413514e-01 -2.630995562561928014e-01 -1.957192874787613279e-01 -4.041239447062036083e-01
-4.670870427578526773e-01 4.669500816143415389e-02 -1.108847781879315625e-01 -3.149909663871724302e-02 9.703409302393396774e-02 -5.415873083486507644e-01 5.153790249083815000e-01 -1.840463132244471722e-01 -1.462442339833198990e-01 5.320594217977675511e-01
4.317596445970293129e-01 1.933865159453763416e-01 1.127144545146510635e-02 4.314133192850321818e-01 5.608591728538420140e-01 -2.999322715946436957e-01 8.128524572573779805e-01 8.067257508440883740e-01 2.980100427864888490e-01 3.753934109403549990e-01
-2.352757413972999256e-01 1.097695790960111634e-01 9.854112760341536825e-01 5.239420628513521416e-01 4.713328924275856369e-01 2.315855220404909875e-01 -1.369628596461622549e-01 3.913435325191721992e-01 9.214155327326783995e-01 -9.114757590106145058e-01
2.881482552627289140e-01 -6.419698565217132336e-01 -8.818625557800479076e-01 6.067006347413675948e-01 -4.053592783448342063e-01 9.675737339981207441e-01 4.137533838086657201e-02 -3.563617790358510756e-02 -6.615853830403821689e-01 2.908695522190365423e-01
1.987597047656552984e-01 1.970842565326749174e-01 2.279677641420504719e-01 -2.661017546088714769e-01 -2.926583800838424287e-01 -9.743004356210326067e-02 6.690024446095085842e-02 -6.818617253683763035e-01 6.825919222056128222e-01 8.836118110217229260e-01
-9.549504126715494534e-01 -2.019766330742130411e-01 2.552941227312108818e-01 -7.231681722582250504e-01 -4.875291292398566956e-01 2.581327913840732458e-01 1.861135271126054258e-01 8.209818398189041577e-01 8.294214536198278864e-01 1.029720935885623107e-01
