1.611284728864718074e-01 -6.388215303685170765e-01 1.440021790549433078e-01 -2.245851435358752479e-01 -8.752206404946505369e-01 6.133194516239575123e-01 -7.746162130816828251e-01 2.518191317863369139e-01 -9.962187241714317576e-01 -3.955623481938755903e-01
5.891973478535623698e-01 -4.491866550757824816e-01 1.118434559889110030e-01 -9.106054758767000434e-01 -5.804034616344108111e-01 -5.921631328694291208e-01 -1.152643008740113634e-01 -7.073318003118744812e-01 -2.784960666514893490e-01 9.233601783008255071e-01
1.179652441783777123e-01 -2.013090162121236593e-01 -4.291777314617519767e-01 -6.745938813390843780e-01 -5.150252261247133534e-01 4.016067290608399398e-01 1.387895961606495643e-01 7.671650575605220013e-01 2.991581257741643962e-01 3.428905270800657878e-01
1.843573851815678566e-01 -8.168451188089989046e-01 2.553141100230046923e-01 1.239968573150819486e-02 -3.833485589827468343e-01 -1.696676287723257182e-01 9.867456493074977519e-01 -1.122018861206274531e-01 -1.965031075652524661e-01 9.244714757647194414e-01
-5.645661612953791625e-03 -8.689777914238194789e-01 -2.465156266311637756e-01 3.353720862952325743e-01 -4.222610151241844578e-01 -1.640407343471995405e-01 2.824626733285623970e-01 -1.853466067976010656e-01 -9.117092682227391220e-01 -4.466499411336116027e-02
6.114793953526183046e-01 -8.681638022096666019e-01 -7.174521614275340686e-02 1.878194852599315845e-01 6.268912390193178696e-01 4.670398194981316142e-01 -5.113244706350348334e-01 -2.765478180008539844e-01 4.322062496841047596e-01 -9.939924264458601666e-01
-7.777170758992110189e-01 -4.377604505567430082e-01 3.250276656307765633e-01 9.618979532904439189e-01 -5.758555093147126325e-01 1.943629016027785261e-01 -6.981750306287589636e-01 -4.517765060420683709e-01 8.230598766645269571e-01 6.341791108217063044e-01
3.407849242129044054e-01 -5.140909451117894324e-01 -2.787216029883146096e-01 9.639995842782919100e-01 1.036906202843060343e-01 5.167474806753495908e-01 9.369514383628095855e-01 3.839438342616205979e-01 5.172995920602293518e-01 -7.891276677125146355e-01
-6.628696348501108560e-01 -9.147659617196207682e-02 -6.832873847715764670e-02 1.811887765324318444e-01 -5.596221512743794202e-01 -6.431828669904265938e-01 -4.869838498460713483e-01 -2.288699061379431410e-01 -2.033391924806804141e-01 -4.158825698298830864e-01
-4.622463419835727283e-01 4.685106699448645523e-02 -1.274433242959098489e-01 -1.808100162611209205e-02 9.280087233953825121e-02 -5.338199371445190300e-01 5.015655881754917944e-01 -1.635679186701317345e-01 -1.583229993692318038e-01 5.283667125621583915e-01
4.202500896623528326e-01 1.951087118908387541e-01 -7.239899487712989946e-03 4.858580008072389544e-01 5.447007699554946569e-01 -2.851566999631131027e-01 7.947752684395913425e-01 8.489854004375863017e-01 2.879722394119481055e-01 3.611564390103343403e-01
-2.460710779357278277e-01 1.114459125016460106e-01 9.663616854673786616e-01 5.775248148402911674e-01 4.554129099037857453e-01 2.464130856313679896e-01 -1.554023558609121669e-01 4.336315108504156801e-01 9.108710551131470323e-01 -9.255000886831826756e-01
2.642033735937694416e-01 -6.398602008266686125e-01 -8.796360100129338999e-01 6.591959881308793179e-01 -4.205192471020396949e-01 9.749159004669264439e-01 3.960579209700863801e-02 -1.172993423107789729e-02 -6.551906066531796302e-01 2.774501539405326844e-01
2.060263835385171827e-01 1.970361189654645517e-01 2.109197392529085779e-01 -2.576085510313170790e-01 -2.954752258316424851e-01 -9.025497939779077161e-02 5.303393051413483189e-02 -6.633907324445987852e-01 6.696885679984233564e-01 8.811737501482500567e-01
-9.662850639927023089e-01 -2.002832473991653373e-01 2.371370594854373681e-01 -6.696597189446795717e-01 -5.034089208056563569e-01 2.726419148370461953e-01 1.683752459994350137e-01 8.624846275601475432e-01 8.195850524802250625e-01 8.898049140484866337e-02
