1.776844408649739249e-01 -6.398065013575988669e-01 1.432085584383204768e-01 -2.444962323195238596e-01 -8.678594061172573149e-01 6.145196843017497468e-01 -7.725809426800647195e-01 2.477057403859426465e-01 -9.991128986846665727e-01 -3.859428849499811909e-01
6.199064404225290703e-01 -4.509654492940385340e-01 1.107426642996590938e-01 -9.459380898931054604e-01 -5.670068391577466338e-01 -5.893248323302594516e-01 -1.111433776942410134e-01 -7.138725805085580634e-01 -2.834892632900915532e-01 9.413560926391404404e-01
1.579306652030110225e-01 -2.038444192068197269e-01 -4.323085310493600675e-01 -7.278939447765120363e-01 -4.964128782536224027e-01 4.025010748612101175e-01 1.425710661684173874e-01 7.536715529369120148e-01 2.909441095762697604e-01 3.656104541072959235e-01
2.443025834680663255e-01 -8.210506074141848964e-01 2.475169234492527459e-01 -8.090950262857316000e-02 -3.532806886715784134e-01 -1.734384947600179083e-01 9.895293396950840537e-01 -1.415376817389694952e-01 -2.119568203816550034e-01 9.572708091432374777e-01
2.552953547865973588e-02 -8.713137107553927674e-01 -2.517169784026683788e-01 2.819060553269705505e-01 -4.058288792772097864e-01 -1.678915353477228589e-01 2.828427555154308659e-01 -2.039654705126151824e-01 -9.209043414446856923e-01 -2.808004851673618837e-02
6.478596464703920699e-01 -8.704194228220447638e-01 -7.419196211387112105e-02 1.410381688771693287e-01 6.435543111724049137e-01 4.685186061363024179e-01 -5.075067148051450872e-01 -2.876481933162256532e-01 4.251364562841018491e-01 -9.731443585693757559e-01
-7.191790143497924781e-01 -4.418724332144978728e-01 3.173733532254026102e-01 8.706060533667807633e-01 -5.464655961219214708e-01 1.906143571600622533e-01 -6.954940809246883404e-01 -4.805414640020947425e-01 8.079283498597413793e-01 6.661919627044768921e-01
3.997410447703828029e-01 -5.182436573594736418e-01 -2.865181168238993825e-01 8.716785158411416434e-01 1.333511337198229896e-01 5.128278618275895484e-01 9.395700092839353035e-01 3.547166822984059720e-01 5.019715587399518064e-01 -7.569222896374306897e-01
-6.375761613228002611e-01 -9.354343712323545668e-02 -7.387094229888263586e-02 1.321128189259471730e-01 -5.453732767069437992e-01 -6.484867382591643636e-01 -4.879068488506096979e-01 -2.478542274144939495e-01 -2.121353098668506965e-01 -4.029718946484822095e-01
-4.333851516133141457e-01 4.498741121737714205e-02 -1.299561825146018090e-01 -5.765745024447588990e-02 1.064165757209355884e-01 -5.335893995382219313e-01 5.040617555869771893e-01 -1.740512972037251693e-01 -1.645093286953304978e-01 5.446701044692220384e-01
4.797491656822513439e-01 1.909424227825421705e-01 -1.491818821335876011e-02 3.935055207028680391e-01 5.745026564492791143e-01 -2.887991592760316140e-01 7.975949316926749244e-01 8.200464710346178077e-01 2.726950351501569170e-01 3.937367759328030958e-01
-2.148443793099748256e-01 1.089183206156148359e-01 9.597049107757419373e-01 5.177361309316096394e-01 4.728755780888206361e-01 2.401708407219965702e-01 -1.563691131966229997e-01 4.107380277817394565e-01 9.001989974537520922e-01 -9.094843931291631822e-01
3.209679164299055198e-01 -6.438104366033963188e-01 -8.867721050579503439e-01 5.719036670404215039e-01 -3.922183175473742955e-01 9.717529133134364949e-01 4.247217021157349837e-02 -3.878357943307681605e-02 -6.695744188464916036e-01 3.086111891610376357e-01
2.395097639818366542e-01 1.949696873801106956e-01 2.087416174706601679e-01 -3.003468025901529503e-01 -2.801901713362542345e-01 -8.877229348323520397e-02 5.661641551637850572e-02 -6.733907532422219733e-01 6.632562840141349447e-01 9.003921693569432172e-01
-9.301708906534447152e-01 -2.030899331525466978e-01 2.303359677890745860e-01 -7.349386758747356030e-01 -4.838355410237747400e-01 2.669022994462688092e-01 1.680931078210428364e-01 8.386407260849922940e-01 8.081495053852543187e-01 1.078730423164384472e-01
