1.586043782568956340e-01 -6.387764896238892209e-01 1.491407442904516267e-01 -2.263670469981942934e-01 -8.745969884658923998e-01 6.112769418812941113e-01 -7.704886428563023637e-01 2.466336855425140806e-01 -9.922610723677207645e-01 -3.950268851945534787e-01
5.837159176222713741e-01 -4.489889304228538713e-01 1.202398350081073652e-01 -9.103536664660216715e-01 -5.803007812875438098e-01 -5.950119861813696343e-01 -1.087311832288433422e-01 -7.142516121847239940e-01 -2.717513623943383916e-01 9.234243960717970490e-01
1.148590692585868545e-01 -2.015884900930088597e-01 -4.135935646724554493e-01 -6.906016775365915183e-01 -5.100622168934371148e-01 3.937744928750995799e-01 1.520159090412339931e-01 7.462325534570849461e-01 3.102292284982821613e-01 3.472319851696481496e-01
1.997789080397548711e-01 -8.187440559283061248e-01 2.688183799067377366e-01 -4.369446308004700658e-02 -3.668170788181377984e-01 -1.829758908806171092e-01 1.001027042334175166e+00 -1.510711168801784632e-01 -1.906191481963163403e-01 9.390543947376025491e-01
6.246383313226236064e-03 -8.703729710263402586e-01 -2.380142499983091964e-01 2.949686761480545538e-01 -4.103793774861594357e-01 -1.732049206499663985e-01 2.917932848245142763e-01 -2.123152817187209385e-01 -9.084523452520156805e-01 -3.418002231983697375e-02
6.037146560004540419e-01 -8.681345082739908570e-01 -5.291642213727933142e-02 1.778307373086692456e-01 6.301785526111195468e-01 4.590213122460678474e-01 -4.959690995684926107e-01 -2.972469173358603944e-01 4.464039868354874874e-01 -9.911437799215648825e-01
-7.559530598244246224e-01 -4.398869085607853835e-01 3.287816459736844221e-01 9.055645717024618513e-01 -5.594586717117524532e-01 1.843710822986809050e-01 -6.914837683482900621e-01 -4.825839993500997682e-01 8.211162250121003536e-01 6.486738277605647029e-01
3.570529320429698950e-01 -5.160303013946165862e-01 -2.662406301804091102e-01 9.074587849264816874e-01 1.203300796996797511e-01 5.037221731181740214e-01 9.504644010845940683e-01 3.457137183488304122e-01 5.223250047669083518e-01 -7.744459722998445761e-01
-6.429882861548490425e-01 -9.330504257088075015e-02 -6.805358885088153009e-02 1.344337245718771057e-01 -5.460726719890306446e-01 -6.504988424633331157e-01 -4.836461805631322441e-01 -2.520563824371686579e-01 -2.072266544630976259e-01 -4.038959379704381569e-01
-4.673319085406142936e-01 4.670461876069024326e-02 -1.105312055435711538e-01 -3.145576013826461431e-02 9.702893507311891041e-02 -5.417022183479009989e-01 5.156519489646023136e-01 -1.843216363851436501e-01 -1.459573377792627025e-01 5.320537372422059486e-01
4.408751765346256013e-01 1.930287455641075123e-01 -1.890878396228545116e-03 4.298000467016425685e-01 5.610511860655568173e-01 -2.956545576719329382e-01 8.026924098919984152e-01 8.169751088237289238e-01 2.873298592125983486e-01 3.756050278808222287e-01
-2.329964760580938710e-01 1.096801214938653846e-01 9.821201429730408439e-01 5.235386770361101227e-01 4.713809037845889671e-01 2.326551299516717297e-01 -1.395032976549514525e-01 3.939063019276978217e-01 9.187450388544302626e-01 -9.114228458991364690e-01
2.871826436574885788e-01 -6.419319577754272199e-01 -8.804682660396055960e-01 6.068715292914170778e-01 -4.053796183740130399e-01 9.671205942103446862e-01 4.245159588431945269e-02 -3.672189611280830129e-02 -6.604540273196577438e-01 2.908471355597587737e-01
2.034248356388436707e-01 1.969011574373510653e-01 2.212315732356785192e-01 -2.669273924089650141e-01 -2.925601119006839279e-01 -9.524080266819576202e-02 6.170055332259834907e-02 -6.766163270012253150e-01 6.771260366749638493e-01 8.837201119666400206e-01
-9.548112020362292673e-01 -2.019820968740676237e-01 2.550931102749251500e-01 -7.231928098441405828e-01 -4.875261968513383559e-01 2.581981198012160972e-01 1.859583648403101974e-01 8.211383660255739958e-01 8.292583479282636949e-01 1.029753253614230368e-01
