1.599847590962097110e-01 -6.387264365193936477e-01 1.442653877373631377e-01 -2.223117348743763599e-01 -8.758736825247300795e-01 6.135800561678408371e-01 -7.745627399246340916e-01 2.527145264478820041e-01 -9.958082505170412491e-01 -3.961409426336742756e-01
5.865803764946215804e-01 -4.489690675274935483e-01 1.124457129426890967e-01 -9.054036103357179233e-01 -5.818977098488271604e-01 -5.915668345357383284e-01 -1.151419470809032092e-01 -7.052830166002824752e-01 -2.775568475861200923e-01 9.220362762107330301e-01
1.115415159039990778e-01 -2.007749166388435313e-01 -4.276994061414506887e-01 -6.618251627816723603e-01 -5.186930708151387126e-01 4.030704281009566681e-01 1.390899309417625018e-01 7.721940884711111508e-01 3.014635725057211446e-01 3.396408211711413050e-01
1.858602988399713218e-01 -8.169700782576779785e-01 2.549682368446035685e-01 9.412280178134176112e-03 -3.824904196520205191e-01 -1.700100799447947508e-01 9.866753821315916717e-01 -1.133784924341609823e-01 -1.970424964113526578e-01 9.252317861620003026e-01
2.880968185969154383e-03 -8.696867363141701501e-01 -2.484779033947777938e-01 3.184233407232973656e-01 -4.173924477596616667e-01 -1.659835967036122351e-01 2.820640195585228382e-01 -1.920219646256970114e-01 -9.147694367045734465e-01 -4.035144938400354181e-02
6.121418771975797313e-01 -8.682188841271429869e-01 -7.189767646545300317e-02 1.865026418527398477e-01 6.272695054113189839e-01 4.668888675899645069e-01 -5.113554442894920893e-01 -2.770664641100462622e-01 4.319684879764257857e-01 -9.936572828852719974e-01
-7.640853644514213894e-01 -4.388938564164494016e-01 3.218905304140385892e-01 9.348016192772319322e-01 -5.680720231024130040e-01 1.912568046277772216e-01 -6.988123672188193414e-01 -4.624485480879000909e-01 8.181675177009356537e-01 6.410752700844392082e-01
3.408283907631407539e-01 -5.140945591292169770e-01 -2.787316061670070955e-01 9.639131839632532062e-01 1.037154389797249332e-01 5.167375764662764936e-01 9.369494061291450127e-01 3.839098050163943787e-01 5.172839921139218422e-01 -7.891056783787335771e-01
-6.455977575883009578e-01 -9.291266287361155118e-02 -7.230360360137401410e-02 1.468567297374500091e-01 -5.497601894038742776e-01 -6.471184055265067903e-01 -4.877913786292431553e-01 -2.423917739572893637e-01 -2.095379903252142795e-01 -4.071448836765329538e-01
-4.734937318626289415e-01 4.778622892511780879e-02 -1.248549051512476415e-01 4.275914752802659202e-03 8.637879508362716896e-02 -5.312571273451918152e-01 5.020914482731070327e-01 -1.547625226525529418e-01 -1.542863625241399639e-01 5.226767599694046584e-01
4.337061616928182262e-01 1.939899095345554991e-01 -1.033661391036026604e-02 4.591107927519765819e-01 5.523839689083173132e-01 -2.882227760599633815e-01 7.941461436890895342e-01 8.384508635945142618e-01 2.831429166328444103e-01 3.679637438838498364e-01
-2.427653510499495904e-01 1.111710585159758902e-01 9.656009216946116469e-01 5.709538805745114631e-01 4.573004263565533245e-01 2.456598487161484323e-01 -1.555569117073385133e-01 4.310435117974587560e-01 9.096846448357021053e-01 -9.238277514149872971e-01
2.757503089108355177e-01 -6.408202684014656647e-01 -8.822933650755981905e-01 6.362436525141428323e-01 -4.139261342578507419e-01 9.722848367889544985e-01 3.906592706180649771e-02 -2.076983943125801368e-02 -6.593347489875318601e-01 2.832916438552766092e-01
1.981286042762903654e-01 1.976927782065847627e-01 2.127372954381645531e-01 -2.419097984813122770e-01 -2.999847297358860243e-01 -8.845540578081778627e-02 5.340318302680104046e-02 -6.572076913291818867e-01 6.725230448954740980e-01 8.771783352054655092e-01
-9.666820318253983579e-01 -2.002502415899229948e-01 2.372284157155507001e-01 -6.688706490594763521e-01 -5.036355830016946422e-01 2.727323672053370007e-01 1.683938058204687005e-01 8.627954071286264570e-01 8.197275224218744105e-01 8.877966897642958211e-02
