1.631275242472538523e-01 -6.389263295508201823e-01 1.429422692698270325e-01 -2.262757364097799651e-01 -8.746253566873841701e-01 6.137404006395366096e-01 -7.752250484176925749e-01 2.522746134316000699e-01 -9.972562879660482604e-01 -3.947860571984569411e-01
5.904490658969172578e-01 -4.492223834031321972e-01 1.108878038439894825e-01 -9.105527880573190957e-01 -5.802965579646855998e-01 -5.914729379213196081e-01 -1.158963860611765817e-01 -7.060631083153923182e-01 -2.793015599506598057e-01 9.237318650455301761e-01
1.415905410794437713e-01 -2.021158004580591305e-01 -4.459213676690190753e-01 -6.785228605271635960e-01 -5.118297102996772763e-01 4.127435637672956514e-01 1.279708596429424972e-01 7.867533979506298181e-01 2.846453482426463677e-01 3.504126663043655165e-01
2.337970469041488752e-01 -8.193596096707690402e-01 2.283452795924376111e-01 -2.653554418820643773e-02 -3.693142045521889960e-01 -1.581528898212047340e-01 9.710390166982909577e-01 -9.839199907923473765e-02 -2.225669087452205319e-01 9.433743345341398800e-01
3.237870223181070484e-02 -8.707905517039709054e-01 -2.684409111999138675e-01 3.099305993245329294e-01 -4.125445158127726275e-01 -1.534556401376813983e-01 2.693658898715345917e-01 -1.707393368929213673e-01 -9.323866169605781185e-01 -3.059030599358488964e-02
6.340322602821070186e-01 -8.687378365705836769e-01 -8.964454112104752737e-02 1.913599905485628971e-01 6.281975103746273437e-01 4.804701917245832732e-01 -5.232980275273870774e-01 -2.513958603948292514e-01 4.173299245182210404e-01 -9.875622863578279453e-01
-7.295308649161494907e-01 -4.402319252951814033e-01 2.989451072900347062e-01 9.231790517511561101e-01 -5.619925781836522249e-01 2.052897938644536180e-01 -7.133094479500956542e-01 -4.389989180009736258e-01 7.977649532695682000e-01 6.526820685078054129e-01
3.904092514289289606e-01 -5.166191325380260491e-01 -3.057491207440774517e-01 9.247589019984004954e-01 1.178156761165550515e-01 5.282437962045155588e-01 9.212222627564609079e-01 3.976636803250072627e-01 4.911608758717969647e-01 -7.701377309565136109e-01
-6.289141193771010663e-01 -9.349425368523354984e-02 -8.401174090268498373e-02 1.436413317045553417e-01 -5.473981311472410072e-01 -6.394230709599235674e-01 -4.953318029136624112e-01 -2.289490965212049312e-01 -2.197247649087617494e-01 -4.017875428211102884e-01
-4.518112880680386634e-01 4.618741467331214517e-02 -1.318371237773886262e-01 -3.124057951409697775e-02 9.694519959958201871e-02 -5.332866705797018048e-01 4.993659872369801134e-01 -1.650265788079281204e-01 -1.631312954500511725e-01 5.328651622718726388e-01
4.690390665078025267e-01 1.926385615412794516e-01 -3.396364503376611554e-02 4.478533113189280823e-01 5.584503959152966601e-01 -2.736329971181246101e-01 7.791809694342278769e-01 8.629835653107575943e-01 2.621928438397330141e-01 3.797674740745113353e-01
-1.984761698956667431e-01 1.090120658697357192e-01 9.405278851006415586e-01 5.395524271778934233e-01 4.690408049812753166e-01 2.573100772695478544e-01 -1.704123190441118318e-01 4.464924846464994324e-01 8.858484783327061907e-01 -9.072521209030871558e-01
3.100256976799766750e-01 -6.421376220041892235e-01 -9.051502200941509146e-01 6.250832687700942358e-01 -4.079839012709708945e-01 9.863458680702226200e-01 2.460280337034114612e-02 2.816334364782381583e-03 -6.796241555401936196e-01 2.947667765526159056e-01
2.126376743384344181e-01 1.965831958180268846e-01 2.084530031008537676e-01 -2.671525715799615286e-01 -2.925608876252626112e-01 -9.038032199260684352e-02 5.191271220598319552e-02 -6.653827232553888305e-01 6.668113765740217858e-01 8.841480158650789622e-01
-9.189480099759494980e-01 -2.027087726588369110e-01 2.114907333893777663e-01 -7.076072222035441062e-01 -4.898115971805309665e-01 2.834104461593182633e-01 1.534874248091019078e-01 8.751158796192449740e-01 7.947233963452469130e-01 1.071482128313821780e-01
