1.615871942727463706e-01 -6.388935604904663057e-01 1.448337229726076314e-01 -2.268949476552936662e-01 -8.745341572359567328e-01 6.126767102861705450e-01 -7.738132488376893159e-01 2.499875160532457619e-01 -9.957558791255178843e-01 -3.949576391644180617e-01
5.890755071273429122e-01 -4.491992859340627198e-01 1.125008842546690591e-01 -9.113022099921644914e-01 -5.801878847499213343e-01 -5.924968514856862045e-01 -1.147049084709138023e-01 -7.082253756647421961e-01 -2.780309081396363791e-01 9.235488188636854501e-01
1.235172834107793327e-01 -2.019283114659735090e-01 -4.260955469367941895e-01 -6.921340137302960382e-01 -5.098798368065197151e-01 3.978375978565968918e-01 1.423655818317971222e-01 7.559677106500739541e-01 3.000848598316460669e-01 3.474329854844230292e-01
1.963129871222573930e-01 -8.186080239494166744e-01 2.738229779772511363e-01 -4.308106221318879631e-02 -3.668900863630045195e-01 -1.846023695398211761e-01 1.004890110438977580e+00 -1.549681427976723758e-01 -1.865583131397479111e-01 9.389739334342487309e-01
5.984159184233422968e-03 -8.703626791391251283e-01 -2.376356128622527375e-01 2.950150847395556775e-01 -4.103849010801242647e-01 -1.733279765303190056e-01 2.920855562563025032e-01 -2.126101223256482986e-01 -9.081451111976215351e-01 -3.418610984915221307e-02
6.050257925475233112e-01 -8.681859683341992540e-01 -5.480963077932198002e-02 1.775986915367990249e-01 6.302061709159122449e-01 4.596365991103308901e-01 -4.974304744517029087e-01 -2.957726964211512821e-01 4.448677979318665932e-01 -9.911133419058215654e-01
-7.664614123332966766e-01 -4.394744721490275174e-01 3.439551256756240294e-01 9.074243465477713766e-01 -5.596800238532263494e-01 1.794397490380781890e-01 -6.797713022022495721e-01 -4.943994224517916369e-01 8.334283023129344103e-01 6.484298765109280938e-01
3.548703141055353782e-01 -5.159446370519334968e-01 -2.630890506209309643e-01 9.078450660236884184e-01 1.202841041622144530e-01 5.026979196568468478e-01 9.528971172197218120e-01 3.432596177295032525e-01 5.248822620288048357e-01 -7.744966417433055694e-01
-6.528745002260261110e-01 -9.291702412042014692e-02 -5.377844263634544431e-02 1.361833929646529273e-01 -5.462809191575449530e-01 -6.551382201611666289e-01 -4.726271414203732646e-01 -2.631722830530107693e-01 -1.956435036548086759e-01 -4.041254462853526297e-01
-4.671489364557870894e-01 4.669743739234023111e-02 -1.107954071120665768e-01 -3.148814265307538912e-02 9.703278927031797063e-02 -5.416163536676946721e-01 5.154480107785356369e-01 -1.841159055061874772e-01 -1.461717164318997175e-01 5.320579849364762692e-01
4.317501064961410950e-01 1.933868903009284823e-01 1.128521794150106131e-02 4.314150073441345712e-01 5.608589719394688755e-01 -2.999367476106617469e-01 8.128630882943228553e-01 8.067150263563548362e-01 2.980212180716098613e-01 3.753931895134824948e-01
-2.352813416006577785e-01 1.097697988952400228e-01 9.854193624179998778e-01 5.239430539788694219e-01 4.713327744626615856e-01 2.315828939911310780e-01 -1.369566177360070081e-01 3.913372357402934432e-01 9.214220941928676911e-01 -9.114758890192534713e-01
2.881999268256460467e-01 -6.419718845497967008e-01 -8.819371666584352454e-01 6.066914898756191610e-01 -4.053581899143599565e-01 9.675979822993292512e-01 4.131774596275262362e-02 -3.557807922658735161e-02 -6.616459238603017434e-01 2.908707517736131565e-01
1.986703695324560093e-01 1.970877628009499172e-01 2.280967592767752516e-01 -2.660859440030354239e-01 -2.926602618769361119e-01 -9.747196657586278123e-02 6.699981629141732453e-02 -6.819621724724534984e-01 6.826965915432572363e-01 8.836097371055922078e-01
-9.549546132618289551e-01 -2.019764682076099493e-01 2.553001881511983706e-01 -7.231674288351117585e-01 -4.875292177227709689e-01 2.581308201416218640e-01 1.861182090331444661e-01 8.209771167425334859e-01 8.294263752278713264e-01 1.029719960719204797e-01
