1.611297531795596039e-01 -6.388216368182239036e-01 1.440018844145712074e-01 -2.245876884290292919e-01 -8.752199094680560565e-01 6.133191598987033366e-01 -7.746162729404638680e-01 2.518181294659961322e-01 -9.962191836627720676e-01 -3.955617005052071145e-01
5.892042977837359530e-01 -4.491872329263050245e-01 1.118418565660663361e-01 -9.106192905492064282e-01 -5.803994933369677200e-01 -5.921647164678768283e-01 -1.152646258108188243e-01 -7.073372412975725831e-01 -2.784985609496786196e-01 9.233636942075057474e-01
1.180272462977934311e-01 -2.013141713656587950e-01 -4.291920003254289240e-01 -6.747171255952183477e-01 -5.149898239198285044e-01 4.015926013706890285e-01 1.387866973155913730e-01 7.671165171239180403e-01 2.991358734967561328e-01 3.429218933902870581e-01
1.843531323320651838e-01 -8.168447652066970210e-01 2.553150887529314073e-01 1.240813930177878804e-02 -3.833509872908572036e-01 -1.696666597257737996e-01 9.867458481450839258e-01 -1.121985566348999291e-01 -1.965015812369946269e-01 9.244693242867041416e-01
-5.703096426655153428e-03 -8.689730160179836016e-01 -2.465024088648239131e-01 3.354862519230775719e-01 -4.222938094715606439e-01 -1.640276473550209835e-01 2.824653586339589406e-01 -1.853016420293059907e-01 -9.116886551304864694e-01 -4.469404986501985394e-02
6.115076955002308745e-01 -8.681661552196505705e-01 -7.175172899992868225e-02 1.877632318499860842e-01 6.269073979447463696e-01 4.670333710779733805e-01 -5.113257937792083929e-01 -2.765699737196263830e-01 4.321960928904128307e-01 -9.939781096576972841e-01
-7.777179343515848720e-01 -4.377603791808959977e-01 3.250278631907956850e-01 9.618996596728264237e-01 -5.758559994770992008e-01 1.943630972081749619e-01 -6.981749904927048167e-01 -4.517758339738645046e-01 8.230601847591622056e-01 6.341786765384314073e-01
3.407850429926970737e-01 -5.140909549877109574e-01 -2.787216303237135540e-01 9.639993481746339521e-01 1.036906881056417762e-01 5.167474536104020855e-01 9.369514328093829780e-01 3.839437412708801012e-01 5.172995494307043307e-01 -7.891276076228941339e-01
-6.629624317530434796e-01 -9.146888059245107672e-02 -6.830738265303321066e-02 1.813732328926537241e-01 -5.596751368013461736e-01 -6.431617224569179392e-01 -4.869795112227143230e-01 -2.287972569732646677e-01 -2.033058880961506332e-01 -4.159295149419596216e-01
-4.621998819278285153e-01 4.684720408265587860e-02 -1.274540163852784513e-01 -1.817335225967258230e-02 9.282740027806546390e-02 -5.338305234483121664e-01 5.015634159835689054e-01 -1.636042914814439808e-01 -1.583396736709905828e-01 5.283902162832425642e-01
4.202337388664977857e-01 1.951100713744152726e-01 -7.236136595746344401e-03 4.858905019812527204e-01 5.446914339161730290e-01 -2.851529743005109530e-01 7.947760329041646532e-01 8.489982012059649197e-01 2.879781076378835625e-01 3.611481672909159779e-01
-2.460939871634682252e-01 1.114478172846999765e-01 9.663669576846940501e-01 5.775703524889728158e-01 4.553998291061959192e-01 2.464183056863300247e-01 -1.554012847636295491e-01 4.336494461069401174e-01 9.108792771303246827e-01 -9.255116782538458375e-01
2.641654364335189187e-01 -6.398570465492403603e-01 -8.796272793409342095e-01 6.592713974417055978e-01 -4.205409086054301415e-01 9.749245447592550518e-01 3.960756580975506591e-02 -1.170023385406777569e-02 -6.551769911796776480e-01 2.774309618750268047e-01
2.060986655860322092e-01 1.970301090894105434e-01 2.109031046169961288e-01 -2.577522291388039677e-01 -2.954339539544915683e-01 -9.027144945365962736e-02 5.303055104165536882e-02 -6.634473208673505873e-01 6.696626263017830816e-01 8.812103169809187841e-01
-9.662814547661695563e-01 -2.002835474875670763e-01 2.371362288757443149e-01 -6.696668931581331030e-01 -5.034068599958260171e-01 2.726410924452534745e-01 1.683750772537760398e-01 8.624818019562269233e-01 8.195837571453108428e-01 8.898231727983736683e-02
