1.776815355919521000e-01 -6.398063340313823177e-01 1.432086551932926499e-01 -2.444929214618771218e-01 -8.678606683990603976e-01 6.145194036035840357e-01 -7.725813394248135513e-01 2.477063375176695170e-01 -9.991124337601389183e-01 -3.859445905227050777e-01
6.199296093627981730e-01 -4.509667836853636924e-01 1.107418926991402819e-01 -9.459644932853100707e-01 -5.669967727263033330e-01 -5.893225938215252979e-01 -1.111402137384549793e-01 -7.138773425082766133e-01 -2.834929709652497798e-01 9.413696942222855579e-01
1.579481700842539083e-01 -2.038454273824810703e-01 -4.323091140184252001e-01 -7.279138933904573117e-01 -4.964052727401673804e-01 4.025027661267189805e-01 1.425734566390063907e-01 7.536679550926176363e-01 2.909413083081678342e-01 3.656207305418200382e-01
2.443281739616976200e-01 -8.210520812723894890e-01 2.475160712031882759e-01 -8.093866563008325632e-02 -3.532695701246467146e-01 -1.734360222885608094e-01 9.895328343387513881e-01 -1.415429414496880145e-01 -2.119609155727349981e-01 9.572858323261196345e-01
2.549756456908274654e-02 -8.713118694236831052e-01 -2.517159136681518250e-01 2.819424894691838768e-01 -4.058427699845835179e-01 -1.678946242745144035e-01 2.828383895607016196e-01 -2.039588994109316489e-01 -9.208992252095083986e-01 -2.809881739350756497e-02
6.478688161675054680e-01 -8.704199509413346192e-01 -7.419226749439210289e-02 1.410277190634759981e-01 6.435582952185578964e-01 4.685194920830415000e-01 -5.075054625892085891e-01 -2.876500779986740919e-01 4.251349888774012542e-01 -9.731389753970659529e-01
-7.192528904075512486e-01 -4.418681783988064882e-01 3.173758135366568922e-01 8.706902427386239429e-01 -5.464976937604880680e-01 1.906072194921921703e-01 -6.955041694560445409e-01 -4.805262799771816695e-01 8.079401720847095847e-01 6.661485929460690958e-01
3.996914888483018569e-01 -5.182408032370250384e-01 -2.865164664516879345e-01 8.717349899151201065e-01 1.333296026835976422e-01 5.128230738932635369e-01 9.395632419158735926e-01 3.547268677140642534e-01 5.019794890664625031e-01 -7.569513819906710239e-01
-6.376024355760354645e-01 -9.354192388459851848e-02 -7.387006728141562450e-02 1.321427611419049852e-01 -5.453846923334612073e-01 -6.484892767932823876e-01 -4.879104368686451032e-01 -2.478488271680839572e-01 -2.121311052552073140e-01 -4.029873192400173498e-01
-4.334333967814745781e-01 4.499018984829966650e-02 -1.299545757947281333e-01 -5.760246990950512735e-02 1.063956141805234429e-01 -5.335940608317061296e-01 5.040551672157710383e-01 -1.740413811922661425e-01 -1.645016081259210450e-01 5.446417816085966646e-01
4.797683747845011837e-01 1.909413164540218200e-01 -1.491882793848600501e-02 3.934836299536707549e-01 5.745110024119618464e-01 -2.887973033541524348e-01 7.975975548920747338e-01 8.200425229153492923e-01 2.726919611592710790e-01 3.937480528491557052e-01
-2.149084128102443370e-01 1.089220085593138737e-01 9.597070432980521204e-01 5.178091036961041116e-01 4.728477568405006215e-01 2.401646540104780125e-01 -1.563778576260756448e-01 4.107511888286721757e-01 9.002092445956361155e-01 -9.095219847051208006e-01
3.209914360520314536e-01 -6.438117911918829206e-01 -8.867728883373072746e-01 5.718768640101455913e-01 -3.922080987518250517e-01 9.717551857039274932e-01 4.247538205655413540e-02 -3.878841350976066499e-02 -6.695781826405052817e-01 3.086249966158530200e-01
2.395682106090650798e-01 1.949663212066279072e-01 2.087396710092610519e-01 -3.004134085377629382e-01 -2.801647774701881421e-01 -8.876664655747956711e-02 5.662439700116996683e-02 -6.734027659980571512e-01 6.632469309274016123e-01 9.004264810971679411e-01
-9.303622679644374394e-01 -2.030789109728244612e-01 2.303423412714494800e-01 -7.347205817304848230e-01 -4.839186905575270647e-01 2.668838091839947912e-01 1.680669732916516279e-01 8.386800605858586444e-01 8.081801310804119787e-01 1.077606921451613325e-01
