1.631296956784865082e-01 -6.389263365251255378e-01 1.429400741544157027e-01 -2.262736001391948970e-01 -8.746256604099681420e-01 6.137423829907427963e-01 -7.752266065483368607e-01 2.522786240586967765e-01 -9.972579720270032810e-01 -3.947856229082468693e-01
5.904367966703839565e-01 -4.492223439962506060e-01 1.109002068931133900e-01 -9.105648586158291424e-01 -5.802948418425587507e-01 -5.914841387899685277e-01 -1.158875821637492809e-01 -7.060857695406937973e-01 -2.792920445098562299e-01 9.237294111778285854e-01
1.416507502449354805e-01 -2.021159938407021683e-01 -4.459822335463652365e-01 -6.784636262915791916e-01 -5.118381318803583158e-01 4.127985301461711831e-01 1.279276559971595228e-01 7.868646041021117865e-01 2.845986528174280772e-01 3.504247082473630481e-01
2.337986518754001097e-01 -8.193596148256915290e-01 2.283436571154854045e-01 -2.653396520526547092e-02 -3.693144290428420629e-01 -1.581514246047852901e-01 9.710378650362663233e-01 -9.838903470205678792e-02 -2.225681534861902455e-01 9.433746555313197169e-01
3.240642373932900444e-02 -8.707906407412187022e-01 -2.684689350707428757e-01 3.099578719547659289e-01 -4.125483932774453022e-01 -1.534303325142853947e-01 2.693459980464011916e-01 -1.706881353501128462e-01 -9.324081164710046332e-01 -3.058476164148142204e-02
6.340377167880462128e-01 -8.687378540960473128e-01 -8.965005714204736520e-02 1.913653587006645118e-01 6.281967471618402632e-01 4.804751730986040470e-01 -5.233019428938913142e-01 -2.513857822444167667e-01 4.173256927062874433e-01 -9.875611950466803846e-01
-7.295393295383151289e-01 -4.402318981081079219e-01 2.989536642373086250e-01 9.231707241914000051e-01 -5.619913942194181278e-01 2.052820663096005249e-01 -7.133033740818607304e-01 -4.390145521332042833e-01 7.977715180363792458e-01 6.526803755679219110e-01
3.904088784614670460e-01 -5.166191313401115037e-01 -3.057487437085944504e-01 9.247585350701708062e-01 1.178157282842864362e-01 5.282434557136509445e-01 9.212225303827265011e-01 3.976629914552026190e-01 4.911611651279938484e-01 -7.701378055506867826e-01
-6.289283253893872550e-01 -9.349420805769195764e-02 -8.399737994294859122e-02 1.436273557214703400e-01 -5.473961441228794023e-01 -6.394360399663406858e-01 -4.953216092576336327e-01 -2.289753349840925600e-01 -2.197137473871113300e-01 -4.017903840494976286e-01
-4.518428229464502843e-01 4.618751595852486902e-02 -1.318052449425658190e-01 -3.127160376765882738e-02 9.694961044833969033e-02 -5.333154595200634285e-01 4.993886153818078988e-01 -1.650848236355547949e-01 -1.631068384667229143e-01 5.328588552386300803e-01
4.690436425026759948e-01 1.926385468438828741e-01 -3.396827093981268086e-02 4.478578132175369819e-01 5.584497558614159862e-01 -2.736288195835931969e-01 7.791776858866151789e-01 8.629920171598228773e-01 2.621892949111825355e-01 3.797683892818385365e-01
-1.984673473933772081e-01 1.090120375332059438e-01 9.405189663697829383e-01 5.395611068228410856e-01 4.690395709596071327e-01 2.573181315416759873e-01 -1.704186497125528277e-01 4.465087797822657190e-01 8.858416360107351784e-01 -9.072503563865256249e-01
3.100419416875287992e-01 -6.421376741774602603e-01 -9.051666412779225679e-01 6.250992497484438859e-01 -4.079861733539513757e-01 9.863606976109789981e-01 2.459114733188511731e-02 2.846336998928875039e-03 -6.796367536360764516e-01 2.947700253837763906e-01
2.126255988975760125e-01 1.965832346024984634e-01 2.084652102506487636e-01 -2.671644514906487133e-01 -2.925591986083393992e-01 -9.039134594970524295e-02 5.192137705070008075e-02 -6.654050265591190394e-01 6.668207417236793333e-01 8.841456007548660345e-01
-9.189602215527477025e-01 -2.027087334371174554e-01 2.115030781599709364e-01 -7.076192360458056774e-01 -4.898098891219918594e-01 2.833992979204832952e-01 1.534961873394264931e-01 8.750933248728345326e-01 7.947328670756003133e-01 1.071457704937328614e-01
