1.615946924665097040e-01 -6.388938547828520997e-01 1.448228959956126272e-01 -2.268962746903483707e-01 -8.745339992910032834e-01 6.126802290196987633e-01 -7.738216062220210079e-01 2.499959469021098002e-01 -9.957646643600398528e-01 -3.949574650939596254e-01
5.890826835454441301e-01 -4.491995675972567104e-01 1.124905219039294274e-01 -9.113034800791598444e-01 -5.801877335829792592e-01 -5.924934837542321642e-01 -1.147129072084885348e-01 -7.082173066152741558e-01 -2.780393163667425616e-01 9.235489854641265595e-01
1.235903596983726621e-01 -2.019311795960456457e-01 -4.262010650535070222e-01 -6.921469468176986162e-01 -5.098782974983612215e-01 3.978718909132169523e-01 1.422841319999807175e-01 7.560498764563587937e-01 2.999992402351443488e-01 3.474346819493695504e-01
1.963050153846585544e-01 -8.186077110711754701e-01 2.738344887253482129e-01 -4.307965137004785700e-02 -3.668902542828746949e-01 -1.846061104968106659e-01 1.004898995628798808e+00 -1.549771060916336762e-01 -1.865489730791193845e-01 9.389737483704770904e-01
6.030625100341609549e-03 -8.703645028537077000e-01 -2.377027070746237369e-01 2.950068611724580570e-01 -4.103839223034770889e-01 -1.733061711219645307e-01 2.920337659810046116e-01 -2.125578767944708569e-01 -9.081995528382588168e-01 -3.418503114359008888e-02
6.050832045259302294e-01 -8.681882216646187311e-01 -5.489253050011745627e-02 1.775885307287018156e-01 6.302073802647949474e-01 4.596635412592963155e-01 -4.974944650584988692e-01 -2.957081433130013259e-01 4.448005313726658416e-01 -9.911120090875834565e-01
-7.664626811490087288e-01 -4.394744223499939539e-01 3.439569577753214813e-01 9.074245711035752171e-01 -5.596800505800680892e-01 1.794391536114290642e-01 -6.797698879975909714e-01 -4.944008490878378792e-01 8.334297889167683326e-01 6.484298470553899740e-01
3.548594096456255675e-01 -5.159442090689254634e-01 -2.630733051840546954e-01 9.078469959018710123e-01 1.202838744663081993e-01 5.026928024393003680e-01 9.529092711817654937e-01 3.432473569295899640e-01 5.248950382040635798e-01 -7.744968948901826966e-01
-6.529359860107241120e-01 -9.291461089947104790e-02 -5.368966056462833036e-02 1.361942747575532742e-01 -5.462822143187133772e-01 -6.551670740557118400e-01 -4.725586102047399373e-01 -2.632414166836471447e-01 -1.955714640336155552e-01 -4.041268736769441094e-01
-4.672104173420804640e-01 4.669985042103461104e-02 -1.107066321133746145e-01 -3.147726172709777726e-02 9.703149421233155103e-02 -5.416452052635288839e-01 5.155165365344741568e-01 -1.841850336291363244e-01 -1.460996825499064622e-01 5.320565576586011591e-01
4.317408918589891176e-01 1.933872519610345120e-01 1.129852336779579858e-02 4.314166381564212283e-01 5.608587778386652234e-01 -2.999410718324304614e-01 8.128733588030062629e-01 8.067046655660609078e-01 2.980320143714882963e-01 3.753929755958159142e-01
-2.352867501781037429e-01 1.097700111734513373e-01 9.854271721046299337e-01 5.239440111923122645e-01 4.713326605342223474e-01 2.315803558674975893e-01 -1.369505894094752707e-01 3.913311544225180350e-01 9.214284311351758072e-01 -9.114760145792997204e-01
2.882497970353198324e-01 -6.419738418775808864e-01 -8.820091764823898561e-01 6.066826638145021988e-01 -4.053571394283110862e-01 9.676213852660140446e-01 4.126216130835440310e-02 -3.552200596229892343e-02 -6.617043541305076548e-01 2.908719095098005192e-01
1.985829062714659365e-01 1.970911955972415308e-01 2.282230513871872368e-01 -2.660704647000199929e-01 -2.926621042380583293e-01 -9.751301111520774278e-02 6.709730164723345935e-02 -6.820605147609881680e-01 6.827990675907046336e-01 8.836077066472689534e-01
-9.549589733592749319e-01 -2.019762970805998870e-01 2.553064838907102563e-01 -7.231666571823197609e-01 -4.875293095656079712e-01 2.581287740460481706e-01 1.861230687381921212e-01 8.209722143188619148e-01 8.294314837219715075e-01 1.029718948523221100e-01
