1.611306738971334807e-01 -6.388217133710982765e-01 1.440016725251443419e-01 -2.245895185786043746e-01 -8.752193837532499243e-01 6.133189501056717230e-01 -7.746163159876631177e-01 2.518174086513941812e-01 -9.962195141041031432e-01 -3.955612347225319625e-01
5.892110233681058240e-01 -4.491877921236416271e-01 1.118403087730646672e-01 -9.106326592799939279e-01 -5.803956531373410943e-01 -5.921662489472978574e-01 -1.152649402585699256e-01 -7.073425066466414446e-01 -2.785009747311838479e-01 9.233670966196773078e-01
1.180878611423104435e-01 -2.013192111745062685e-01 -4.292059499284643920e-01 -6.748376123058916765e-01 -5.149552138264176238e-01 4.015787897824731889e-01 1.387838633311383185e-01 7.670690627619499713e-01 2.991141191059714655e-01 3.429525578907113847e-01
1.843490217163251954e-01 -8.168444234303922080e-01 2.553160347498775740e-01 1.241631014793535132e-02 -3.833533343857952747e-01 -1.696657230883483192e-01 9.867460403326774321e-01 -1.121953385016391525e-01 -1.965001059557844598e-01 9.244672447634602053e-01
-5.758198205833679056e-03 -8.689684345918259334e-01 -2.464897280116069012e-01 3.355957800787359724e-01 -4.223252716940520402e-01 -1.640150919638451166e-01 2.824679348607359586e-01 -1.852585037552568759e-01 -9.116688793536659174e-01 -4.472192535566021920e-02
6.115369952920093333e-01 -8.681685913448441427e-01 -7.175847191030963745e-02 1.877049914047134449e-01 6.269241276507854232e-01 4.670266948807137997e-01 -5.113271636607125137e-01 -2.765929120433278099e-01 4.321855773289964842e-01 -9.939632871586117080e-01
-7.777179154475950540e-01 -4.377603807526643798e-01 3.250278588403241464e-01 9.618996220965597699e-01 -5.758559886832275154e-01 1.943630929007462149e-01 -6.981749913765413762e-01 -4.517758487734863659e-01 8.230601779746066216e-01 6.341786861017885135e-01
3.407852002338051522e-01 -5.140909680614907939e-01 -2.787216665104109703e-01 9.639990356197796206e-01 1.036907778877649844e-01 5.167474177817291681e-01 9.369514254577373524e-01 3.839436181694101391e-01 5.172994929975890388e-01 -7.891275280760428057e-01
-6.630496901803807352e-01 -9.146162550836044181e-02 -6.828730142651916191e-02 1.815466801888099002e-01 -5.597249599485487614e-01 -6.431418399103840944e-01 -4.869754315450637305e-01 -2.287289437897760125e-01 -2.032745714452101060e-01 -4.159736581894336593e-01
-4.621546762408601516e-01 4.684344546506055695e-02 -1.274644198003689333e-01 -1.826320953093910765e-02 9.285321199235997691e-02 -5.338408239339175188e-01 5.015613024383626106e-01 -1.636396822681316920e-01 -1.583558977855261396e-01 5.284130854305325586e-01
4.202180276739793663e-01 1.951113776783031939e-01 -7.232520898954695500e-03 4.859217317884457210e-01 5.446824630799860234e-01 -2.851493943767616779e-01 7.947767674647444602e-01 8.490105012394412176e-01 2.879837463131035280e-01 3.611402191410281737e-01
-2.461161225547253695e-01 1.114496577272778427e-01 9.663720518150763494e-01 5.776143519498851964e-01 4.553871901566909908e-01 2.464233494163185767e-01 -1.554002498462725146e-01 4.336667755396457213e-01 9.108872214211237717e-01 -9.255228763476461840e-01
2.641281988906614697e-01 -6.398539504413570667e-01 -8.796187096754500834e-01 6.593454160932126218e-01 -4.205621706386327152e-01 9.749330296380371852e-01 3.960930681261284891e-02 -1.167108119597487503e-02 -6.551636267956618687e-01 2.774121237396186546e-01
2.061698803585645945e-01 1.970241879517166395e-01 2.108867155985138242e-01 -2.578937857783061283e-01 -2.953932914740509674e-01 -9.028767632219227013e-02 5.302722146851544804e-02 -6.635030737381226729e-01 6.696370676452582105e-01 8.812463438888477052e-01
-9.662782497239663648e-01 -2.002838139701454134e-01 2.371354912830506145e-01 -6.696732639571626455e-01 -5.034050299686946284e-01 2.726403621501669039e-01 1.683749274053379652e-01 8.624792927815512211e-01 8.195826068703060407e-01 8.898393868163720355e-02
