1.776800235699737551e-01 -6.398062469480290115e-01 1.432087055485065374e-01 -2.444911983572010672e-01 -8.678613253417348794e-01 6.145192575168676452e-01 -7.725815459068809954e-01 2.477066482892521515e-01 -9.991121917945477993e-01 -3.859454781719638405e-01
6.199520520384773636e-01 -4.509680762482254912e-01 1.107411452855772832e-01 -9.459900690242601939e-01 -5.669870218419942320e-01 -5.893204254821474697e-01 -1.111371489615276126e-01 -7.138819552360935461e-01 -2.834965624178640287e-01 9.413828694437544886e-01
1.579652071999037011e-01 -2.038464086176633716e-01 -4.323096814093857487e-01 -7.279333089373624111e-01 -4.963978704613109527e-01 4.025044121982157552e-01 1.425757832314189510e-01 7.536644533899508058e-01 2.909385818955771974e-01 3.656307323693689382e-01
2.443528044195912852e-01 -8.210534998383215433e-01 2.475152509294136216e-01 -8.096673457205426361e-02 -3.532588686936393718e-01 -1.734336425726790143e-01 9.895361978797188041e-01 -1.415480038406388141e-01 -2.119648571313823282e-01 9.573002919093828167e-01
2.546424923307351318e-02 -8.713099506611134970e-01 -2.517148041598941677e-01 2.819804557236978981e-01 -4.058572448177891756e-01 -1.678978430954778667e-01 2.828338400107910378e-01 -2.039520519842104862e-01 -9.208938938286911347e-01 -2.811837553071503543e-02
6.478777186829937085e-01 -8.704204636725730859e-01 -7.419256397690228433e-02 1.410175737307455823e-01 6.435621631797505682e-01 4.685203522155484412e-01 -5.075042468596558942e-01 -2.876519077662749169e-01 4.251335642271955595e-01 -9.731337490766902576e-01
-7.193328814261784609e-01 -4.418635713982226321e-01 3.173784774958520738e-01 8.707814007377867593e-01 -5.465324482246861626e-01 1.905994910164062472e-01 -6.955150930478564142e-01 -4.805098391212872522e-01 8.079529728735760363e-01 6.661016333321171379e-01
3.996395346055393594e-01 -5.182378109857591619e-01 -2.865147362076541637e-01 8.717941971223731601e-01 1.333070296260092102e-01 5.128180542408818932e-01 9.395561470325908271e-01 3.547375460656219670e-01 5.019878031910195437e-01 -7.569818823046459144e-01
-6.376284797037310437e-01 -9.354042389980575523e-02 -7.386919992787210898e-02 1.321724411061236670e-01 -5.453960079751307699e-01 -6.484917930934085417e-01 -4.879139934606841478e-01 -2.478434742202444696e-01 -2.121269374700539001e-01 -4.030026087338041685e-01
-4.334804038824780492e-01 4.499289717401552119e-02 -1.299530103064882591e-01 -5.754890047949333398e-02 1.063751905550099769e-01 -5.335986025071105532e-01 5.040487479152990780e-01 -1.740317196454215787e-01 -1.644940856817080077e-01 5.446141855690159739e-01
4.797869374821986388e-01 1.909402473545079304e-01 -1.491944613625454698e-02 3.934624758489949081e-01 5.745190675250660961e-01 -2.887955098858088765e-01 7.976000898183208676e-01 8.200387076540475162e-01 2.726889906111008566e-01 3.937589502865522784e-01
-2.149695854429587716e-01 1.089255317342835983e-01 9.597090805442356487e-01 5.178788162075518287e-01 4.728211785807152068e-01 2.401587437068112840e-01 -1.563862113748002158e-01 4.107637618707011273e-01 9.002190339191029622e-01 -9.095578967770758805e-01
3.210143432466968649e-01 -6.438131105082388617e-01 -8.867736512208522770e-01 5.718507589039978356e-01 -3.921981460435017830e-01 9.717573989236405474e-01 4.247851026830059412e-02 -3.879312171191763581e-02 -6.695818484290833039e-01 3.086384445383407171e-01
2.396246938321265063e-01 1.949630681133921184e-01 2.087377899355601363e-01 -3.004777769842324475e-01 -2.801402366631403629e-01 -8.876118932954031593e-02 5.663211036303900797e-02 -6.734143752080252732e-01 6.632378920399701894e-01 9.004596401992177590e-01
-9.305467006017903442e-01 -2.030682887644497947e-01 2.303484834737692111e-01 -7.345104017566584931e-01 -4.839988227723912573e-01 2.668659898938246511e-01 1.680417871284821396e-01 8.387179677217468932e-01 8.082096454345399916e-01 1.076524189215059268e-01
