1.631321092008483908e-01 -6.389263442769907986e-01 1.429376343073450739e-01 -2.262712256975130676e-01 -8.746259979943397100e-01 6.137445863526974632e-01 -7.752283383937188521e-01 2.522830818273967268e-01 -9.972598438425656076e-01 -3.947851401993691112e-01
5.904248737228234845e-01 -4.492223057015641841e-01 1.109122598863394871e-01 -9.105765885024483808e-01 -5.802931741551888845e-01 -5.914950235323092054e-01 -1.158790267420143349e-01 -7.061077911897515325e-01 -2.792827976269000589e-01 9.237270265665536995e-01
1.417106416202788821e-01 -2.021161862026517875e-01 -4.460427781673706460e-01 -6.784047047003630704e-01 -5.118465090110730920e-01 4.128532064068636820e-01 1.278846803846483970e-01 7.869752232961250149e-01 2.845522038554514355e-01 3.504366866317509266e-01
2.338001997583181724e-01 -8.193596197972550232e-01 2.283420923495387556e-01 -2.653244238626147056e-02 -3.693146455484317969e-01 -1.581500115056626854e-01 9.710367543385052258e-01 -9.838617576686216337e-02 -2.225693539521069741e-01 9.433749651107287137e-01
3.243295973515198521e-02 -8.707907259707841074e-01 -2.684957604992939673e-01 3.099839782695638646e-01 -4.125521049221417269e-01 -1.534061071727060299e-01 2.693269568961930704e-01 -1.706391234439169069e-01 -9.324286965537615934e-01 -3.057945439388091990e-02
6.340424577614054424e-01 -8.687378693233296367e-01 -8.965484982602868469e-02 1.913700229063641511e-01 6.281960840320770512e-01 4.804795012459179837e-01 -5.233053448233484506e-01 -2.513770256805739067e-01 4.173220158281054082e-01 -9.875602468433548609e-01
-7.295491165387917309e-01 -4.402318666737572439e-01 2.989635579863039738e-01 9.231610956657899658e-01 -5.619900252913908600e-01 2.052731315241428933e-01 -7.132963513287895463e-01 -4.390326286942837219e-01 7.977791083782339587e-01 6.526784181499624138e-01
3.904084697631090006e-01 -5.166191300274347586e-01 -3.057483305524922312e-01 9.247581329896134017e-01 1.178157854497722534e-01 5.282430826032015192e-01 9.212228236480283217e-01 3.976622365905380652e-01 4.911614820954099958e-01 -7.701378872911044393e-01
-6.289465198693782177e-01 -9.349414961980130612e-02 -8.397898701259551291e-02 1.436094558534798393e-01 -5.473935992232791259e-01 -6.394526501397662654e-01 -4.953085536395676058e-01 -2.290089401350938192e-01 -2.196996365956252750e-01 -4.017940229787060336e-01
-4.518734279491385952e-01 4.618761425711880031e-02 -1.317743061257827808e-01 -3.130171320240184019e-02 9.695389123345402038e-02 -5.333433995547660622e-01 4.994105762856758668e-01 -1.651413509854569306e-01 -1.630831026517075844e-01 5.328527341822293373e-01
4.690480340610193588e-01 1.926385327388682456e-01 -3.397271039764775125e-02 4.478621336660827956e-01 5.584491416050547663e-01 -2.736248104255558089e-01 7.791745346831471242e-01 8.630001283551597124e-01 2.621858890230168715e-01 3.797692676015230751e-01
-1.984587049694703786e-01 1.090120097750604256e-01 9.405102296814532581e-01 5.395696093053043985e-01 4.690383621258753521e-01 2.573260214159664994e-01 -1.704248511640781560e-01 4.465247423137890248e-01 8.858349333491728483e-01 -9.072486278859693831e-01
3.100577194272000070e-01 -6.421377248531501269e-01 -9.051825911081482490e-01 6.251147720089011983e-01 -4.079883802190776843e-01 9.863751014846996457e-01 2.457982586827664462e-02 2.875478437671497023e-03 -6.796489901163019764e-01 2.947731809605095843e-01
2.126136335016159673e-01 1.965832730335226597e-01 2.084773061552665507e-01 -2.671762231383267849e-01 -2.925575249836240288e-01 -9.040226944419924027e-02 5.192996293167833483e-02 -6.654271266102460558e-01 6.668300215276377063e-01 8.841432076538336959e-01
-9.189721167957013437e-01 -2.027086952314140211e-01 2.115151031464111708e-01 -7.076309386764216836e-01 -4.898082253097228445e-01 2.833884384703370674e-01 1.535047228814635234e-01 8.750713543941041062e-01 7.947420924721534385e-01 1.071433914234298651e-01
