1.616018823277952654e-01 -6.388941369736700349e-01 1.448125142336585680e-01 -2.268975471565269630e-01 -8.745338478408887228e-01 6.126836030597366811e-01 -7.738296199431853317e-01 2.500040310668786847e-01 -9.957730883378095310e-01 -3.949572981814351569e-01
5.890896576788481331e-01 -4.491998413210924745e-01 1.124804516411023053e-01 -9.113047143656820559e-01 -5.801875866770429546e-01 -5.924902109504325276e-01 -1.147206804823031889e-01 -7.082094650114769685e-01 -2.780474875876360330e-01 9.235491473685314423e-01
1.236610766897099645e-01 -2.019339551274272893e-01 -4.263031764769421028e-01 -6.921594623553639636e-01 -5.098768078873628928e-01 3.979050768052183051e-01 1.422053118075396472e-01 7.561293895077551008e-01 2.999163849004863325e-01 3.474363236432880253e-01
1.962972885774698084e-01 -8.186074078060701087e-01 2.738456458074826627e-01 -4.307828387484515659e-02 -3.668904170434326706e-01 -1.846097365134727331e-01 1.004907607822531412e+00 -1.549857939897683334e-01 -1.865399199904153038e-01 9.389735689927612983e-01
6.078332636616530851e-03 -8.703663752999410974e-01 -2.377715941178291936e-01 2.949984178626413045e-01 -4.103829173728459900e-01 -1.732837830492180708e-01 2.919805918128313138e-01 -2.125042352054823391e-01 -9.082554492191571294e-01 -3.418392361383396777e-02
6.051418965336349265e-01 -8.681905252341873824e-01 -5.497727851240777341e-02 1.775781433802132714e-01 6.302086165767269987e-01 4.596910840971941692e-01 -4.975598823684628802e-01 -2.956421509604291176e-01 4.447317650712698245e-01 -9.911106465534839094e-01
-7.664636633029349166e-01 -4.394743838019873894e-01 3.439583759512581662e-01 9.074247449257956122e-01 -5.596800712685513490e-01 1.794386927087024963e-01 -6.797687933022426021e-01 -4.944019534059674870e-01 8.334309396542458614e-01 6.484298242547008595e-01
3.548492366306645329e-01 -5.159438097939882395e-01 -2.630586159132209945e-01 9.078487963284659346e-01 1.202836601778509984e-01 5.026880284724015713e-01 9.529206098852619489e-01 3.432359185546512426e-01 5.249069573842087832e-01 -7.744971310565761380e-01
-6.529944850248271537e-01 -9.291231490459957165e-02 -5.360519122442225504e-02 1.362046279499126433e-01 -5.462834465653509941e-01 -6.551945263260573471e-01 -4.724934080028075911e-01 -2.633071920373076802e-01 -1.955029238525498592e-01 -4.041282317307000049e-01
-4.672714260637460537e-01 4.670224491800532146e-02 -1.106185388942851344e-01 -3.146646436511336270e-02 9.703020910020976331e-02 -5.416738352831330650e-01 5.155845360221691376e-01 -1.842536308577469306e-01 -1.460282018780754143e-01 5.320551413420209208e-01
4.317319841071551867e-01 1.933876015763714706e-01 1.131138566866817657e-02 4.314182146559510378e-01 5.608585902022167335e-01 -2.999452520398281918e-01 8.128832872615067151e-01 8.066946498326988957e-01 2.980424511101743557e-01 3.753927688024875087e-01
-2.352919756340061674e-01 1.097702162644282886e-01 9.854347173738814414e-01 5.239449359967889297e-01 4.713325504631286078e-01 2.315779036786818901e-01 -1.369447651877142291e-01 3.913252790036705897e-01 9.214345535237185025e-01 -9.114761358881819930e-01
2.882979534113157549e-01 -6.419757319400718476e-01 -8.820787116253226978e-01 6.066741410687489511e-01 -4.053561250431405028e-01 9.676439839691369782e-01 4.120848686955995432e-02 -3.546785970512347091e-02 -6.617607763930163367e-01 2.908730274593642195e-01
1.984973019546607542e-01 1.970945554328793481e-01 2.283466592850328103e-01 -2.660553143941171150e-01 -2.926639074416364505e-01 -9.755318329389667253e-02 6.719271504925715399e-02 -6.821567668824820574e-01 6.828993656121975508e-01 8.836057193443076496e-01
-9.549634831885430719e-01 -2.019761200768498133e-01 2.553129958346902484e-01 -7.231658590298954969e-01 -4.875294045624559702e-01 2.581266576847012773e-01 1.861280953322831389e-01 8.209671435391298067e-01 8.294367676488778596e-01 1.029717901567016730e-01
