1.802709353985891827e-01 -6.399554678544747688e-01 1.431224198190806651e-01 -2.474438090672174684e-01 -8.667356270579349431e-01 6.147695831118484833e-01 -7.722277303945624949e-01 2.471741284046399534e-01 -9.995268097836508270e-01 -3.844244546702805798e-01
6.152487768561272219e-01 -4.506971959433758168e-01 1.108977795350787887e-01 -9.406302028481186017e-01 -5.690304988690915167e-01 -5.897748408525883557e-01 -1.117794292969057635e-01 -7.129152733406532993e-01 -2.827439075120634637e-01 9.386217596258796814e-01
1.559442032200752948e-01 -2.037300109685926119e-01 -4.322423754514422289e-01 -7.256301668813798234e-01 -4.972759554221802825e-01 4.023091492725841545e-01 1.422997944653701663e-01 7.540798379639268578e-01 2.912619987702199098e-01 3.644442795860810547e-01
2.336499266095221627e-01 -8.204370785804626642e-01 2.478716913179278836e-01 -6.876970366541231006e-02 -3.579090505521836385e-01 -1.744677203155884093e-01 9.880746104363219429e-01 -1.393482009783845732e-01 -2.102520988560080961e-01 9.510170488808237232e-01
2.386144741468959607e-02 -8.712176389361251383e-01 -2.516614256842174546e-01 2.838070133713671006e-01 -4.065536294790882965e-01 -1.680527006689359337e-01 2.826149610276263990e-01 -2.036226220785088414e-01 -9.206374009370653644e-01 -2.905931810057676978e-02
6.465770492787483725e-01 -8.703455529537504898e-01 -7.414924748614111494e-02 1.424998203941596764e-01 6.429970488829307440e-01 4.683946857073735814e-01 -5.076818665711942957e-01 -2.873845762757094580e-01 4.253417075252112767e-01 -9.738973214645759713e-01
-7.198926394954799912e-01 -4.418313327069754437e-01 3.173971192469060010e-01 8.714193026733848546e-01 -5.467756516756862029e-01 1.905454089862129996e-01 -6.955915337379166008e-01 -4.803947899331276750e-01 8.080425497408837421e-01 6.657730211542494114e-01
4.007703596902161824e-01 -5.183029396953908741e-01 -2.865523963341805591e-01 8.705055055431015765e-01 1.337983500341525245e-01 5.129273109353839066e-01 9.397105727649752716e-01 3.545051233189434603e-01 5.018068397103415679e-01 -7.563180189067912895e-01
-6.372037650506754414e-01 -9.356488490415557080e-02 -7.388334429713702689e-02 1.316884350432916684e-01 -5.452114781309388425e-01 -6.484507585251730877e-01 -4.878559943304550117e-01 -2.479307674254938310e-01 -2.121949036329497940e-01 -4.027532752900057078e-01
-4.266483574222517672e-01 4.459941247321840690e-02 -1.301805395129171650e-01 -6.533472064017925574e-02 1.093435752333987293e-01 -5.329385120801791720e-01 5.049817337436129927e-01 -1.754359359342518854e-01 -1.655874032286471231e-01 5.486250141567836636e-01
4.701161818104014900e-01 1.914972245975861409e-01 -1.459737874745944616e-02 4.044832973432404000e-01 5.703173216599402018e-01 -2.897298672964775945e-01 7.962794492103566490e-01 8.220263745586409154e-01 2.742365806237991310e-01 3.880816259973268179e-01
-1.947180930782264341e-01 1.077591678255744867e-01 9.590346404604959130e-01 4.948001561815650318e-01 4.816200384830799375e-01 2.421153779772098336e-01 -1.536206629423504111e-01 4.066013962285421335e-01 8.969782316085560536e-01 -8.976690337556825217e-01
3.137480700381465870e-01 -6.433946169637319024e-01 -8.865316608616734539e-01 5.801314251391493926e-01 -3.953551933772420646e-01 9.710553549003226870e-01 4.148622633585057756e-02 -3.729965716100478584e-02 -6.684190425193151652e-01 3.043726983258335794e-01
2.299688596407387930e-01 1.955191859691273737e-01 2.090593603908791343e-01 -2.894739600527743151e-01 -2.843354994497210297e-01 -8.969410507460692794e-02 5.531350743585466967e-02 -6.714297751716048479e-01 6.647830942005873434e-01 8.947910757304277096e-01
-9.148810149063200114e-01 -2.039705378467049357e-01 2.298267655587629410e-01 -7.523630630681452658e-01 -4.771924022268629884e-01 2.683795582249383638e-01 1.701810967525870522e-01 8.354981402282806169e-01 8.057026997989386041e-01 1.168491333174284247e-01
