1.611312363602919739e-01 -6.388217601369824417e-01 1.440015430826316334e-01 -2.245906366106042995e-01 -8.752190625959062054e-01 6.133188219438394650e-01 -7.746163422850471658e-01 2.518169683082648880e-01 -9.962197159695611592e-01 -3.955609501775182446e-01
5.892175349571846521e-01 -4.491883335283834988e-01 1.118388102278897178e-01 -9.106456026432182549e-01 -5.803919351255558690e-01 -5.921677326661410889e-01 -1.152652447011922043e-01 -7.073476044623265846e-01 -2.785033117107567624e-01 9.233703907735708594e-01
1.181472210950200302e-01 -2.013241466456311135e-01 -4.292196107368539404e-01 -6.749556046146187871e-01 -5.149213202558818869e-01 4.015652641316219684e-01 1.387810880178556860e-01 7.670225908340793097e-01 2.990928150901235871e-01 3.429825875527447443e-01
1.843450463131690864e-01 -8.168440928963099923e-01 2.553169496296627816e-01 1.242421222627433652e-02 -3.833556042765402516e-01 -1.696648172602162330e-01 9.867462261985462391e-01 -1.121922262240800661e-01 -1.964986792017529571e-01 9.244652336430367878e-01
-5.811070897896487841e-03 -8.689640385026604630e-01 -2.464775601495663160e-01 3.357008773829004977e-01 -4.223554611439427897e-01 -1.640030444884048311e-01 2.824704068688470016e-01 -1.852171105967432285e-01 -9.116499035860278211e-01 -4.474867317133333910e-02
6.115672604185433681e-01 -8.681711077325985348e-01 -7.176543697809679989e-02 1.876448321223915250e-01 6.269414085473180576e-01 4.670197987240327087e-01 -5.113285786754461215e-01 -2.766166061116868136e-01 4.321747153133464470e-01 -9.939479763054231976e-01
-7.777169853552909906e-01 -4.377604580849987492e-01 3.250276447934428714e-01 9.618977733124338680e-01 -5.758554576156024174e-01 1.943628809716056172e-01 -6.981750348620464619e-01 -4.517765769274099119e-01 8.230598441687277944e-01 6.341791566270547076e-01
3.407853972015952859e-01 -5.140909844383373395e-01 -2.787217118396121962e-01 9.639986440985057747e-01 1.036908903531795212e-01 5.167473729010068073e-01 9.369514162487118103e-01 3.839434639665761373e-01 5.172994223067489683e-01 -7.891274284318230414e-01
-6.631318128733315609e-01 -9.145479743385477589e-02 -6.826840211272895698e-02 1.817099189667712722e-01 -5.597718506746874878e-01 -6.431231275829459859e-01 -4.869715919833702000e-01 -2.286646512880278204e-01 -2.032450979858788365e-01 -4.160152033154321249e-01
-4.621106156517807428e-01 4.683978205639496156e-02 -1.274745596882473353e-01 -1.835079064231223689e-02 9.287836987432653013e-02 -5.338508634996008695e-01 5.015592424310254538e-01 -1.636741765765698242e-01 -1.583717109296606529e-01 5.284353752831798534e-01
4.202029200723674252e-01 1.951126337967486746e-01 -7.229044109613993671e-03 4.859517618122606297e-01 5.446738368844200595e-01 -2.851459519861384573e-01 7.947774738050548127e-01 8.490223287315527001e-01 2.879891683623045928e-01 3.611325763423089419e-01
-2.461375160886400404e-01 1.114514364882787378e-01 9.663769752180482175e-01 5.776568767893299761e-01 4.553749747957002159e-01 2.464282241080424651e-01 -1.553992496136893386e-01 4.336835241844744226e-01 9.108948994627116269e-01 -9.255336991425413551e-01
2.640916549593649298e-01 -6.398509120036651732e-01 -8.796102996343289071e-01 6.594180560234486066e-01 -4.205830366308802026e-01 9.749413564717505087e-01 3.961101538637844949e-02 -1.164247155493236541e-02 -6.551505113456665974e-01 2.773936364960122858e-01
2.062400324058273893e-01 1.970183551740978811e-01 2.108705711504129943e-01 -2.580332299934821605e-01 -2.953532357925082730e-01 -9.030366104007804540e-02 5.302394158199793400e-02 -6.635579946188100431e-01 6.696118903959777935e-01 8.812818331736953503e-01
-9.662754387979100024e-01 -2.002840476840173356e-01 2.371348443903140146e-01 -6.696788513547248245e-01 -5.034034249754927304e-01 2.726397216576685878e-01 1.683747959833932772e-01 8.624770921539062218e-01 8.195815980417857638e-01 8.898536070365074824e-02
