1.776799163952479943e-01 -6.398062407754107062e-01 1.432087091177709492e-01 -2.444910762205696475e-01 -8.678613719069647736e-01 6.145192471619892460e-01 -7.725815605426861188e-01 2.477066703172779438e-01 -9.991121746436093520e-01 -3.859455410900742844e-01
6.199738014799783814e-01 -4.509693288849766502e-01 1.107404209589507305e-01 -9.460148547515102591e-01 -5.669775721537798630e-01 -5.893183241208336254e-01 -1.111341788528182606e-01 -7.138864254808739984e-01 -2.835000429337193317e-01 9.413956376944168092e-01
1.579817838529720964e-01 -2.038473633329760948e-01 -4.323102334654556067e-01 -7.279521997397607747e-01 -4.963906682440435980e-01 4.025060137812940808e-01 1.425780469429560049e-01 7.536610463278957672e-01 2.909359291698127015e-01 3.656404638772565718e-01
2.443765260529237593e-01 -8.210548660614361838e-01 2.475144609224312620e-01 -8.099376781489295296e-02 -3.532485621283458777e-01 -1.734313506645128178e-01 9.895394373113960418e-01 -1.415528794374482091e-01 -2.119686532528102796e-01 9.573142179571156873e-01
2.542966357235560901e-02 -8.713079587354966016e-01 -2.517136523457221275e-01 2.820198696439714103e-01 -4.058722715811410864e-01 -1.679011846511423434e-01 2.828291169850475351e-01 -2.039449434628585467e-01 -9.208883591605714347e-01 -2.813867942612057263e-02
6.478863634944141969e-01 -8.704209615616105289e-01 -7.419285187703494877e-02 1.410077220783256813e-01 6.435659191737879148e-01 4.685211874495144868e-01 -5.075030663222297456e-01 -2.876536845669862563e-01 4.251321808168117000e-01 -9.731286740443433336e-01
-7.194196671509981433e-01 -4.418585730635123943e-01 3.173813677407022471e-01 8.708803020040316589e-01 -5.465701548499788398e-01 1.905911060578903415e-01 -6.955269445263011496e-01 -4.804920017237901408e-01 8.079668610045074306e-01 6.660506848105952615e-01
3.995850257830276808e-01 -5.182346716060958203e-01 -2.865129208878665068e-01 8.718563155361921391e-01 1.332833466556836155e-01 5.128127877731941675e-01 9.395487032953127038e-01 3.547487494695949484e-01 5.019965261194220263e-01 -7.570138823129726191e-01
-6.376542553585932138e-01 -9.353893937743017195e-02 -7.386834151534080184e-02 1.322018151179148726e-01 -5.454072069708363335e-01 -6.484942834545501800e-01 -4.879175133900116035e-01 -2.478381764526395026e-01 -2.121228126480245724e-01 -4.030177406176388977e-01
-4.335262459401265644e-01 4.499553740025560161e-02 -1.299514836179537780e-01 -5.749665873630192825e-02 1.063552731170443882e-01 -5.336030316197608592e-01 5.040424877134143111e-01 -1.740222975543339046e-01 -1.644867496768510906e-01 5.445872734810480731e-01
4.798048863361769611e-01 1.909392136086927594e-01 -1.492004389104526277e-02 3.934420212824196739e-01 5.745268659356087548e-01 -2.887937757250775839e-01 7.976025409179282599e-01 8.200350185583616947e-01 2.726861182950069407e-01 3.937694873601909618e-01
-2.150280817419198687e-01 1.089289007685588229e-01 9.597110286598639073e-01 5.179454787612139954e-01 4.727957631332955213e-01 2.401530919819321042e-01 -1.563941996427748449e-01 4.107757848357549424e-01 9.002283949546956432e-01 -9.095922376776417462e-01
3.210366572316253331e-01 -6.438143956592889960e-01 -8.867743943485978386e-01 5.718253298214041047e-01 -3.921884510726960094e-01 9.717595548293306296e-01 4.248155747118961129e-02 -3.879770798943897592e-02 -6.695854192875964062e-01 3.086515442104783569e-01
2.396793116605805685e-01 1.949599224556433641e-01 2.087359709855226286e-01 -3.005400196215426978e-01 -2.801165063319586701e-01 -8.875591233004796743e-02 5.663956898619351699e-02 -6.734256010164008099e-01 6.632291516675836718e-01 9.004917042006909123e-01
-9.307244216379938484e-01 -2.030580531038518877e-01 2.303544021581002410e-01 -7.343078703431638043e-01 -4.840760389336051794e-01 2.668488190570417196e-01 1.680175175031017321e-01 8.387544953969255923e-01 8.082380857457224232e-01 1.075480858176837556e-01
