1.631347677507412330e-01 -6.389263528158469763e-01 1.429349467601855328e-01 -2.262686101958800711e-01 -8.746263698512195539e-01 6.137470134061115967e-01 -7.752302460608809787e-01 2.522879921612253828e-01 -9.972619056900716705e-01 -3.947846084845379466e-01
5.904132827520848226e-01 -4.492222684731366211e-01 1.109239772818148562e-01 -9.105879917877419683e-01 -5.802915529021047680e-01 -5.915056052051153035e-01 -1.158707095333304377e-01 -7.061291996785965530e-01 -2.792738082097088737e-01 9.237247083512489798e-01
1.417701343909660294e-01 -2.021163772843441175e-01 -4.461029198360693671e-01 -6.783461752594436289e-01 -5.118548303881290673e-01 4.129075187718871387e-01 1.278419907946096445e-01 7.870851062685112476e-01 2.845060640326858570e-01 3.504485852944799751e-01
2.338016934893713261e-01 -8.193596245948910894e-01 2.283405823261008272e-01 -2.653097284227459024e-02 -3.693148544796879817e-01 -1.581486478430652043e-01 9.710356824979177182e-01 -9.838341685000265291e-02 -2.225705124203587737e-01 9.433752638596657469e-01
3.245837028670337659e-02 -8.707908075855944618e-01 -2.685214482081568210e-01 3.100089773637156321e-01 -4.125556591486169156e-01 -1.533829092759638746e-01 2.693087233189725427e-01 -1.705921902299786796e-01 -9.324484037943457926e-01 -3.057437223718899658e-02
6.340465020654522110e-01 -8.687378823130165184e-01 -8.965893824200413254e-02 1.913740017234882296e-01 6.281955183468935777e-01 4.804831933872508176e-01 -5.233082468512714192e-01 -2.513695558629008286e-01 4.173188792542028014e-01 -9.875594379751634344e-01
-7.295603307551365990e-01 -4.402318306554072747e-01 2.989748945180596418e-01 9.231500630343385527e-01 -5.619884567357241734e-01 2.052628937993817293e-01 -7.132883044637194914e-01 -4.390533413188719147e-01 7.977878056022601472e-01 6.526761752862242361e-01
3.904080236249256042e-01 -5.166191285945070932e-01 -3.057478795482019840e-01 9.247576940754705932e-01 1.178158478520439922e-01 5.282426753130452513e-01 9.212231437786245758e-01 3.976614125746261719e-01 4.911618280994113905e-01 -7.701379765195554006e-01
-6.289684662378877134e-01 -9.349407913141781490e-02 -8.395680127122236158e-02 1.435878648489891107e-01 -5.473905295392609283e-01 -6.394726855014355449e-01 -4.952928058190562144e-01 -2.290494750131479018e-01 -2.196826160141045203e-01 -4.017984122924664336e-01
-4.519031653767386358e-01 4.618770976919406301e-02 -1.317442443468806457e-01 -3.133096911016520353e-02 9.695805066904383818e-02 -5.333705475595407197e-01 4.994319146529831444e-01 -1.651962759267240066e-01 -1.630600396875335756e-01 5.328467866424299038e-01
4.690522518016415621e-01 1.926385191921295981e-01 -3.397697414190148368e-02 4.478662831114306186e-01 5.584485516609383193e-01 -2.736209599498493072e-01 7.791715082041990037e-01 8.630079185096770633e-01 2.621826179397822032e-01 3.797701111573461019e-01
-1.984502409791397137e-01 1.090119825900162931e-01 9.405016733729059109e-01 5.395779362434562909e-01 4.690371782500173947e-01 2.573337483940024151e-01 -1.704309245789340233e-01 4.465403752790222947e-01 8.858283690723836035e-01 -9.072469350724539083e-01
3.100730458286179436e-01 -6.421377740792104660e-01 -9.051980846772957889e-01 6.251298502393473067e-01 -4.079905239545876250e-01 9.863890933209965572e-01 2.456882826662280805e-02 2.903786255988471954e-03 -6.796608765595939516e-01 2.947762462687683049e-01
2.126017809635164790e-01 1.965833111020646451e-01 2.084892879710633917e-01 -2.671878837555820563e-01 -2.925558671445713799e-01 -9.041308990806866397e-02 5.193846783045074494e-02 -6.654490182132365428e-01 6.668392138042944506e-01 8.841408371245794706e-01
-9.189836969199706163e-01 -2.027086580378236469e-01 2.115268095771127566e-01 -7.076423312908760588e-01 -4.898066055737568258e-01 2.833778666995308004e-01 1.535130323071625669e-01 8.750499659386562490e-01 7.947510734773279850e-01 1.071410753774389157e-01
