1.616087737005175162e-01 -6.388944074492783898e-01 1.448025634726776145e-01 -2.268987667960115917e-01 -8.745337026782564749e-01 6.126868370258115037e-01 -7.738373009730746821e-01 2.500117796158920491e-01 -9.957811625924173349e-01 -3.949571381983183471e-01
5.890964379583009114e-01 -4.492001074364636581e-01 1.124706612926567872e-01 -9.113059143438099197e-01 -5.801874438545239210e-01 -5.924870291179279436e-01 -1.147282376891521488e-01 -7.082018413739549212e-01 -2.780554316801732151e-01 9.235493047726196503e-01
1.237295481975254630e-01 -2.019366425270902876e-01 -4.264020455463916059e-01 -6.921715804859414067e-01 -5.098753655761278925e-01 3.979372089423547920e-01 1.421289944003552019e-01 7.562063777734768788e-01 2.998361604793491897e-01 3.474379132083394439e-01
1.962897954589162552e-01 -8.186071137128784203e-01 2.738564654561554956e-01 -4.307695773800428868e-02 -3.668905748814798029e-01 -1.846132528653192661e-01 1.004915959550103599e+00 -1.549942191321478369e-01 -1.865311407022464119e-01 9.389733950401237816e-01
6.127235008600566413e-03 -8.703682946416086974e-01 -2.378422064377004597e-01 2.949897630900482626e-01 -4.103818872737174384e-01 -1.732608342669723633e-01 2.919260858970999517e-01 -2.124492501623768681e-01 -9.083127455254575988e-01 -3.418278834598435789e-02
6.052018718651603901e-01 -8.681928791722102190e-01 -5.506387957330195759e-02 1.775675289082667141e-01 6.302098799211054425e-01 4.597192291700700206e-01 -4.976267300536253435e-01 -2.955747156591257974e-01 4.446614951676611249e-01 -9.911092542270406591e-01
-7.664643506918975557e-01 -4.394743568230449760e-01 3.439593685028939918e-01 9.074248665803271718e-01 -5.596800857479874436e-01 1.794383701325373281e-01 -6.797680271478956371e-01 -4.944027262950976276e-01 8.334317450313054598e-01 6.484298082969761623e-01
3.548398033906281501e-01 -5.159434395540607454e-01 -2.630449948364542156e-01 9.078504658292286811e-01 1.202834614723087836e-01 5.026836016652206363e-01 9.529311240457338794e-01 3.432253119707784905e-01 5.249180098094511360e-01 -7.744973500491053597e-01
-6.530501918026148100e-01 -9.291012850063928852e-02 -5.352475371898954976e-02 1.362144869705303185e-01 -5.462846199952057225e-01 -6.552206682627608192e-01 -4.724313179893262493e-01 -2.633698278452173414e-01 -1.954376551861511380e-01 -4.041295249627307462e-01
-4.673319095062974937e-01 4.670461879859180016e-02 -1.105312041491780389e-01 -3.145575996735739538e-02 9.702893505277737640e-02 -5.417022188010743866e-01 5.156519500409396661e-01 -1.843216374709423788e-01 -1.459573366478230938e-01 5.320537372197876591e-01
4.317233677848333895e-01 1.933879397535555600e-01 1.132382716144693727e-02 4.314197395781022015e-01 5.608584087045561661e-01 -2.999492954859168115e-01 8.128928908966542854e-01 8.066849617780084136e-01 2.980525463964131538e-01 3.753925687746909601e-01
-2.352970260867251751e-01 1.097704144868038162e-01 9.854420099482171791e-01 5.239458298290919913e-01 4.713324440783719371e-01 2.315755336149203925e-01 -1.369391360221106357e-01 3.913196003555970970e-01 9.214404708703461955e-01 -9.114762531343679752e-01
2.883444782450731991e-01 -6.419775579670800036e-01 -8.821458909115198477e-01 6.066659070743686266e-01 -4.053551450254284094e-01 9.676658170262177894e-01 4.115663092545510104e-02 -3.541554792788570438e-02 -6.618152870643272401e-01 2.908741075326987113e-01
1.984135398781642634e-01 1.970978429634644147e-01 2.284676070897851408e-01 -2.660404901290643886e-01 -2.926656718395276302e-01 -9.759249095068259217e-02 6.728607511540060648e-02 -6.822509476185057986e-01 6.829975051787787743e-01 8.836037748089282662e-01
-9.549681328623271792e-01 -2.019759375844210891e-01 2.553197097064149879e-01 -7.231650361277007777e-01 -4.875295025050448428e-01 2.581244756974713228e-01 1.861332777951611173e-01 8.209619155204659346e-01 8.294422154241598566e-01 1.029716822145928523e-01
