1.611314411487126397e-01 -6.388217771640738452e-01 1.440014959536288497e-01 -2.245910436772789454e-01 -8.752189456650384392e-01 6.133187752811224414e-01 -7.746163518597183328e-01 2.518168079827882155e-01 -9.962197894671898091e-01 -3.955608465769124282e-01
5.892238422868637526e-01 -4.491888579500193934e-01 1.118373586899712724e-01 -9.106581399913252772e-01 -5.803883337425761457e-01 -5.921691698428089845e-01 -1.152655395938772115e-01 -7.073525423666968681e-01 -2.785055753825642078e-01 9.233735815944854597e-01
1.182054468468127228e-01 -2.013289878138527500e-01 -4.292330105258070350e-01 -6.750713424238284910e-01 -5.148880742956798429e-01 4.015519969177285819e-01 1.387783657329655362e-01 7.669770068533985352e-01 2.990719181338033494e-01 3.430120434328147172e-01
1.843411995536599624e-01 -8.168437730582776002e-01 2.553178349040300388e-01 1.243185859415169014e-02 -3.833578007138486732e-01 -1.696639407445915959e-01 9.867464060498142286e-01 -1.121892146595102890e-01 -1.964972986173386393e-01 9.244632876022684798e-01
-5.861815620242315228e-03 -8.689598193431017359e-01 -2.464658820080398716e-01 3.358017448309356667e-01 -4.223844355576280019e-01 -1.639914818882735603e-01 2.824727793859316827e-01 -1.851773833906214528e-01 -9.116316915369997442e-01 -4.477434446641468530e-02
6.115984563234563298e-01 -8.681737015097308330e-01 -7.177261625065514683e-02 1.875828226922034714e-01 6.269592209032133212e-01 4.670126904818832636e-01 -5.113300372077614897e-01 -2.766410288710859922e-01 4.321635192455883789e-01 -9.939321945798894609e-01
-7.777151015427594682e-01 -4.377606147142062976e-01 3.250272112620659071e-01 9.618940287779513820e-01 -5.758543819891910331e-01 1.943624517295087506e-01 -6.981751229377557433e-01 -4.517780517331684842e-01 8.230591680770161789e-01 6.341801096307394525e-01
3.407856352998377969e-01 -5.140910042349670084e-01 -2.787217666343739797e-01 9.639981708204782285e-01 1.036910263034154789e-01 5.167473186483743097e-01 9.369514051166744073e-01 3.839432775633893624e-01 5.172993368543774562e-01 -7.891273079800803503e-01
-6.632091710672013418e-01 -9.144836550265053599e-02 -6.825059927739007826e-02 1.818636871467817218e-01 -5.598160209491023220e-01 -6.431055008856020327e-01 -4.869679751809105062e-01 -2.286040888340226951e-01 -2.032173344835016271e-01 -4.160543381245311867e-01
-4.620676002270866500e-01 4.683620554770837052e-02 -1.274844590471200523e-01 -1.843629423587757332e-02 9.290293098437533981e-02 -5.338606649160284601e-01 5.015572312892697671e-01 -1.637078526430500447e-01 -1.583871489690719947e-01 5.284571363966380497e-01
4.201883826637265451e-01 1.951138425066162307e-01 -7.225698541687165626e-03 4.859806584391976880e-01 5.446655362597954131e-01 -2.851426395186484886e-01 7.947781534865817621e-01 8.490337098289920670e-01 2.879943857718532119e-01 3.611252219990455092e-01
-2.461581986158982716e-01 1.114531561327766346e-01 9.663817349934352707e-01 5.776979883305310981e-01 4.553631654079819957e-01 2.464329367910828850e-01 -1.553982826234880654e-01 4.336997161939193934e-01 9.109023223272586511e-01 -9.255441622456135331e-01
2.640557974461730240e-01 -6.398479306380661091e-01 -8.796020475621038059e-01 6.594893315311537441e-01 -4.206035106895195108e-01 9.749495268994832209e-01 3.961269186737449016e-02 -1.161439929930190712e-02 -6.551376422479932016e-01 2.773754965051032917e-01
2.063091260476477562e-01 1.970126103973831311e-01 2.108546702785497884e-01 -2.581705703710367450e-01 -2.953137844433121884e-01 -9.031940459162489387e-02 5.302071118013377410e-02 -6.636120868913344406e-01 6.695870930035753288e-01 8.813167870208230559e-01
-9.662730109786574761e-01 -2.002842495445524285e-01 2.371342856638983254e-01 -6.696836772345595712e-01 -5.034020387300641719e-01 2.726391684591898401e-01 1.683746824732115510e-01 8.624751914542587716e-01 8.195807267085473136e-01 8.898658891540468796e-02
