1.776812274327495833e-01 -6.398063162832694495e-01 1.432086654559890648e-01 -2.444925702827471514e-01 -8.678608022879413797e-01 6.145193738302296982e-01 -7.725813815071047586e-01 2.477064008547932017e-01 -9.991123844460915171e-01 -3.859447714309799937e-01
6.199948887775786899e-01 -4.509705433862297164e-01 1.107397186838540021e-01 -9.460388858976311877e-01 -5.669684101535695797e-01 -5.893162867337408128e-01 -1.111312991666315447e-01 -7.138907596327200844e-01 -2.835034174881252977e-01 9.414080172261641843e-01
1.579979081900956261e-01 -2.038482919976164209e-01 -4.323107704579440824e-01 -7.279705750815832488e-01 -4.963836625488181054e-01 4.025075716630558409e-01 1.425802488861241113e-01 7.536577322320435757e-01 2.909333488271858559e-01 3.656499298480561655e-01
2.443993865868603899e-01 -8.210561826904153593e-01 2.475136995928391148e-01 -8.101981974633748473e-02 -3.532386296931564473e-01 -1.734291419530097633e-01 9.895425591511426422e-01 -1.415575780492495106e-01 -2.119723115743733510e-01 9.573276384869054967e-01
2.539388032627111491e-02 -8.713058978361802875e-01 -2.517124606480906079e-01 2.820606483360370009e-01 -4.058878186708803626e-01 -1.679046419136657198e-01 2.828242304167722376e-01 -2.039375887972672552e-01 -9.208826328454683408e-01 -2.815968637728730184e-02
6.478947598215268888e-01 -8.704214451394493013e-01 -7.419313150183785843e-02 1.409981535993507507e-01 6.435695672064677408e-01 4.685219986757233057e-01 -5.075019197178773922e-01 -2.876554102957802339e-01 4.251308371708315548e-01 -9.731237448874630047e-01
-7.195140296894355636e-01 -4.418531383500016174e-01 3.173845103179098182e-01 8.709878378292719159e-01 -5.466111534460718069e-01 1.905819890519322712e-01 -6.955398306961476651e-01 -4.804726070352000611e-01 8.079819616364554147e-01 6.659952882366722005e-01
3.995277927379253247e-01 -5.182313753276294177e-01 -2.865110148426706083e-01 8.719215384820561132e-01 1.332584800662702518e-01 5.128072580998531693e-01 9.395408875375741431e-01 3.547605127933164404e-01 5.020056849992451387e-01 -7.570474816063611501e-01
-6.376797292870273193e-01 -9.353747223267838695e-02 -7.386749315127374982e-02 1.322308452813847068e-01 -5.454182748725699970e-01 -6.484967446638515431e-01 -4.879209921155089891e-01 -2.478329407000058049e-01 -2.121187361106197655e-01 -4.030326953696302672e-01
-4.335709906697494675e-01 4.499811442701477648e-02 -1.299499934739855866e-01 -5.744566751134309174e-02 1.063358324456987608e-01 -5.336073547120951943e-01 5.040363773628959709e-01 -1.740131010012159474e-01 -1.644795892750132993e-01 5.445610055916582093e-01
4.798222517453502589e-01 1.909382134657820751e-01 -1.492062221524014659e-02 3.934222316112535034e-01 5.745344108512975279e-01 -2.887920979349130057e-01 7.976049123421795617e-01 8.200314493802881577e-01 2.726833393463172217e-01 3.937796819160909734e-01
-2.150840708885135844e-01 1.089321254059677641e-01 9.597128932792231559e-01 5.180092841566934503e-01 4.727714369923841087e-01 2.401476824900772300e-01 -1.564018455334483804e-01 4.107872924963222871e-01 9.002373547761437500e-01 -9.096251067266258872e-01
3.210583967465540645e-01 -6.438156477243294207e-01 -8.867751183446374030e-01 5.718005554065049845e-01 -3.921790056973745719e-01 9.717616552315708756e-01 4.248452622432397768e-02 -3.880217619397358098e-02 -6.695888982149239554e-01 3.086643066336363650e-01
2.397321564606552102e-01 1.949568789136436053e-01 2.087342110830549269e-01 -3.006002417105175795e-01 -2.800935463454030661e-01 -8.875080663487369681e-02 5.664678548418672355e-02 -6.734364624075633854e-01 6.632206950290753245e-01 9.005227273262050858e-01
-9.308956665477364778e-01 -2.030481904291078776e-01 2.303601051665100374e-01 -7.341127191423557630e-01 -4.841504413501126480e-01 2.668322739228363161e-01 1.679941322590330910e-01 8.387896920093959041e-01 8.082654896964619473e-01 1.074475545956693617e-01
