1.631376747904559887e-01 -6.389263621528145087e-01 1.429320080128822779e-01 -2.262657502280676636e-01 -8.746267764648854026e-01 6.137496673117929236e-01 -7.752323320342222601e-01 2.522933614550237902e-01 -9.972641602547130946e-01 -3.947840270712887900e-01
5.904020102258736857e-01 -4.492222322675042401e-01 1.109353727594326183e-01 -9.105990817848839125e-01 -5.802899761905162546e-01 -5.915158961623397937e-01 -1.158626208274743524e-01 -7.061500200013360873e-01 -2.792650657632654854e-01 9.237224538254311668e-01
1.418291567396381680e-01 -2.021165668551127836e-01 -4.461625859517782677e-01 -6.782881086232854795e-01 -5.118630859662833821e-01 4.129614016774670326e-01 1.277996387602560180e-01 7.871941203728199943e-01 2.844602890473307277e-01 3.504603898719473309e-01
2.338031358099475765e-01 -8.193596292274044623e-01 2.283391242738828653e-01 -2.652955387630648310e-02 -3.693150562200542275e-01 -1.581473311143145877e-01 9.710346475473953243e-01 -9.838075288814275565e-02 -2.225716310170385015e-01 9.433755523264136800e-01
3.248271296215048121e-02 -8.707908857705497496e-01 -2.685460563934047307e-01 3.100329258732226756e-01 -4.125590640090496253e-01 -1.533606862687100225e-01 2.692912560061666016e-01 -1.705472293800625594e-01 -9.324672828399475089e-01 -3.056950365766711655e-02
6.340498682472248682e-01 -8.687378931246781955e-01 -8.966234113930759975e-02 1.913773133987541064e-01 6.281950475120771094e-01 4.804862664546345474e-01 -5.233106622862596646e-01 -2.513633385350727001e-01 4.173162686003605293e-01 -9.875587647326646845e-01
-7.295730951728998104e-01 -4.402317896580471013e-01 2.989877981595506218e-01 9.231375053029249322e-01 -5.619866713501742161e-01 2.052512408588838821e-01 -7.132791452372269081e-01 -4.390769171609180122e-01 7.977977050903239942e-01 6.526736223793728753e-01
3.904075381713025816e-01 -5.166191270353042153e-01 -3.057473887996517425e-01 9.247572164824989782e-01 1.178159157534477142e-01 5.282422321308893887e-01 9.212234921203794613e-01 3.976605159432129999e-01 4.911622045946371085e-01 -7.701380736111661518e-01
-6.289939406677201861e-01 -9.349399731144023007e-02 -8.393104898734682351e-02 1.435628029108978465e-01 -5.473869663779982186e-01 -6.394959417141795610e-01 -4.952745264053818874e-01 -2.290965262100834454e-01 -2.196628592324997853e-01 -4.018035072249311890e-01
-4.519320920850019574e-01 4.618780267736265210e-02 -1.317150021299721974e-01 -3.135942742607042422e-02 9.696209670764088795e-02 -5.333969554393549473e-01 4.994526712811022673e-01 -1.652497034717619606e-01 -1.630376054795273644e-01 5.328410012479775082e-01
4.690563055575671658e-01 1.926385061720847502e-01 -3.398107211284902285e-02 4.478702712273850417e-01 5.584479846537009351e-01 -2.736172591796715570e-01 7.791685993939926336e-01 8.630154057849425131e-01 2.621794740354425057e-01 3.797709219159305372e-01
-1.984419532723354362e-01 1.090119559711679315e-01 9.404932952706400728e-01 5.395860897525324162e-01 4.690360190313013766e-01 2.573413144386152429e-01 -1.704368714999086043e-01 4.465556826491010045e-01 8.858219415128891772e-01 -9.072452775159656202e-01
3.100879355267595061e-01 -6.421378219026466772e-01 -9.052131367799683970e-01 6.251444988377840017e-01 -4.079926066075058588e-01 9.864026864804883443e-01 2.455814402546000960e-02 2.931287484639145957e-03 -6.796724243161591517e-01 2.947792242355746772e-01
2.125900440325094731e-01 1.965833487992943163e-01 2.085011529188210699e-01 -2.671994306376992423e-01 -2.925542254757221849e-01 -9.042380483147439973e-02 5.194688977428046917e-02 -6.654706962902675604e-01 6.668483164214732417e-01 8.841384897169548562e-01
-9.189949643025825399e-01 -2.027086218487117175e-01 2.115381998550292519e-01 -7.076534162277059448e-01 -4.898050295816142041e-01 2.833675804380202390e-01 1.535211173221813219e-01 8.750291551161292203e-01 7.947598119346352963e-01 1.071388218803502740e-01
