1.616153757218014020e-01 -6.388946665682949666e-01 1.447930305191667266e-01 -2.268999352258964652e-01 -8.745335636106388311e-01 6.126899352057704196e-01 -7.738446594958039437e-01 2.500192028227867236e-01 -9.957888978293462090e-01 -3.949569849324908732e-01
5.891030323544187430e-01 -4.492003662562044086e-01 1.124611393494638900e-01 -9.113070814241881479e-01 -5.801873049475257949e-01 -5.924839345162877802e-01 -1.147355877129754287e-01 -7.081944267406746762e-01 -2.780631579831009392e-01 9.235494578614289463e-01
1.237958807160984137e-01 -2.019392459747686996e-01 -4.264978260337035643e-01 -6.921833200568554556e-01 -5.098739683214180696e-01 3.979683372999943680e-01 1.420550610813585690e-01 7.562809609939844524e-01 2.997584421980544200e-01 3.474394531167869227e-01
1.962825254659555652e-01 -8.186068283770174814e-01 2.738669629238155712e-01 -4.307567109007137685e-02 -3.668907280195201071e-01 -1.846166645093482717e-01 1.004924062584938049e+00 -1.550023933956876654e-01 -1.865226228384582463e-01 9.389732262673436969e-01
6.177285134033099964e-03 -8.703702590308052267e-01 -2.379144760500577771e-01 2.949809051873270582e-01 -4.103808329978510527e-01 -1.732373468698723551e-01 2.918703007110549641e-01 -2.123929746036935517e-01 -9.083713865933815690e-01 -3.418162643305524412e-02
6.052631329722156783e-01 -8.681952835749130459e-01 -5.515233722293223784e-02 1.775566868789570651e-01 6.302111703495740791e-01 4.597479776284556507e-01 -4.976950108466276501e-01 -2.955058346524290225e-01 4.445897187893028679e-01 -9.911078320513373452e-01
-7.664647327557230216e-01 -4.394743418276370051e-01 3.439599201819222296e-01 9.074249341982235650e-01 -5.596800937959327538e-01 1.794381908385853375e-01 -6.797676013047753152e-01 -4.944031558815381033e-01 8.334321926751534493e-01 6.484297994273701127e-01
3.548311198896036966e-01 -5.159430987402174873e-01 -2.630324563413451999e-01 9.078520026407089771e-01 1.202832785595690651e-01 5.026795266936792128e-01 9.529408025573457008e-01 3.432155483814317010e-01 5.249281838054000726e-01 -7.744975516364545065e-01
-6.531032874925242204e-01 -9.290804457779719416e-02 -5.344808648000797663e-02 1.362238838791707818e-01 -5.462857384240606962e-01 -6.552455848747058553e-01 -4.723721382587224848e-01 -2.634295277877750086e-01 -1.953754457924375687e-01 -4.041307575783946171e-01
-4.673918204084479000e-01 4.670697020786240133e-02 -1.104446961207371514e-01 -3.144515689816219234e-02 9.702767306556507598e-02 -5.417303336386950496e-01 5.157187259140009195e-01 -1.843890003288892743e-01 -1.458871422326837031e-01 5.320523463890713955e-01
4.317150284652051528e-01 1.933882670588168706e-01 1.133586867765982650e-02 4.314212154761422058e-01 5.608582330417910544e-01 -2.999532089408774027e-01 8.129021857883839131e-01 8.066755851807060340e-01 2.980623171333400268e-01 3.753923751775078976e-01
-2.353019092765886999e-01 1.097706061443737002e-01 9.854490610042425658e-01 5.239466940591095412e-01 4.713323412169069804e-01 2.315732420438514350e-01 -1.369336932854006983e-01 3.913141097751969277e-01 9.214461922439890484e-01 -9.114763664975491508e-01
2.883894489451593879e-01 -6.419793229967706294e-01 -8.822108261146702768e-01 6.066579481315442779e-01 -4.053541977446097344e-01 9.676869207633546077e-01 4.110650719750836429e-02 -3.536498359363360322e-02 -6.618679768399382546e-01 2.908751515268427901e-01
1.983316001148446861e-01 1.971010589711054972e-01 2.285859235751201701e-01 -2.660259883781454504e-01 -2.926673978514850449e-01 -9.763094343691985921e-02 6.737740405617272110e-02 -6.823430793748068712e-01 6.830935096380078564e-01 8.836018725785224071e-01
-9.549729124647524658e-01 -2.019757499924962618e-01 2.553266111879101130e-01 -7.231641902306533698e-01 -4.875296031845025579e-01 2.581222327376550552e-01 1.861386050747276255e-01 8.209565414121205995e-01 8.294478154299151917e-01 1.029715712561925373e-01
