1.611312881039897726e-01 -6.388217644392016892e-01 1.440015311745907745e-01 -2.245907394637584598e-01 -8.752190330510937200e-01 6.133188101536146686e-01 -7.746163447042703210e-01 2.518169277989773525e-01 -9.962197345401379023e-01 -3.955609240008505223e-01
5.892299545228193436e-01 -4.491893661506275448e-01 1.118359520499655341e-01 -9.106702895433205214e-01 -5.803848437549492534e-01 -5.921705625657759375e-01 -1.152658253651566572e-01 -7.073573275354089196e-01 -2.785077690361255631e-01 9.233766737192536933e-01
1.182626480011020748e-01 -2.013337437921245976e-01 -4.292461745189157796e-01 -6.751850435968984598e-01 -5.148554133640393937e-01 4.015389631667586334e-01 1.387756913520734603e-01 7.669322250132030172e-01 2.990513889008462600e-01 3.430409809782947739e-01
1.843374752855452825e-01 -8.168434634047671006e-01 2.553186919888285056e-01 1.243926148066207965e-02 -3.833599272105568945e-01 -1.696630921396332647e-01 9.867465801741235332e-01 -1.121862989914327868e-01 -1.964959619945261804e-01 9.244614035287862519e-01
-5.910530692938766040e-03 -8.689557689383480277e-01 -2.464546709601294905e-01 3.358985778578315595e-01 -4.224122510742721603e-01 -1.639803817604195413e-01 2.824750570088432333e-01 -1.851392451637323688e-01 -9.116142079199586190e-01 -4.479898898013528336e-02
6.116305481996637816e-01 -8.681763697822131309e-01 -7.178000171765297477e-02 1.875190323016748262e-01 6.269775448441905485e-01 4.670053780853443137e-01 -5.113315376302894899e-01 -2.766661530716331696e-01 4.321520016178257984e-01 -9.939159595905988631e-01
-7.777122116729225931e-01 -4.377608549918426961e-01 3.250265462015948237e-01 9.618882844604711435e-01 -5.758527319203704531e-01 1.943617932490242783e-01 -6.981752580506352945e-01 -4.517803141645971299e-01 8.230581309159338277e-01 6.341815715896959027e-01
3.407859160825407741e-01 -5.140910275805874452e-01 -2.787218312523281338e-01 9.639976126967287895e-01 1.036911866257862469e-01 5.167472546697383651e-01 9.369513919889690401e-01 3.839430577432425551e-01 5.172992360827480818e-01 -7.891271659346559275e-01
-6.632821071287829939e-01 -9.144230124873074794e-02 -6.823381412988792361e-02 1.820086652659117787e-01 -5.598576662576811858e-01 -6.430888818072775237e-01 -4.869645651306788170e-01 -2.285469883944456215e-01 -2.031911580642005999e-01 -4.160912358169882586e-01
-4.620255386918913909e-01 4.683270834996903359e-02 -1.274941388825417687e-01 -1.851990174261829852e-02 9.292694743898664844e-02 -5.338702489809299401e-01 5.015552647456323898e-01 -1.637407819251754104e-01 -1.584022446618999214e-01 5.284784149460448610e-01
4.201743844342518130e-01 1.951150063865423057e-01 -7.222477057809270108e-03 4.860084833167190310e-01 5.446575434977325436e-01 -2.851394499075425304e-01 7.947788079593436361e-01 8.490446688119557273e-01 2.879994096724622921e-01 3.611181404216350921e-01
-2.461781998256610260e-01 1.114548191292707296e-01 9.663863379737555048e-01 5.777377455878993651e-01 4.553517450415067724e-01 2.464374942303581006e-01 -1.553973474875826322e-01 4.337153748111350904e-01 9.109095006700691499e-01 -9.255542806763402686e-01
2.640206181434304744e-01 -6.398450056621362014e-01 -8.795939515699052746e-01 6.595592589310342868e-01 -4.206235975009888217e-01 9.749575427914164427e-01 3.961433663934142702e-02 -1.158685800344555830e-02 -6.551250165569517669e-01 2.773576996147132934e-01
2.063771655737149657e-01 1.970069532649070254e-01 2.108390119957161968e-01 -2.583058154377679827e-01 -2.952749349771198184e-01 -9.033490795427362441e-02 5.301753006236297611e-02 -6.636653539140224822e-01 6.695626739285012174e-01 8.813512076003457985e-01
-9.662709544786115545e-01 -2.002844205318280446e-01 2.371338123910637363e-01 -6.696877650273767024e-01 -5.034008645018820394e-01 2.726386998688300478e-01 1.683745863236758289e-01 8.624735814542935364e-01 8.195799886400756407e-01 8.898762928013766171e-02
