1.776839718398326440e-01 -6.398064743445774916e-01 1.432085740583720623e-01 -2.444956978170988171e-01 -8.678596098991038232e-01 6.145196389860441144e-01 -7.725810067302454343e-01 2.477058367864497512e-01 -9.991128236275925723e-01 -3.859431602963881436e-01
6.200153432192879732e-01 -4.509717214387975459e-01 1.107390374849018116e-01 -9.460621958393247155e-01 -5.669595231163211402e-01 -5.893143104911553465e-01 -1.111285059033901568e-01 -7.138949637113067848e-01 -2.835066907679783532e-01 9.414200252328474017e-01
1.580135890696367784e-01 -2.038491951217726028e-01 -4.323112926818631907e-01 -7.279884450578458788e-01 -4.963768495268569003e-01 4.025090866993676353e-01 1.425823902706232493e-01 7.536545092817016345e-01 2.909308394501121664e-01 3.656591354821675521e-01
2.444214305458075054e-01 -8.210574522895963678e-01 2.475129654578306637e-01 -8.104494110653184813e-02 -3.532290520431257130e-01 -1.734270121363644390e-01 9.895455694792218981e-01 -1.415621088273119887e-01 -2.119758392212154896e-01 9.573405796372983501e-01
2.535697081237266171e-02 -8.713037720706257039e-01 -2.517112314421044439e-01 2.821027105262028378e-01 -4.059038551009867546e-01 -1.679082079925746929e-01 2.828191900451064722e-01 -2.039300026456023485e-01 -9.208767262961746747e-01 -2.818135451645560965e-02
6.479029166440524179e-01 -8.704219149232672592e-01 -7.419340315036469791e-02 1.409888580605051511e-01 6.435731111792948322e-01 4.685227867617667297e-01 -5.075008058203264172e-01 -2.876570867982926050e-01 4.251295318522500533e-01 -9.731189563344048166e-01
-7.196168720032307675e-01 -4.418472152525361185e-01 3.173879352990163771e-01 8.711050372313514645e-01 -5.466558363314030222e-01 1.905720527572634937e-01 -6.955538748660579085e-01 -4.804514694663832852e-01 8.079984192684247502e-01 6.659349135166520162e-01
3.994676510790215462e-01 -5.182279115305377104e-01 -2.865090119312437844e-01 8.719900760927290495e-01 1.332323497435533299e-01 5.128014474055708760e-01 9.395326745788691314e-01 3.547728739354078509e-01 5.020153093382135889e-01 -7.570827884337153479e-01
-6.377048728611811601e-01 -9.353602411434218389e-02 -7.386665578907089524e-02 1.322594989721489478e-01 -5.454291992421147484e-01 -6.484991739553814805e-01 -4.879244257277502439e-01 -2.478277728463338936e-01 -2.121147124390924676e-01 -4.030474561834803682e-01
-4.336147007751156579e-01 4.500063186565222279e-02 -1.299485377863457691e-01 -5.739585534721818733e-02 1.063168412974659222e-01 -5.336115778423504707e-01 5.040304083009028435e-01 -1.740041170983255003e-01 -1.644725944418467534e-01 5.445353450899040881e-01
4.798390621234443487e-01 1.909372452893164651e-01 -1.492118205510800828e-02 3.934030744551311742e-01 5.745417146173159573e-01 -2.887904737700719981e-01 7.976072079712596130e-01 8.200279942798466282e-01 2.726806492180448016e-01 3.937895506348451091e-01
-2.151377082542338393e-01 1.089352145949720879e-01 9.597146795766858807e-01 5.180704094557999628e-01 4.727481326522394167e-01 2.401425002197510872e-01 -1.564091702643875537e-01 4.107983167864925900e-01 9.002459382472098870e-01 -9.096565951365855884e-01
3.210795800372835407e-01 -6.438168677542082108e-01 -8.867758238166153495e-01 5.717764148663327939e-01 -3.921698019901098120e-01 9.717637018932121507e-01 4.248741901935438464e-02 -3.880653007564966589e-02 -6.695922881309017693e-01 3.086767425192140646e-01
2.397833152600132023e-01 1.949539324751239366e-01 2.087325073298548495e-01 -3.006585424281366659e-01 -2.800713188917311469e-01 -8.874586383568371095e-02 5.665377174153617829e-02 -6.734469772686366706e-01 6.632125081975974723e-01 9.005527606663141782e-01
-9.310606712224288595e-01 -2.030386871542942118e-01 2.303656003549441889e-01 -7.339246793316920314e-01 -4.842221325119147046e-01 2.668163317001366330e-01 1.679715991828911459e-01 8.388236060428095886e-01 8.082918950359481158e-01 1.073506867727960779e-01
