1.635504936043109536e-01 -6.389276880637893008e-01 1.425146865123250728e-01 -2.258596159348270904e-01 -8.746845182873991265e-01 6.141265394232726660e-01 -7.755285540074164929e-01 2.530558365893867401e-01 -9.975843233045352809e-01 -3.947014625550034350e-01
5.936169401576678606e-01 -4.492325581313867944e-01 1.076853770269367017e-01 -9.074362092319727680e-01 -5.807396550987575790e-01 -5.885809101806197541e-01 -1.181695236529156368e-01 -7.002120538780833847e-01 -2.817584157206381446e-01 9.243654456799716979e-01
1.391590354310975608e-01 -2.021079908333123509e-01 -4.434633411650775736e-01 -6.809149943031899133e-01 -5.114896105685703409e-01 4.105237844427782057e-01 1.297156090991509747e-01 7.822624141734748626e-01 2.865311108045918154e-01 3.499263607364915818e-01
2.331161394499718098e-01 -8.193574227000300914e-01 2.290336138228091789e-01 -2.720542612765117566e-02 -3.692189646162949979e-01 -1.587745064272447215e-01 9.715276081647395978e-01 -9.964963314335172073e-02 -2.220388286290546354e-01 9.432381518004504528e-01
2.707015030539908218e-02 -8.707735014460278311e-01 -2.630744579730647792e-01 3.047080055075719884e-01 -4.118019976598873422e-01 -1.583019434219821164e-01 2.731750905999642542e-01 -1.805442166792028680e-01 -9.282695512701162333e-01 -3.165202606851769129e-02
6.319732512082235631e-01 -8.687312233479378420e-01 -8.756307407658321662e-02 1.893343217395551670e-01 6.284855082383586922e-01 4.785904733803922895e-01 -5.218205664470766392e-01 -2.551988440951198922e-01 4.189267960816805969e-01 -9.879740919308946934e-01
-7.363955434603046690e-01 -4.402098769962297653e-01 3.058846600786734315e-01 9.164255287156636287e-01 -5.610324013777331364e-01 1.990228655880835473e-01 -7.083836341173755935e-01 -4.516779590709184000e-01 8.030888783063711012e-01 6.513091202689405002e-01
3.903927619088889411e-01 -5.166190795762063415e-01 -3.057324513699704038e-01 9.247426794829952668e-01 1.178179825398757291e-01 5.282287425295709715e-01 9.212340949646824484e-01 3.976332242300180120e-01 4.911736643757336762e-01 -7.701410288906197499e-01
-6.352194269135695848e-01 -9.347400200051859953e-02 -7.763766027873790498e-02 1.374381221267869657e-01 -5.465161947227220596e-01 -6.451793361422383244e-01 -4.908073709416605479e-01 -2.405949809860477018e-01 -2.148346619793640999e-01 -4.030486158374231853e-01
-4.430311634749600769e-01 4.615921425422257057e-02 -1.407130147186143876e-01 -2.260262606697780938e-02 9.571710538757682851e-02 -5.252710860583746921e-01 4.930657273055932821e-01 -1.488097145223222506e-01 -1.699407512529218511e-01 5.346212032167682038e-01
4.636023090795826640e-01 1.926560235757117379e-01 -2.846758794537138093e-02 4.425045879528310411e-01 5.592108464372558263e-01 -2.785963422535914225e-01 7.830821652109581921e-01 8.529418903399145213e-01 2.664093397477269032e-01 3.786801126652045713e-01
-1.988070265688896832e-01 1.090131285308340303e-01 9.408623504852237085e-01 5.392269278628585294e-01 4.690870825894210006e-01 2.570080303452076387e-01 -1.701749097660041343e-01 4.458813933446889033e-01 8.861050753626814602e-01 -9.073182928416413384e-01
3.022738737754183114e-01 -6.421127243298453413e-01 -8.973138456961512466e-01 6.174569653722328244e-01 -4.068996376060593501e-01 9.792690436991410285e-01 3.016519659418628874e-02 -1.150126157517017064e-02 -6.736122018702720426e-01 2.932163976223721158e-01
2.139993975299943063e-01 1.965788221711294026e-01 2.070764273572759107e-01 -2.658128979327527563e-01 -2.927513546684326062e-01 -8.913717251096918426e-02 5.093559508532318619e-02 -6.628676245278039003e-01 6.657552874729649739e-01 8.844203629889315632e-01
-9.183023316286955673e-01 -2.027108464790653708e-01 2.108380125159342311e-01 -7.069719989278072658e-01 -4.899019095482739505e-01 2.839999012759443775e-01 1.530241123154528760e-01 8.763084456265458622e-01 7.942226382840272825e-01 1.072773496793836545e-01
