1.631408343209744261e-01 -6.389263723007438944e-01 1.429288140208141988e-01 -2.262626418578795595e-01 -8.746272183949629353e-01 6.137525517223328952e-01 -7.752345991846841811e-01 2.522991970985935528e-01 -9.972666106394650898e-01 -3.947833951594180713e-01
5.903910433308569017e-01 -4.492221970435125722e-01 1.109464592722833876e-01 -9.106098710997290180e-01 -5.802884422281958665e-01 -5.915259081015795672e-01 -1.158547514301197651e-01 -7.061702758241590328e-01 -2.792565603501452332e-01 9.237202604264100891e-01
1.418876453513120417e-01 -2.021167547115997609e-01 -4.462217125089264491e-01 -6.782305670816513032e-01 -5.118712668895383233e-01 4.130147973218496471e-01 1.277576697138415873e-01 7.873021486664635304e-01 2.844149280035388472e-01 3.504720877010408242e-01
2.338045292820822851e-01 -8.193596337030241150e-01 2.283377156029048893e-01 -2.652818296780717899e-02 -3.693152511278878780e-01 -1.581460589804677963e-01 9.710336476485256219e-01 -9.837817914921057061e-02 -2.225727117291415313e-01 9.433758310233841815e-01
3.250604294174119779e-02 -8.707909607028807564e-01 -2.685696408371461841e-01 3.100558780848331475e-01 -4.125623272216154547e-01 -1.533393877755841461e-01 2.692745153626760479e-01 -1.705041389764130610e-01 -9.324853764857973237e-01 -3.056483761916497718e-02
6.340525745844260985e-01 -8.687379018170199307e-01 -8.966507699500010642e-02 1.913799759139051260e-01 6.281946689710874443e-01 4.804887371342189128e-01 -5.233126042436486713e-01 -2.513583399382260386e-01 4.173141696912431864e-01 -9.875582234602845455e-01
-7.295875539839704604e-01 -4.402317432185544055e-01 2.990024146753917922e-01 9.231232806144703540e-01 -5.619846489663230527e-01 2.052380410664452204e-01 -7.132687701830829896e-01 -4.391036225424165274e-01 7.978089186709405034e-01 6.526707305907671897e-01
3.904070113434276457e-01 -5.166191253432135255e-01 -3.057468562255734046e-01 9.247566981852231027e-01 1.178159894419537196e-01 5.282417511771950736e-01 9.212238701506131333e-01 3.976595428936783860e-01 4.911626131778060178e-01 -7.701381789777026476e-01
-6.290227312209374366e-01 -9.349390484058085760e-02 -8.390194441055126573e-02 1.435344785453639693e-01 -5.473829393836894264e-01 -6.395222252948146169e-01 -4.952538674765803450e-01 -2.291497022771519787e-01 -2.196405306200074625e-01 -4.018092653881257803e-01
-4.519602599570485268e-01 4.618789314826521331e-02 -1.316865270260392795e-01 -3.138713919312605821e-02 9.696603660624462939e-02 -5.334226705595428442e-01 4.994728833992477801e-01 -1.653017294485406852e-01 -1.630157597895569299e-01 5.328353676221536661e-01
4.690602044465033149e-01 1.926384936494490163e-01 -3.398501352764581040e-02 4.478741069840156963e-01 5.584474393080302024e-01 -2.736136997912511082e-01 7.791658017100325795e-01 8.630226070213339318e-01 2.621764502387287643e-01 3.797717017008343521e-01
-1.984338392931890849e-01 1.090119299103062683e-01 9.404850927909100822e-01 5.395940723470153966e-01 4.690348841122327084e-01 2.573487218831181367e-01 -1.704426937609890558e-01 4.465706691447068333e-01 8.858156486884768421e-01 -9.072436547053259748e-01
3.101024028334670724e-01 -6.421378683694259903e-01 -9.052277618841099160e-01 6.251587318843109253e-01 -4.079946301796593677e-01 9.864158940287959254e-01 2.454776287519289113e-02 2.958008557554195339e-03 -6.796836444855961501e-01 2.947821177233231893e-01
2.125784253532095325e-01 1.965833861167175511e-01 2.085128983250797430e-01 -2.672108611828863944e-01 -2.925526003469842151e-01 -9.043441180008489344e-02 5.195522686549974845e-02 -6.654921559567434919e-01 6.668573273281342972e-01 8.841361659598873102e-01
-9.190059223561767299e-01 -2.027085866531173342e-01 2.115492774300225531e-01 -7.076641968442922703e-01 -4.898034968559619173e-01 2.833575765703253424e-01 1.535289803752910576e-01 8.750089156233875620e-01 7.947683104907599105e-01 1.071366302496297995e-01
