1.616216968592242842e-01 -6.388949146630591436e-01 1.447839031464127069e-01 -2.269010539447786912e-01 -8.745334304596711350e-01 6.126929015732568429e-01 -7.738517049492189548e-01 2.500263102083709610e-01 -9.957963039696060559e-01 -3.949568381873781453e-01
5.891094484085743765e-01 -4.492006180763019607e-01 1.124518749221985886e-01 -9.113082169414934430e-01 -5.801871697971940911e-01 -5.924809236065154971e-01 -1.147427389592840380e-01 -7.081872126322378280e-01 -2.780706753322442770e-01 9.235496068100322864e-01
1.238601738532377344e-01 -2.019417693799133162e-01 -4.265906617670436884e-01 -6.921946986967589810e-01 -5.098726140250546823e-01 3.979985086218391088e-01 1.419834008290467853e-01 7.563532511667012681e-01 2.996831133514341605e-01 3.474409456810242935e-01
1.962754686639698043e-01 -8.186065514085690831e-01 2.738771525555014907e-01 -4.307442217281147456e-02 -3.668908766668204646e-01 -1.846199761076522394e-01 1.004931928000024621e+00 -1.550103279507129561e-01 -1.865143547591877893e-01 9.389730624437888640e-01
6.228435664224755974e-03 -8.703722666091685545e-01 -2.379883345860129840e-01 2.949718525342784892e-01 -4.103797555426185739e-01 -1.732133430775920080e-01 2.918132890288986925e-01 -2.123354617675396461e-01 -9.084313169469898641e-01 -3.418043897424576094e-02
6.053256813801360936e-01 -8.681977385021627525e-01 -5.524265366379860209e-02 1.775456170223295438e-01 6.302124878942632069e-01 4.597773301881566965e-01 -4.977647264475878464e-01 -2.954355062252760344e-01 4.445164341490406290e-01 -9.911063799909632932e-01
-7.664647961964644596e-01 -4.394743393376870366e-01 3.439600117868433782e-01 9.074249454260059355e-01 -5.596800951322739026e-01 1.794381610672735883e-01 -6.797675305945916069e-01 -4.944032272132908301e-01 8.334322670052933812e-01 6.484297979545942114e-01
3.548231978301422118e-01 -5.159427878117656130e-01 -2.630210173257302997e-01 9.078534046917818845e-01 1.202831116861390881e-01 5.026758090495212494e-01 9.529496323765938026e-01 3.432066409447716571e-01 5.249374656607993517e-01 -7.744977355469490066e-01
-6.531539408036868277e-01 -9.290605651450355162e-02 -5.337494590082460244e-02 1.362328485340824347e-01 -5.462868054056726486e-01 -6.552693553332895604e-01 -4.723156807701032189e-01 -2.634864815588235931e-01 -1.953160980038997629e-01 -4.041319334942716224e-01
-4.674511169856577775e-01 4.670929750583924928e-02 -1.103590751435260808e-01 -3.143466255258187819e-02 9.702642401873909361e-02 -5.417581601874511543e-01 5.157848170688760225e-01 -1.844556724497212474e-01 -1.458176675893781971e-01 5.320509698198996329e-01
4.317069526660251566e-01 1.933885840213124818e-01 1.134752968492348454e-02 4.314226447361673156e-01 5.608580629299261266e-01 -2.999569987316241804e-01 8.129111869638220300e-01 8.066665048815709893e-01 2.980717791173842501e-01 3.753921876979481875e-01
-2.353066325761926092e-01 1.097707915265007800e-01 9.854558811875782087e-01 5.239475299916481754e-01 4.713322417234343531e-01 2.315710255056817324e-01 -1.369284287601897354e-01 3.913087989728414318e-01 9.214517262827253141e-01 -9.114764761488802769e-01
2.884329383614641640e-01 -6.419810298883881217e-01 -8.822736224259848381e-01 6.066502513472564750e-01 -4.053532816661452043e-01 9.677073293673604804e-01 4.105803448822770152e-02 -3.531608479111882082e-02 -6.619189310741876442e-01 2.908761611330055175e-01
1.982514599354088525e-01 1.971042043478918593e-01 2.287016415608798536e-01 -2.660118051187156385e-01 -2.926690859562874891e-01 -9.766855141895404435e-02 6.746672720533308798e-02 -6.824331877078381181e-01 6.831874056205877732e-01 8.836000121254302675e-01
-9.549778121249299367e-01 -2.019755576884922910e-01 2.553336860261576913e-01 -7.231633230857092975e-01 -4.875297063929048269e-01 2.581199334374385534e-01 1.861440661690244580e-01 8.209510323127634512e-01 8.294535561009481750e-01 1.029714575106532581e-01
