1.611307763291687234e-01 -6.388217218877888515e-01 1.440016489519381493e-01 -2.245897221871278604e-01 -8.752193252662185952e-01 6.133189267656944388e-01 -7.746163207767671199e-01 2.518173284590433658e-01 -9.962195508664926091e-01 -3.955611829030937776e-01
5.892358803011452650e-01 -4.491898588482542420e-01 1.118345883204041880e-01 -9.106820684655361209e-01 -5.803814602316055282e-01 -5.921719128028465340e-01 -1.152661024188022104e-01 -7.073619667295182323e-01 -2.785098957708954659e-01 9.233796715167971181e-01
1.183189237111609560e-01 -2.013384228245251872e-01 -4.292591255348280899e-01 -6.752969052250166193e-01 -5.148232808460493359e-01 4.015261402858276707e-01 1.387730602393705825e-01 7.668881676880309195e-01 2.990311918055957308e-01 3.430694503499269188e-01
1.843338677409722404e-01 -8.168431634562115518e-01 2.553195222114436058e-01 1.244643235081240029e-02 -3.833619870600154522e-01 -1.696622701310888104e-01 9.867467488411442167e-01 -1.121834747042907698e-01 -1.964946672632596203e-01 9.244595785046857417e-01
-5.957311676829224467e-03 -8.689518793430123234e-01 -2.464439050139312637e-01 3.359915664139506708e-01 -4.224389622575673298e-01 -1.639697223305228435e-01 2.824772442054301336e-01 -1.851026211030679103e-01 -9.115974184385542411e-01 -4.482265505585963927e-02
6.116635009869839656e-01 -8.681791096349738002e-01 -7.178758531051201985e-02 1.874535306414236435e-01 6.269963603514543404e-01 4.669978695231652432e-01 -5.113330783038273486e-01 -2.766919512652903923e-01 4.321401750129978958e-01 -9.938992890741797925e-01
-7.777082522369497264e-01 -4.377611841983367058e-01 3.250256349964188440e-01 9.618804141207829561e-01 -5.758504711466282400e-01 1.943608910591455297e-01 -6.981754431699750407e-01 -4.517834139417118977e-01 8.230567098924513880e-01 6.341835746324659961e-01
3.407862412672092445e-01 -5.140910546180001983e-01 -2.787219060887328737e-01 9.639969663132994526e-01 1.036913723009594002e-01 5.167471805737513524e-01 9.369513767852957198e-01 3.839428031615293446e-01 5.172991193754561401e-01 -7.891270014266796862e-01
-6.633509370081763779e-01 -9.143657840248901880e-02 -6.821797395901606220e-02 1.821454813516451554e-01 -5.598969670028079992e-01 -6.430731983561575049e-01 -4.869613470607545014e-01 -2.284931026171747870e-01 -2.031664553349282476e-01 -4.161260562290949316e-01
-4.619843477927821906e-01 4.682928354108896463e-02 -1.275036183540446399e-01 -1.860177864889253282e-02 9.295046677450932715e-02 -5.338796346642765700e-01 5.015533389076860527e-01 -1.637730296006696395e-01 -1.584170278874139914e-01 5.284992530485472795e-01
4.201608965476116286e-01 1.951161278341178029e-01 -7.219373021728371989e-03 4.860352937640304294e-01 5.446498421331533724e-01 -2.851363765822265695e-01 7.947794385715534204e-01 8.490552282559319375e-01 2.880042504133594750e-01 3.611113170220388580e-01
-2.461975482314745500e-01 1.114564278485140197e-01 9.663907907209763337e-01 5.777762052390263969e-01 4.553406974155020936e-01 2.464419029229128477e-01 -1.553964428728516478e-01 4.337305223589065228e-01 9.109164447245244878e-01 -9.255640688594660714e-01
2.639861079856874460e-01 -6.398421363221303837e-01 -8.795860095714551630e-01 6.596278562428711245e-01 -4.206433022415128620e-01 9.749654062131872800e-01 3.961595012612498939e-02 -1.155984057017223759e-02 -6.551126310189938629e-01 2.773402412387133698e-01
2.064441554094615661e-01 1.970013834087178950e-01 2.108235952834648375e-01 -2.584389739902969718e-01 -2.952366848670808230e-01 -9.035017213639523481e-02 5.301439802177900645e-02 -6.637177991514726649e-01 6.695386315824876089e-01 8.813850971510498455e-01
-9.662692568833713969e-01 -2.002845616780370153e-01 2.371334217148208801e-01 -6.696911394098102877e-01 -5.033998952025245943e-01 2.726383130578664549e-01 1.683745069543636508e-01 8.624722524349807129e-01 8.195793793808993088e-01 8.898848807818256212e-02
