1.776881665960397816e-01 -6.398067159372541335e-01 1.432084343594463571e-01 -2.445004781735611032e-01 -8.678577873631876383e-01 6.145200442699414456e-01 -7.725804338933777160e-01 2.477049746223781157e-01 -9.991134949053118719e-01 -3.859406977182701093e-01
6.200351924173678198e-01 -4.509728646329799751e-01 1.107383764425166756e-01 -9.460848160436051701e-01 -5.669508990450707886e-01 -5.893123927252690297e-01 -1.111257952923573183e-01 -7.138990433918865897e-01 -2.835098671920088242e-01 9.414316779245506250e-01
1.580288359384174335e-01 -2.038500732495246992e-01 -4.323118004518226587e-01 -7.280058204341742778e-01 -4.963702250737087041e-01 4.025105598029510845e-01 1.425844723865136165e-01 7.536513755352290955e-01 2.909283995268371892e-01 3.656680863254522795e-01
2.444426995116575907e-01 -8.210586772538457367e-01 2.475122571325946430e-01 -8.106917928232243442e-02 -3.532198111117705319e-01 -1.734249571970676862e-01 9.895484739740663116e-01 -1.415664803181189146e-01 -2.119792428475966162e-01 9.573530658194050469e-01
2.531900487296474822e-02 -8.713015854613285205e-01 -2.517099670537377709e-01 2.821459766219740484e-01 -4.059203505264050715e-01 -1.679118761399297499e-01 2.828140054077313281e-01 -2.039221993628161922e-01 -9.208706506894025479e-01 -2.820364284192663704e-02
6.479108427185460428e-01 -8.704223714173893178e-01 -7.419366711423702743e-02 1.409798254827925312e-01 6.435765548968139793e-01 4.685235525536750600e-01 -5.074997234337794705e-01 -2.876587158742913153e-01 4.251282634597745580e-01 -9.731143032445359609e-01
-7.197292402876447337e-01 -4.418407435165739305e-01 3.173916775257019096e-01 8.712330924574547275e-01 -5.467046580564502989e-01 1.905611960938516924e-01 -6.955692199046961122e-01 -4.804283739888802196e-01 8.080164013207694618e-01 6.658689464700122684e-01
3.994044001435942959e-01 -5.182242686578573121e-01 -2.865069054708695440e-01 8.720621570440367787e-01 1.332048685036775204e-01 5.127953363029587042e-01 9.395240370166504373e-01 3.547858741388356107e-01 5.020254312479467407e-01 -7.571199205963099477e-01
-6.377296616400961460e-01 -9.353459643007344670e-02 -7.386583024269503805e-02 1.322877483372197349e-01 -5.454399694603729865e-01 -6.485015689677328110e-01 -4.879278108890724996e-01 -2.478226779150661807e-01 -2.121107455446761825e-01 -4.030620087108536809e-01
-4.336574342394973747e-01 4.500309305565498158e-02 -1.299471146240041008e-01 -5.734715616602027721e-02 1.062982744797981022e-01 -5.336157066126848703e-01 5.040245726092261735e-01 -1.739953339281418154e-01 -1.644657558984143897e-01 5.445102579360631134e-01
4.798553440586800778e-01 1.909363075479746930e-01 -1.492172429612245027e-02 3.933845195140383000e-01 5.745487887857030351e-01 -2.887889006616858323e-01 7.976094314360619997e-01 8.200246477922598087e-01 2.726780436553346010e-01 3.937991091253629228e-01
-2.151891367643624098e-01 1.089381765672066543e-01 9.597163923121254658e-01 5.181290175366033424e-01 4.727257880147451297e-01 2.401375313619710794e-01 -1.564161933535015703e-01 4.108088870822382277e-01 9.002541682399161083e-01 -9.096867868133914348e-01
3.211002248444473350e-01 -6.438180567706789370e-01 -8.867765113553518486e-01 5.717528879836095701e-01 -3.921608322429586679e-01 9.717656965282974735e-01 4.249023827894581051e-02 -3.881077328076659727e-02 -6.695955918745247759e-01 3.086888622820469497e-01
2.398328700423379978e-01 1.949510784183183243e-01 2.087308569956010107e-01 -3.007150152032457280e-01 -2.800497883507065966e-01 -8.874107601147734892e-02 5.666053895395245510e-02 -6.734571624500365061e-01 6.632045780534795432e-01 9.005818523504480755e-01
-9.312196702842661100e-01 -2.030295297665863918e-01 2.303708955370793454e-01 -7.337434835350314932e-01 -4.842912143575642259e-01 2.668009697204983821e-01 1.679498862346152643e-01 8.388562857199518552e-01 8.083173393102611737e-01 1.072573446115040602e-01
