1.631442508976261585e-01 -6.389263832742662075e-01 1.429253601789658989e-01 -2.262592806037477811e-01 -8.746276962786155851e-01 6.137556707964001435e-01 -7.752370507809859257e-01 2.523055075056151453e-01 -9.972692603772290720e-01 -3.947827118378514633e-01
5.903803699257642590e-01 -4.492221627621656999e-01 1.109572490940643613e-01 -9.106203716769515344e-01 -5.802869493169191539e-01 -5.915356521068888540e-01 -1.158470926291854525e-01 -7.061899895719560005e-01 -2.792482825541443003e-01 9.237181257259095002e-01
1.419455448895939886e-01 -2.021169406760729703e-01 -4.462802435675566337e-01 -6.781736050749067601e-01 -5.118793654178779295e-01 4.130676551871253488e-01 1.277161233625094816e-01 7.874090889432858731e-01 2.843700238176405937e-01 3.504836677143807200e-01
2.338058763027069387e-01 -8.193596380294485559e-01 2.283363538900916867e-01 -2.652685775865728374e-02 -3.693154395384525279e-01 -1.581448292533090827e-01 9.710326810813684206e-01 -9.837569120608082029e-02 -2.225737564156162751e-01 9.433761004299677788e-01
3.252841312440687971e-02 -8.707910325524905737e-01 -2.685922550152903265e-01 3.100778860409186821e-01 -4.125654561853974722e-01 -1.533189655038938726e-01 2.692584634303814561e-01 -1.704628213148596527e-01 -9.325027257578434314e-01 -3.056036354179975795e-02
6.340546391312325003e-01 -8.687379084480288949e-01 -8.966716406017806451e-02 1.913820070307775401e-01 6.281943801986495934e-01 4.804906219080907759e-01 -5.233140856783804473e-01 -2.513545267263501692e-01 4.173125685248722516e-01 -9.875578105471548573e-01
-7.296038763263297255e-01 -4.402316907936838497e-01 2.990189150483819613e-01 9.231072225697407596e-01 -5.619823659264908677e-01 2.052231400119806926e-01 -7.132570579347586870e-01 -4.391337698607213902e-01 7.978215775196523252e-01 6.526674660925023685e-01
3.904064408807142450e-01 -5.166191235109743873e-01 -3.057462795407238643e-01 9.247561369596607461e-01 1.178160692337549831e-01 5.282412303882190185e-01 9.212242794914302646e-01 3.976584892507254443e-01 4.911630556021239213e-01 -7.701382930712866726e-01
-6.290546370172419577e-01 -9.349380236403652400e-02 -8.386969061216953403e-02 1.435030893799540963e-01 -5.473784766538778435e-01 -6.395513528549406912e-01 -4.952309731761743161e-01 -2.292086321890352274e-01 -2.196157859700326731e-01 -4.018156466056240217e-01
-4.519877163361561978e-01 4.618798133396113947e-02 -1.316587711754226842e-01 -3.141415098800939831e-02 9.696987698685737012e-02 -5.334477361409083462e-01 4.994925849790282646e-01 -1.653524412999549664e-01 -1.629944659003804974e-01 5.328298762962162538e-01
4.690639569339297710e-01 1.926384815970325626e-01 -3.398880694410622016e-02 4.478777987097261049e-01 5.584469144398418461e-01 -2.736102740562500468e-01 7.791631090778352586e-01 8.630295378545680407e-01 2.621735399842090031e-01 3.797724522051690310e-01
-1.984258961639792651e-01 1.090119043981885028e-01 9.404770630246064300e-01 5.396018868580296779e-01 4.690337730902985336e-01 2.573559733546514350e-01 -1.704483934271111001e-01 4.465853400809826623e-01 8.858094883673199860e-01 -9.072420660649854751e-01
3.101164617149070879e-01 -6.421379135244057457e-01 -9.052419741082183835e-01 6.251725631189488652e-01 -4.079965966245248099e-01 9.864287287159649864e-01 2.453767479426904874e-02 2.983975270201895402e-03 -6.796945478994131928e-01 2.947849295252727431e-01
2.125669274322187774e-01 1.965834230462835397e-01 2.085245216558972992e-01 -2.672221729251292310e-01 -2.925509921089610166e-01 -9.044490852556344440e-02 5.196347730547293958e-02 -6.655133925829778141e-01 6.668662445802736594e-01 8.841338663547021470e-01
-9.190165754080030780e-01 -2.027085524371420588e-01 2.115600466765405197e-01 -7.076746773978161986e-01 -4.898020067915386244e-01 2.833478511459969762e-01 1.535366245715500955e-01 8.749892394680138796e-01 7.947765725017152949e-01 1.071344996198196203e-01
