1.616277449443210557e-01 -6.388951520409461571e-01 1.447751700461123447e-01 -2.269021243386882825e-01 -8.745333030603869018e-01 6.126957398034338365e-01 -7.738584460622416339e-01 2.500331105782969687e-01 -9.958033901889892237e-01 -3.949566977811712065e-01
5.891156932613249575e-01 -4.492008631770119109e-01 1.124428577002914015e-01 -9.113093221594663618e-01 -5.801870382531172377e-01 -5.924779930377084280e-01 -1.147496993868454274e-01 -7.081801910199162498e-01 -2.780779920938138416e-01 9.235497517841974036e-01
1.239225207654753164e-01 -2.019442163987724137e-01 -4.266806872592905919e-01 -6.922057328925536046e-01 -5.098713007247512863e-01 3.980277666241524015e-01 1.419139098124220233e-01 7.564233530353385859e-01 2.996100647929385019e-01 3.474423930636790225e-01
1.962686157008403931e-01 -8.186062824404771732e-01 2.738870478551552190e-01 -4.307320933108075428e-02 -3.668910210203775724e-01 -1.846231920489698752e-01 1.004939566219106517e+00 -1.550180333125958654e-01 -1.865063255070554815e-01 9.389729033523501744e-01
6.280639018001217891e-03 -8.703743155092121819e-01 -2.380637133409825579e-01 2.949626135518488290e-01 -4.103786559102888809e-01 -1.731888452189052630e-01 2.917551038839579780e-01 -2.122767651534247790e-01 -9.084924808379534200e-01 -3.417922707415217004e-02
6.053895176028075698e-01 -8.682002439741286492e-01 -5.533482963792350773e-02 1.775343192474363174e-01 6.302138325659973894e-01 4.598072870903280873e-01 -4.978358774292758748e-01 -2.953637297998620848e-01 4.444416406447819767e-01 -9.911048980339886016e-01
-7.664645246325142436e-01 -4.394743499961476507e-01 3.439596196635221759e-01 9.074248973644469807e-01 -5.596800894119422498e-01 1.794382885061217570e-01 -6.797678332760604958e-01 -4.944029218711386009e-01 8.334319488282676547e-01 6.484298042589473621e-01
3.548160507691510146e-01 -5.159425073007922746e-01 -2.630106973650335744e-01 9.078546695831374302e-01 1.202829611375869356e-01 5.026724550946980452e-01 9.529575983931347638e-01 3.431986049039675857e-01 5.249458394917422277e-01 -7.744979014658652794e-01
-6.532023089056434584e-01 -9.290415814209954104e-02 -5.330510503731709926e-02 1.362414087512295313e-01 -5.462878242507235305e-01 -6.552920533946393622e-01 -4.722617703444453863e-01 -2.635408658772751544e-01 -1.952594276733524703e-01 -4.041330563590503355e-01
-4.675097625639847432e-01 4.671159925312744210e-02 -1.102743941726886390e-01 -3.142428342119386181e-02 9.702518868481403713e-02 -5.417856812370873687e-01 5.158501826292899439e-01 -1.845216125978455246e-01 -1.457489556868126201e-01 5.320496083636574447e-01
4.316991277733786547e-01 1.933888911361187901e-01 1.135882839703284200e-02 4.314240295905961142e-01 5.608578981032568134e-01 -2.999606707775834269e-01 8.129199084822656962e-01 8.066577066977200783e-01 2.980809471275983613e-01 3.753920060431799599e-01
-2.353112030023560286e-01 1.097709709085842728e-01 9.854624806301227613e-01 5.239483388685490795e-01 4.713321454501491203e-01 2.315688807075760580e-01 -1.369233346256270856e-01 3.913036600589317460e-01 9.214570812077884643e-01 -9.114765822512567173e-01
2.884750150887039344e-01 -6.419826813341676930e-01 -8.823343788924392639e-01 6.066428045815691616e-01 -4.053523953451284023e-01 9.677270750281916634e-01 4.101113634287948534e-02 -3.526877439354203503e-02 -6.619682301358535970e-01 2.908771379436123627e-01
1.981730941978090688e-01 1.971072800806095426e-01 2.288147973507901889e-01 -2.659979359011195310e-01 -2.926707366835372137e-01 -9.770532669538212200e-02 6.755407258586461350e-02 -6.825213008869150944e-01 6.832792225841175515e-01 8.835981928659791818e-01
-9.549828220810371304e-01 -2.019753610555455048e-01 2.553409201256262584e-01 -7.231624364205221367e-01 -4.875298119246246897e-01 2.581175823778252831e-01 1.861496501976578066e-01 8.209453991984311250e-01 8.294594259998513408e-01 1.029713412045955706e-01
