1.611299041844741486e-01 -6.388216493734966139e-01 1.440018496630407763e-01 -2.245879885879357996e-01 -8.752198232466983363e-01 6.133191254909982071e-01 -7.746162800005427229e-01 2.518180112467392484e-01 -9.962192378577460206e-01 -3.955616241131895694e-01
5.892416277655809775e-01 -4.491903367200090202e-01 1.118332656271270181e-01 -9.106934929456299566e-01 -5.803781785226020951e-01 -5.921732224096384334e-01 -1.152663711355659953e-01 -7.073664663246241879e-01 -2.785119585096247352e-01 9.233825791069598665e-01
1.183743633350844843e-01 -2.013430323407151001e-01 -4.292718841379777883e-01 -6.754071049290780726e-01 -5.147916257196863965e-01 4.015135079139627305e-01 1.387704682170114723e-01 7.668447649209034767e-01 2.990112947778395536e-01 3.430974967531615905e-01
1.843303715071332449e-01 -8.168428727625641761e-01 2.553203268175522345e-01 1.245338196387108659e-02 -3.833639833528496021e-01 -1.696614734856057571e-01 9.867469123039465106e-01 -1.121807375604864376e-01 -1.964934124809069593e-01 9.244578097916766879e-01
-6.002251415508010057e-03 -8.689481428376331085e-01 -2.464335628028758163e-01 3.360808950484637236e-01 -4.224646221197005946e-01 -1.639594824434109366e-01 2.824793453164988200e-01 -1.850674385229094665e-01 -9.115812897716448759e-01 -4.484538966232057278e-02
6.116972793712925904e-01 -8.681819181318271017e-01 -7.179535890221286354e-02 1.873863879068406180e-01 6.270156472612122833e-01 4.669901728419580955e-01 -5.113346575772996783e-01 -2.767183958052120141e-01 4.321280521051824586e-01 -9.938822008957275411e-01
-7.777031468720621010e-01 -4.377616086828559072e-01 3.250244600727825173e-01 9.618702659693358914e-01 -5.758475560660556436e-01 1.943597277599886652e-01 -6.981756818660375119e-01 -4.517874108476725992e-01 8.230548776003164813e-01 6.341861573902873861e-01
3.407866127497058417e-01 -5.140910855048363981e-01 -2.787219915798927472e-01 9.639962279017032509e-01 1.036915844114417729e-01 5.167470959284253818e-01 9.369513594170153503e-01 3.839425123340101109e-01 5.172989860520851302e-01 -7.891268134970517156e-01
-6.634159525032947702e-01 -9.143117270244753569e-02 -6.820301161183385530e-02 1.822747154231341704e-01 -5.599340897963602792e-01 -6.430583840437001930e-01 -4.869583073284275421e-01 -2.284422030584369601e-01 -2.031431215707466265e-01 -4.161589469787707052e-01
-4.619439517001239781e-01 4.682592481622866593e-02 -1.275129149126889572e-01 -1.868207568449862729e-02 9.297353228843545370e-02 -5.338888392444709474e-01 5.015514502300945088e-01 -1.638046550353031983e-01 -1.584315258605237808e-01 5.285196890656702617e-01
4.201478921592219362e-01 1.951172090813301785e-01 -7.216380255563559568e-03 4.860611431412560357e-01 5.446424168382357767e-01 -2.851334134259425057e-01 7.947800465783017021e-01 8.490654091771029366e-01 2.880089176289433728e-01 3.611047382198251388e-01
-2.462162711720544961e-01 1.114579845635784161e-01 9.663950995266959998e-01 5.778134216262428291e-01 4.553300069200044153e-01 2.464461690980971897e-01 -1.553955675011016724e-01 4.337451802402632617e-01 9.109231643023648628e-01 -9.255735406253995379e-01
2.639522571900739800e-01 -6.398393218046538600e-01 -8.795782193153717232e-01 6.596951429124920940e-01 -4.206626304969517949e-01 9.749731193939026319e-01 3.961753278511317283e-02 -1.153333934063437149e-02 -6.551004821230919095e-01 2.773231164280382521e-01
2.065101002511357531e-01 1.969959004383471379e-01 2.108084190610241826e-01 -2.585700553635563725e-01 -2.951990314317136099e-01 -9.036519820806830638e-02 5.301131483881363349e-02 -6.637694262803000012e-01 6.695149642800727330e-01 8.814184580487246512e-01
-9.662679052912030997e-01 -2.002846740558913707e-01 2.371331106660280741e-01 -6.696938260271863008e-01 -5.033991234653112379e-01 2.726380050865335192e-01 1.683744437620677270e-01 8.624711942957659083e-01 8.195788943006446781e-01 8.898917183640958628e-02
