1.776938305392271045e-01 -6.398070421462462853e-01 1.432082457318504809e-01 -2.445069328198099801e-01 -8.678553264955289892e-01 6.145205915019748000e-01 -7.725796604239996146e-01 2.477038104907626770e-01 -9.991144012938307784e-01 -3.859373726376537084e-01
6.200544624245506453e-01 -4.509739744692574104e-01 1.107377346890585090e-01 -9.461067762002426385e-01 -5.669425266204383140e-01 -5.893105309189504704e-01 -1.111231637757659485e-01 -7.139030040291758361e-01 -2.835129509293787820e-01 9.414429905958190403e-01
1.580436587177729835e-01 -2.038509269522817968e-01 -4.323122940982349616e-01 -7.280227125169514979e-01 -4.963637848787559870e-01 4.025119919323738027e-01 1.425864965886550206e-01 7.536483289534562369e-01 2.909260274696712778e-01 3.656767882023401750e-01
2.444632323579068733e-01 -8.210598598220425481e-01 2.475115733225181081e-01 -8.109257857405949288e-02 -3.532108900093504644e-01 -1.734229733792869155e-01 9.895512779442496853e-01 -1.415707005114866246e-01 -2.119825286743578507e-01 9.573651198543423613e-01
2.528005082700130607e-02 -8.712993419430489217e-01 -2.517086697582324173e-01 2.821903687668705918e-01 -4.059372752639448523e-01 -1.679156397549725344e-01 2.828086858342988563e-01 -2.039141929907611617e-01 -9.208644169580859629e-01 -2.822651124630136746e-02
6.479185465944130584e-01 -8.704228151142096026e-01 -7.419392367817766176e-02 1.409710461232858703e-01 6.435799020735670783e-01 4.685242968774643857e-01 -5.074986713907277958e-01 -2.876602992809678683e-01 4.251270306252624143e-01 -9.731097805988332405e-01
-7.198523511276869735e-01 -4.418336530741507340e-01 3.173957775141754700e-01 8.713733899314224374e-01 -5.467581472025578870e-01 1.905493015191534190e-01 -6.955860319491896648e-01 -4.804030705533832157e-01 8.080361024809445958e-01 6.657966728870412521e-01
3.993378212959171059e-01 -5.182204341174878603e-01 -2.865046881802721934e-01 8.721380304938937122e-01 1.331759413538842196e-01 5.127889036681334556e-01 9.395149449939732555e-01 3.547995583406254871e-01 5.020360857162446955e-01 -7.571590064466710013e-01
-6.377540749613066495e-01 -9.353319036990569157e-02 -7.386501720027302542e-02 1.323155698295905569e-01 -5.454505765499254588e-01 -6.485039277045643313e-01 -4.879311447778046928e-01 -2.478176601530371892e-01 -2.121068387339403449e-01 -4.030763408216207488e-01
-4.336992446094786180e-01 4.500550108098356344e-02 -1.299457222036864423e-01 -5.729950894590536692e-02 1.062801087277979312e-01 -5.336197461965974664e-01 5.040188629755320004e-01 -1.739867404850334309e-01 -1.644590650757727923e-01 5.444857126950196635e-01
4.798711224582938306e-01 1.909353988072500508e-01 -1.492224976777486653e-02 3.933665384036152957e-01 5.745556441781445312e-01 -2.887873762032972524e-01 7.976115861379244887e-01 8.200214047982493648e-01 2.726755186723355817e-01 3.938083720097136919e-01
-2.152384881059044297e-01 1.089410189070492835e-01 9.597180358711443482e-01 5.181852584700002984e-01 4.727043458645864837e-01 2.401327631935609719e-01 -1.564229327839979922e-01 4.108190304496863732e-01 9.002620658278478460e-01 -9.097157590653592862e-01
3.211203483964710226e-01 -6.438192157659949899e-01 -8.867771815346090492e-01 5.717299551247710943e-01 -3.921520889705220059e-01 9.717676408013823375e-01 4.249298635581600508e-02 -3.881490935034768996e-02 -6.695988122028205813e-01 3.087006760362732694e-01
2.398808980310811467e-01 1.949483122956213177e-01 2.087292575085031299e-01 -3.007697480399162959e-01 -2.800289211703164693e-01 -8.873643570117227541e-02 5.666709766708777352e-02 -6.734670338237904730e-01 6.631968922388201682e-01 9.006100477134897364e-01
-9.313728956735041198e-01 -2.030207049076235837e-01 2.303759984372749370e-01 -7.335688674325790970e-01 -4.843577876603663013e-01 2.667861655745974447e-01 1.679289617403909862e-01 8.388877787123785179e-01 8.083418596362961228e-01 1.071673919486956922e-01
