1.631479296487230446e-01 -6.389263950898528277e-01 1.429216413030900412e-01 -2.262556614204000172e-01 -8.746282108331507876e-01 6.137590292157525385e-01 -7.752396905029953489e-01 2.523123021480654371e-01 -9.972721134452851022e-01 -3.947819760809173073e-01
5.903699784981231158e-01 -4.492221293864873122e-01 1.109677538628166121e-01 -9.106305948426095531e-01 -5.802854958464125357e-01 -5.915451386882774054e-01 -1.158396361637898664e-01 -7.062091825082296159e-01 -2.792402234467249444e-01 9.237160474214138883e-01
1.420028074570119370e-01 -2.021171245946930539e-01 -4.463381307077706750e-01 -6.781172697249495673e-01 -5.118873748517834832e-01 4.131199315465529098e-01 1.276750340755355984e-01 7.875148527367966667e-01 2.843256136366850151e-01 3.504951203323851128e-01
2.338071791165760860e-01 -8.193596422138876845e-01 2.283350368662047380e-01 -2.652557604045012452e-02 -3.693156217657267981e-01 -1.581436398835486534e-01 9.710317462351790718e-01 -9.837328491269835273e-02 -2.225747668173899130e-01 9.433763609951195672e-01
3.254987422939219222e-02 -8.707911014822817819e-01 -2.686139502002855561e-01 3.100989996394583614e-01 -4.125684579946014563e-01 -1.532993731508347224e-01 2.692430638152177869e-01 -1.704231827171066860e-01 -9.325193699915702572e-01 -3.055607128162993874e-02
6.340560797629869461e-01 -8.687379130751180512e-01 -8.966862040515394261e-02 1.913834243352698916e-01 6.281941786945023365e-01 4.804919370950757607e-01 -5.233151194170730935e-01 -2.513518658837392006e-01 4.173114512379640928e-01 -9.875575224181744050e-01
-7.296222608666016463e-01 -4.402316317453486283e-01 2.990375001120366694e-01 9.230891357189981994e-01 -5.619797944427654679e-01 2.052063563280052128e-01 -7.132438659371731493e-01 -4.391677260525024273e-01 7.978358357130425071e-01 6.526637891508908496e-01
3.904058242998810768e-01 -5.166191215306109585e-01 -3.057456562347361517e-01 9.247555303627410517e-01 1.178161554761931601e-01 5.282406674969148952e-01 9.212247219247324814e-01 3.976573504277410298e-01 4.911635337935081336e-01 -7.701384163885787171e-01
-6.290894674439240219e-01 -9.349369049402612986e-02 -8.383448028395737439e-02 1.434688229409038229e-01 -5.473736048499580065e-01 -6.395831503796823858e-01 -4.952059802800836685e-01 -2.292729638846192908e-01 -2.195887731129174958e-01 -4.018226127545360682e-01
-4.520145044224530007e-01 4.618806737320262784e-02 -1.316316909068030172e-01 -3.144050531133547877e-02 9.697362389197050625e-02 -5.334721916218756466e-01 4.995118070190966986e-01 -1.654019188165142262e-01 -1.629736903079902210e-01 5.328245186300608616e-01
4.690675708896917540e-01 1.926384699895586639e-01 -3.399246031791311462e-02 4.478813541469298665e-01 5.584464089483642812e-01 -2.736069747900996552e-01 7.791605158503200901e-01 8.630362128202253569e-01 2.621707371683976717e-01 3.797731750029179620e-01
-1.984181207559392590e-01 1.090118794247655204e-01 9.404692028088367239e-01 5.396095363636795872e-01 4.690326855278717511e-01 2.573630717095405362e-01 -1.704539727433503349e-01 4.465997012367513563e-01 8.858034581228927395e-01 -9.072405109691851210e-01
3.101301257743129258e-01 -6.421379574112775490e-01 -9.052557872038999864e-01 6.251860059246625578e-01 -4.079985078448145619e-01 9.864412029607108057e-01 2.452787002156196772e-02 3.009212747714505587e-03 -6.797051451076447925e-01 2.947876623620948044e-01
2.125555526115195659e-01 1.965834595804701879e-01 2.085360205437470082e-01 -2.672333635603676982e-01 -2.925494010892305541e-01 -9.045529286985866391e-02 5.197163941368886098e-02 -6.655344018433358988e-01 6.668750663615589103e-01 8.841315913697999074e-01
-9.190269285850876102e-01 -2.027085191843186196e-01 2.115705127775307504e-01 -7.076848629322853856e-01 -4.898005586712165793e-01 2.833383994844509424e-01 1.535440535899036396e-01 8.749701171804055155e-01 7.947846019437839749e-01 1.071324289655051498e-01
