1.616335272026144798e-01 -6.388953789855467136e-01 1.447668207850105471e-01 -2.269031476864027952e-01 -8.745331812605848798e-01 6.126984532870763944e-01 -7.738648908883408728e-01 2.500396120568267877e-01 -9.958101649532561384e-01 -3.949565635461295687e-01
5.891217736786085180e-01 -4.492011018238867837e-01 1.124340779141019125e-01 -9.113103982755467181e-01 -5.801869101727749056e-01 -5.924751396347641696e-01 -1.147564765368817852e-01 -7.081733542961977657e-01 -2.780851161950993466e-01 9.235498929409956537e-01
1.239830085883591310e-01 -2.019465904512801058e-01 -4.267680283293553423e-01 -6.922164380655435600e-01 -5.098700265850498736e-01 3.980561521976850869e-01 1.418464909113929528e-01 7.564913645737094683e-01 2.995391944304838794e-01 3.474437972876016634e-01
1.962619577649705460e-01 -8.186060211269003961e-01 2.738966615462350429e-01 -4.307203100539725577e-02 -3.668911612658024568e-01 -1.846263164683852320e-01 1.004946987063469521e+00 -1.550255193889546190e-01 -1.864985247579823424e-01 9.389727487884664825e-01
6.333847418484863170e-03 -8.703764038557680882e-01 -2.381405433277982431e-01 2.949531966956199236e-01 -4.103775351072532218e-01 -1.731638757144252083e-01 2.916957985276880105e-01 -2.122169384809042547e-01 -9.085548222886475900e-01 -3.417799184191398776e-02
6.054546410563795833e-01 -8.682027999678955110e-01 -5.542886430225939243e-02 1.775227936576076193e-01 6.302152043524783531e-01 4.598378480609820462e-01 -4.979084631409401163e-01 -2.952905060326591058e-01 4.443653389605932702e-01 -9.911033861939674283e-01
-7.664638981756760616e-01 -4.394743745835993920e-01 3.439587150945032645e-01 9.074247864937212693e-01 -5.596800762160046849e-01 1.794385824882126779e-01 -6.797685315162940167e-01 -4.944022174931124169e-01 8.334312148421350042e-01 6.484298188021336840e-01
3.548096942464177284e-01 -5.159422578172100371e-01 -2.630015188978488405e-01 9.078557945645341354e-01 1.202828272412489324e-01 5.026694721216820039e-01 9.529646832865332762e-01 3.431914577317076720e-01 5.249532870910866844e-01 -7.744980490324474554e-01
-6.532485382760986337e-01 -9.290234371156418092e-02 -5.323835238378341050e-02 1.362495904543285230e-01 -5.462887980446784475e-01 -6.553137477974441127e-01 -4.722102437197007729e-01 -2.635928454403123622e-01 -1.952052631806661109e-01 -4.041341295732086003e-01
-4.675677252254811789e-01 4.671387419699741389e-02 -1.101906992959756637e-01 -3.141402515285662833e-02 9.702396773612231851e-02 -5.418128818092292631e-01 5.159147870199343178e-01 -1.845867848852333348e-01 -1.456810439215474595e-01 5.320482627613194460e-01
4.316915419727053727e-01 1.933891888669388714e-01 1.136978187355944594e-02 4.314253721303769051e-01 5.608577383129164096e-01 -2.999642306230622668e-01 8.129283635120623241e-01 8.066491773450509273e-01 2.980898350064736801e-01 3.753918299389283897e-01
-2.353156272292009354e-01 1.097711445525730162e-01 9.854688689689390380e-01 5.239491218710025100e-01 4.713320522564647952e-01 2.315668045175192091e-01 -1.369184034428275465e-01 3.912986855291920585e-01 9.214622648388918202e-01 -9.114766849596181997e-01
2.885157437498846456e-01 -6.419842798704614717e-01 -8.823931888260793110e-01 6.066355963974620069e-01 -4.053515374203144339e-01 9.677461880719699927e-01 4.096574073354393442e-02 -3.522297973983112146e-02 -6.620159497402723359e-01 2.908780834588853281e-01
1.980964757053033098e-01 1.971102872366881642e-01 2.289254302154421772e-01 -2.659843759120605888e-01 -2.926723506061171820e-01 -9.774128202902285234e-02 6.763947051088442519e-02 -6.826074494916183344e-01 6.833689923935721833e-01 8.835964141687975282e-01
-9.549879327354150460e-01 -2.019751604703489412e-01 2.553482996278271799e-01 -7.231615319336914816e-01 -4.875299195774931982e-01 2.581151840627805560e-01 1.861553464632080268e-01 8.209396528605773513e-01 8.294654138815583666e-01 1.029712225608290233e-01
