1.596955126331940367e-01 -6.388193149427511264e-01 1.475652066125069661e-01 -2.265601566473214035e-01 -8.745740043748443382e-01 6.117889866796660803e-01 -7.717048063255413926e-01 2.478605395432607605e-01 -9.935394964380248606e-01 -3.950015545259834560e-01
5.873091095976991083e-01 -4.491299575918464848e-01 1.150514645705631722e-01 -9.109895918448692731e-01 -5.802250928541936581e-01 -5.933257820798991666e-01 -1.127361059160952028e-01 -7.102114847299741962e-01 -2.759613141751576793e-01 9.235078119708972633e-01
1.153878978750763062e-01 -2.016092457896640211e-01 -4.143571639399269979e-01 -6.906952699582006305e-01 -5.100510774358832933e-01 3.940226602394367728e-01 1.514264838899117005e-01 7.468271598758199348e-01 3.096096281565907660e-01 3.472442619182371515e-01
1.984730118558040435e-01 -8.186928015441595763e-01 2.707040217543336125e-01 -4.346334475094195543e-02 -3.668445867378251068e-01 -1.835887185604435923e-01 1.002482576380245183e+00 -1.525394456146053623e-01 -1.890890991472297111e-01 9.390240783768122323e-01
6.023568994577692751e-03 -8.703642259125848879e-01 -2.376925184482436004e-01 2.950081099665001760e-01 -4.103840709361119554e-01 -1.733094823935472650e-01 2.920416306200917522e-01 -2.125658105666754505e-01 -9.081912855747144020e-01 -3.418519495098208683e-02
6.036697782280667779e-01 -8.681327468915671641e-01 -5.285162111658549267e-02 1.778386798050909101e-01 6.301776072877671719e-01 4.590002521178081496e-01 -4.959190794164896054e-01 -2.972973771836974755e-01 4.464565677326599036e-01 -9.911448217583938014e-01
-7.624677128266331705e-01 -4.396312186126408172e-01 3.381884445190067034e-01 9.067175390938010393e-01 -5.595958989690014151e-01 1.813139023074355760e-01 -6.842226251122645042e-01 -4.899089707494521662e-01 8.287490971757990321e-01 6.485225901865019349e-01
3.566254365856809105e-01 -5.160135228660795992e-01 -2.656233503890841341e-01 9.075344433417545931e-01 1.203210747643331940e-01 5.035215591241625210e-01 9.509408816810392961e-01 3.452330493098296205e-01 5.228258784396799808e-01 -7.744558966006264145e-01
-6.435829609885066471e-01 -9.328170251311723726e-02 -6.719491128842439154e-02 1.345389704984713553e-01 -5.460851984576469142e-01 -6.507779099750085061e-01 -4.829833641177154746e-01 -2.527250252869075453e-01 -2.065299056135827260e-01 -4.039097433379946755e-01
-4.669192981787974039e-01 4.668842444888559456e-02 -1.111269920804762029e-01 -3.152878417996603233e-02 9.703762646285915561e-02 -5.415085895940903171e-01 5.151920590922169918e-01 -1.838577039088689635e-01 -1.464407713779667108e-01 5.320633159857143246e-01
4.364322544024200612e-01 1.932031233136528858e-01 4.524455380726578879e-03 4.305863578588071672e-01 5.609575985762206285e-01 -2.977395210062248609e-01 8.076444302033665146e-01 8.119795584027130753e-01 2.925353945890635243e-01 3.755018855085736074e-01
-2.344084791921341449e-01 1.097355404099612103e-01 9.841589973867413965e-01 5.237885742400695266e-01 4.713511607856532559e-01 2.319925086689264837e-01 -1.379294982518969315e-01 3.923186682395897185e-01 9.203994077691241005e-01 -9.114556255312196154e-01
2.844886407519578997e-01 -6.418262223720246906e-01 -8.765782748759551879e-01 6.073483156223539181e-01 -4.054363659290434185e-01 9.658563592961669775e-01 4.545429471857747455e-02 -3.975098979225592799e-02 -6.572976075104096649e-01 2.907845943217508555e-01
2.035525703511163464e-01 1.968961440495395898e-01 2.210471313774265978e-01 -2.669499989787919025e-01 -2.925574212455999690e-01 -9.518085964338460214e-02 6.155818195735296428e-02 -6.764727041384596129e-01 6.769763767115991593e-01 8.837230773261152139e-01
-9.548577509585349787e-01 -2.019802699016215730e-01 2.551603243436534330e-01 -7.231845715865538038e-01 -4.875271773764612848e-01 2.581762754399218873e-01 1.860102476331818022e-01 8.210860271635588292e-01 8.293128868228443196e-01 1.029742447288732460e-01
