1.611286692791929209e-01 -6.388215466975496470e-01 1.440021338580856625e-01 -2.245855339140598872e-01 -8.752205283575911210e-01 6.133194068742693350e-01 -7.746162222638216521e-01 2.518189780337148909e-01 -9.962187946558821450e-01 -3.955622488405781123e-01
5.892472046016622444e-01 -4.491908004049041114e-01 1.118319822014225279e-01 -9.107045782604689110e-01 -5.803749942396224659e-01 -5.921744931373639220e-01 -1.152666318747772728e-01 -7.073708323376056706e-01 -2.785139600106171232e-01 9.233854003777844932e-01
1.184290470960119579e-01 -2.013475790108308350e-01 -4.292844687905246204e-01 -6.755158021720373274e-01 -5.147604021788385609e-01 4.015010477716651760e-01 1.387679115342461134e-01 7.668019539064481194e-01 2.989916690258596077e-01 3.431251607721576558e-01
1.843269814995388556e-01 -8.168425909010762487e-01 2.553211069772739483e-01 1.246012042649451840e-02 -3.833659189922204447e-01 -1.696607010446415653e-01 9.867470708002503699e-01 -1.121780835794568831e-01 -1.964921958226682197e-01 9.244560948175619686e-01
-6.045440079844342091e-03 -8.689445519249718863e-01 -2.464236235754814763e-01 3.361667429978517085e-01 -4.224892821467762238e-01 -1.639496415529135553e-01 2.824813645578950760e-01 -1.850336268299708209e-01 -9.115657895573173741e-01 -4.486723841614351227e-02
6.117318477854085668e-01 -8.681847923155471269e-01 -7.180331430749896382e-02 1.873176747963274380e-01 6.270353852651806559e-01 4.669822961459960675e-01 -5.113362737877998887e-01 -2.767454588464388632e-01 4.321156456592783468e-01 -9.938647130483565517e-01
-7.776968042960440419e-01 -4.377621360350414381e-01 3.250230004234445080e-01 9.618576585605782547e-01 -5.758439345579877688e-01 1.943582825521540658e-01 -6.981759784066287056e-01 -4.517923763458202568e-01 8.230526012787590107e-01 6.341893660420053758e-01
3.407870326209117562e-01 -5.140911204149418712e-01 -2.787220882069928463e-01 9.639953933058067470e-01 1.036918241510925431e-01 5.167470002573361088e-01 9.369513397863706849e-01 3.839421836237685293e-01 5.172988353622275381e-01 -7.891266010880144677e-01
-6.634774233405621446e-01 -9.142606172225793693e-02 -6.818886501482493423e-02 1.823969036270914057e-01 -5.599691886477525804e-01 -6.430443774105332189e-01 -4.869554333229175191e-01 -2.283940785538637330e-01 -2.031210599680743356e-01 -4.161900445181687114e-01
-4.619042814477532510e-01 4.682262644121058803e-02 -1.275220444300093348e-01 -1.876092993642018703e-02 9.299618335932618995e-02 -5.338978784360176588e-01 5.015495954884159335e-01 -1.638357122215479966e-01 -1.584457633328703319e-01 5.285397578867709889e-01
4.201353462490398649e-01 1.951182522084657645e-01 -7.213493001324873012e-03 4.860860811818017990e-01 5.446352533269410712e-01 -2.851305547376689065e-01 7.947806331493750820e-01 8.490752311632474569e-01 2.880134202987930658e-01 3.610983913575809834e-01
-2.462343948235973801e-01 1.114594914508784257e-01 9.663992704149757529e-01 5.778494467810905144e-01 4.553196586088300579e-01 2.464502987203716078e-01 -1.553947201484917051e-01 4.337593689481177850e-01 9.109296687981076612e-01 -9.255827092164411463e-01
2.639190553817403750e-01 -6.398365612470920949e-01 -8.795705784140379624e-01 6.597611395624281005e-01 -4.206815881911765698e-01 9.749806846975569430e-01 3.961908510137134715e-02 -1.150734619253329996e-02 -6.550885661457599429e-01 2.773063199341456175e-01
2.065750051731248538e-01 1.969905039318858575e-01 2.107934821605996489e-01 -2.586990696441222037e-01 -2.951619717736254089e-01 -9.037998732553351178e-02 5.300828027621912186e-02 -6.638202392731588075e-01 6.694916702000820452e-01 8.814512928604565367e-01
-9.662668864403236579e-01 -2.002847587680393060e-01 2.371328761926835837e-01 -6.696958512405165598e-01 -5.033985417179787092e-01 2.726377729330253796e-01 1.683743961267471223e-01 8.624703966542176525e-01 8.195785286397185843e-01 8.898968726383454930e-02
