1.777009844081659795e-01 -6.398074541659822811e-01 1.432080074849164109e-01 -2.445150853898101218e-01 -8.678522182855551437e-01 6.145212826858579280e-01 -7.725786834900200128e-01 2.477023401290854299e-01 -9.991155461119295422e-01 -3.859331728796133731e-01
6.200731778408983264e-01 -4.509750523644451281e-01 1.107371114052658201e-01 -9.461281043435395555e-01 -5.669343951541990778e-01 -5.893087226954205615e-01 -1.111206079942259617e-01 -7.139068506793180280e-01 -2.835159459167826412e-01 9.414539776883917854e-01
1.580580676992692224e-01 -2.038517568227760646e-01 -4.323127739638424893e-01 -7.280391330344759826e-01 -4.963575244705234479e-01 4.025133840819739017e-01 1.425884642824660486e-01 7.536453674211188725e-01 2.909237216316775121e-01 3.656852471546090388e-01
2.444830654621878152e-01 -8.210610020893190919e-01 2.475109128161084582e-01 -8.111518043779950005e-02 -3.532022729305271391e-01 -1.734210571683319213e-01 9.895539863575095740e-01 -1.415747768842471610e-01 -2.119857025229326397e-01 9.573767630980025700e-01
2.524017542683789500e-02 -8.712970453603201548e-01 -2.517073417786573342e-01 2.822358108897125573e-01 -4.059546003110707790e-01 -1.679194923883044477e-01 2.828032404405259603e-01 -2.039059972493008077e-01 -9.208580357844590170e-01 -2.824992054186970664e-02
6.479260366290795492e-01 -8.704232464950655279e-01 -7.419417312051587721e-02 1.409625104578376975e-01 6.435831563406851918e-01 4.685250205406024104e-01 -5.074976485498794432e-01 -2.876618387360555529e-01 4.251258320112928368e-01 -9.731053834909770828e-01
-7.199876245256644491e-01 -4.418258621416916720e-01 3.174002825550987228e-01 8.715275478920435637e-01 -5.468169207317321590e-01 1.905362318370979469e-01 -6.956045049153785076e-01 -4.803752673014599073e-01 8.080577499888331738e-01 6.657172591396477435e-01
3.992676760251706036e-01 -5.182163941726436462e-01 -2.865023521162713416e-01 8.722179682499283659e-01 1.331454646660927277e-01 5.127821264569444315e-01 9.395053659397454293e-01 3.548139755628063052e-01 5.020473109114754751e-01 -7.572001860052183231e-01
-6.377780955631908721e-01 -9.353180692800429352e-02 -7.386421723667259409e-02 1.323429437778666229e-01 -5.454610130109498467e-01 -6.485062484981135578e-01 -4.879344250366957625e-01 -2.478127231080932413e-01 -2.121029947692248119e-01 -4.030904423821551341e-01
-4.337401812703713944e-01 4.500785878593431544e-02 -1.299443588807024930e-01 -5.725285740722721450e-02 1.062623225845557851e-01 -5.336237013655389383e-01 5.040132726557510212e-01 -1.739783266186508692e-01 -1.644525140708978095e-01 5.444616803745792044e-01
4.798864206795465659e-01 1.909345177219050615e-01 -1.492275924793746121e-02 3.933491045058592483e-01 5.745622909428932390e-01 -2.887858981382026013e-01 7.976136752665202723e-01 8.200182604971094635e-01 2.726730705312361835e-01 3.938173530000362299e-01
-2.152858837996551034e-01 1.089437486133654071e-01 9.597196143007774571e-01 5.182392707414451571e-01 4.726837534034593058e-01 2.401281839735710522e-01 -1.564294051507844063e-01 4.108287718654646259e-01 9.002696504577136771e-01 -9.097435832326185023e-01
3.211399674062051512e-01 -6.438203457027160681e-01 -8.867778349109790570e-01 5.717075972438038223e-01 -3.921435649114074495e-01 9.717695363272085274e-01 4.249566553227566296e-02 -3.881894171944819810e-02 -6.696019517903103457e-01 3.087121935933571648e-01
2.399274719619019225e-01 1.949456299178973784e-01 2.087277064462289555e-01 -3.008228238279189171e-01 -2.800086857484022085e-01 -8.873193587728227250e-02 5.667345781374040492e-02 -6.734766063395328795e-01 6.631894391138900557e-01 9.006373894557141435e-01
-9.315205754820508055e-01 -2.030121994406865471e-01 2.303809166517279128e-01 -7.334005710901284614e-01 -4.844219515215972827e-01 2.667718972249250586e-01 1.679087945519351921e-01 8.389181319006800974e-01 8.083654925151052550e-01 1.070806948804887693e-01
