1.631518762973218073e-01 -6.389264077658853846e-01 1.429176516077076409e-01 -2.262517786774494999e-01 -8.746287628590645458e-01 6.137626322051047412e-01 -7.752425224573448181e-01 2.523195915964133174e-01 -9.972751742821692744e-01 -3.947811867439937616e-01
5.903598581242975873e-01 -4.492220968813924187e-01 1.109779846213221760e-01 -9.106405513434594479e-01 -5.802840802887644367e-01 -5.915543778181926449e-01 -1.158323741955765152e-01 -7.062278748089036995e-01 -2.792323745560237325e-01 9.237140233281760926e-01
1.420593920504285568e-01 -2.021173063357641908e-01 -4.463953324792028776e-01 -6.780616013709785950e-01 -5.118952894560612199e-01 4.131715889673933106e-01 1.276344312751018228e-01 7.876193643143222234e-01 2.842817292607960900e-01 3.505064373543517742e-01
2.338084398280126097e-01 -8.193596462631003163e-01 2.283337624039689928e-01 -2.652433574293686092e-02 -3.693157981040465776e-01 -1.581424889501001352e-01 9.710308415999812093e-01 -9.837095638238506357e-02 -2.225757445664771905e-01 9.433766131397081089e-01
3.257047489277082458e-02 -8.707911676484658692e-01 -2.686347755586876440e-01 3.101192667289920379e-01 -4.125713394520558186e-01 -1.532805663153785358e-01 2.692282816179188409e-01 -1.703851333524691869e-01 -9.325353469068520251e-01 -3.055195111135201175e-02
6.340569142197348684e-01 -8.687379157552657105e-01 -8.966946396346697767e-02 1.913842452801740313e-01 6.281940619773086487e-01 4.804926988904833496e-01 -5.233157181892610366e-01 -2.513503246445812911e-01 4.173108040721654199e-01 -9.875573555253017721e-01
-7.296429414282338266e-01 -4.402315653225434833e-01 2.990584062401564491e-01 9.230687900249542333e-01 -5.619769018097768853e-01 2.051874765515334931e-01 -7.132290264081404541e-01 -4.392059229889790362e-01 7.978518745936893364e-01 6.526596530008162977e-01
3.904051588713654541e-01 -5.166191193933562520e-01 -3.057449835482758393e-01 9.247548757090992000e-01 1.178162485510578505e-01 5.282400600114000033e-01 9.212251994091428253e-01 3.976561213832309205e-01 4.911640498688802925e-01 -7.701385494754964256e-01
-6.291270414141179046e-01 -9.349356981217302187e-02 -8.379649648792635019e-02 1.434318573828507193e-01 -5.473683493009247059e-01 -6.396174525505341490e-01 -4.951790187288703238e-01 -2.293423628969963324e-01 -2.195596324912028607e-01 -4.018301276171582503e-01
-4.520406636365543185e-01 4.618815139260268321e-02 -1.316052463695974173e-01 -3.146624094540593358e-02 9.697728283542715599e-02 -5.334960729904618670e-01 4.995305778060817881e-01 -1.654502348079790741e-01 -1.629534024395923875e-01 5.328192867394924148e-01
4.690710536388553731e-01 1.926384588035003342e-01 -3.399598105402844295e-02 4.478847805020828576e-01 5.584459218090253030e-01 -2.736037953055727723e-01 7.791580167713180183e-01 8.630426454476816112e-01 2.621680361103146395e-01 3.797738715591076897e-01
-1.984105097488692293e-01 1.090118549793733377e-01 9.404615087871870394e-01 5.396170241304031334e-01 4.690316209605491227e-01 2.573700199788749310e-01 -1.704594340921469775e-01 4.466137587444123369e-01 8.857975553802027724e-01 -9.072389887538788722e-01
3.101434082393794700e-01 -6.421380000725265269e-01 -9.052692145431263659e-01 6.251990733149588308e-01 -4.080003656907136844e-01 9.864533288389103483e-01 2.451833906541645014e-02 3.033745421605296699e-03 -6.797154463690749937e-01 2.947903188793524754e-01
2.125443030479560180e-01 1.965834957123500648e-01 2.085473928082596240e-01 -2.672444309666820450e-01 -2.925478275894751179e-01 -9.046556286393626911e-02 5.197971164248397363e-02 -6.655551797541329195e-01 6.668837909992419988e-01 8.841293414365535286e-01
-9.190369877062126713e-01 -2.027084868759580216e-01 2.115806816152419056e-01 -7.076947591722619890e-01 -4.897991516811106005e-01 2.833292162735826514e-01 1.535512716056729454e-01 8.749515380132890652e-01 7.947924033297427693e-01 1.071304171229193192e-01
