1.616390502803972118e-01 -6.388955957577173717e-01 1.447588457662282724e-01 -2.269041251641872869e-01 -8.745330649202647244e-01 6.127010451431402771e-01 -7.738710468353836580e-01 2.500458221169453155e-01 -9.958166360495143143e-01 -3.949564353279597095e-01
5.891276960759124215e-01 -4.492013342687244393e-01 1.124255263000213945e-01 -9.113114464251516056e-01 -5.801867854210286390e-01 -5.924723603870387656e-01 -1.147630775600076425e-01 -7.081666952476111110e-01 -2.780920551527856777e-01 9.235500304293623453e-01
1.240417188556889316e-01 -2.019488947375105425e-01 -4.268528027075342290e-01 -6.922268286456320086e-01 -5.098687898884897152e-01 3.980837036044139743e-01 1.417810532495002163e-01 7.565573774571114907e-01 2.994704067352569887e-01 3.474451602455981281e-01
1.962554865468679466e-01 -8.186057671417041881e-01 2.739060056271881427e-01 -4.307088572514180397e-02 -3.668912975781296049e-01 -1.846293532653559277e-01 1.004954199794759750e+00 -1.550327955228491816e-01 -1.864909427761785587e-01 9.389725985592329849e-01
6.388012932895672374e-03 -8.703785297675498134e-01 -2.382187553341773290e-01 2.949436104487653809e-01 -4.103763941431869400e-01 -1.731384570579263538e-01 2.916354263853103701e-01 -2.121560356448274898e-01 -9.086182851387852866e-01 -3.417673439029000199e-02
6.055210499721223050e-01 -8.682054064140434235e-01 -5.552475510285817539e-02 1.775110405658743007e-01 6.302166032164486786e-01 4.598690122700934135e-01 -4.979824816111784735e-01 -2.952158369123985548e-01 4.442875311688010975e-01 -9.911018445119607057e-01
-7.664628929168504357e-01 -4.394744140384371223e-01 3.439572635563699077e-01 9.074246085823811647e-01 -5.596800550408306263e-01 1.794390542335484173e-01 -6.797696519640477053e-01 -4.944010871962041809e-01 8.334300370338765251e-01 6.484298421392026279e-01
3.548041459269408171e-01 -5.159420400543424101e-01 -2.629935074314566079e-01 9.078567765096096087e-01 1.202827103692276772e-01 5.026668684202594273e-01 9.529708673676235975e-01 3.431852192902328791e-01 5.249597877616943853e-01 -7.744981778366027969e-01
-6.532927654942044526e-01 -9.290060786237923363e-02 -5.317449072748322431e-02 1.362574178152437532e-01 -5.462897296644952938e-01 -6.553345026352253022e-01 -4.721609486666121791e-01 -2.636425738153445608e-01 -1.951534445033177023e-01 -4.041351563074293551e-01
-4.676249774661788705e-01 4.671612125796139464e-02 -1.101080302275956740e-01 -3.140389261523978542e-02 9.702276175201854369e-02 -5.418397489968839187e-01 5.159785995852618212e-01 -1.846511583868637729e-01 -1.456139645185182130e-01 5.320469336513898861e-01
4.316841841862944507e-01 1.933894776485555189e-01 1.138040611010493128e-02 4.314266743160499185e-01 5.608575833255597942e-01 -2.999676834665809810e-01 8.129365644002772839e-01 8.066409043679629853e-01 2.980984557331745055e-01 3.753916591280246351e-01
-2.353199116019374648e-01 1.097713127075065770e-01 9.854750553661596468e-01 5.239498801219878432e-01 4.713319620087233486e-01 2.315647939578469316e-01 -1.369136281395065546e-01 3.912938682491698406e-01 9.214672846103806325e-01 -9.114767844212685599e-01
2.885551852605653389e-01 -6.419858278881098723e-01 -8.824501401856023053e-01 6.066286160140610395e-01 -4.053507066085534905e-01 9.677646970849960173e-01 4.092177976457127969e-02 -3.517863233750818247e-02 -6.620621612589621119e-01 2.908789990929783187e-01
1.980215755339335137e-01 1.971132269513478641e-01 2.290335819194311839e-01 -2.659711200325585168e-01 -2.926739283332933095e-01 -9.777643099323859999e-02 6.772295321864102435e-02 -6.826916660435826678e-01 6.834567489376139893e-01 8.835946753624157601e-01
-9.549931347012495797e-01 -2.019749563013204519e-01 2.553558109787200658e-01 -7.231606112865018865e-01 -4.875300291537827402e-01 2.581127428973248872e-01 1.861611445032602674e-01 8.209338038535857196e-01 8.294715087480387661e-01 1.029711017972683301e-01
