1.611270684596362024e-01 -6.388214135977350328e-01 1.440025022628473317e-01 -2.245823518967783872e-01 -8.752214423996023118e-01 6.133197716341016736e-01 -7.746161474191566310e-01 2.518202312889413208e-01 -9.962182201290564754e-01 -3.955630586806818672e-01
5.892526180680879300e-01 -4.491912505064626915e-01 1.118307363728093112e-01 -9.107153388384786608e-01 -5.803719032380671994e-01 -5.921757266399767516e-01 -1.152668849758090447e-01 -7.073750704511785337e-01 -2.785159028789864766e-01 9.233881390013812807e-01
1.184830467375463103e-01 -2.013520687999795777e-01 -4.292968960031895431e-01 -6.756231395617122715e-01 -5.147295692590718730e-01 4.014887435115682135e-01 1.387653868367763887e-01 7.667596784777815921e-01 2.989722888012045776e-01 3.431524787013536804e-01
1.843236929376504685e-01 -8.168423174742707182e-01 2.553218637907783695e-01 1.246665724116317181e-02 -3.833677967077380178e-01 -1.696599517189114337e-01 9.867472245535651165e-01 -1.121755090185972553e-01 -1.964910155728299412e-01 9.244544311639103507e-01
-6.086965213951849030e-03 -8.689410993261913463e-01 -2.464140671847753483e-01 3.362492842772816792e-01 -4.225129923250636188e-01 -1.639401797113882453e-01 2.824833060226535908e-01 -1.850011174874094388e-01 -9.115508863763893688e-01 -4.488824560510203121e-02
6.117671704118935461e-01 -8.681877292081003894e-01 -7.181144328352065398e-02 1.872474625057338193e-01 6.270555539121830391e-01 4.669742475965755202e-01 -5.113379252607203052e-01 -2.767731123480891009e-01 4.321029685300005196e-01 -9.938468436517843285e-01
-7.776891157744640903e-01 -4.377627752955953189e-01 3.250212310247959646e-01 9.618423757584447786e-01 -5.758395445368272858e-01 1.943565306596119757e-01 -6.981763378755145855e-01 -4.517983955625477499e-01 8.230498419034881774e-01 6.341932555953833095e-01
3.407875031854139536e-01 -5.140911595399312306e-01 -2.787221965003995328e-01 9.639944579446838580e-01 1.036920928357935728e-01 5.167468930353645851e-01 9.369513177856133579e-01 3.839418152265814399e-01 5.172986664787774247e-01 -7.891263630336979862e-01
-6.635355990788197600e-01 -9.142122471240143877e-02 -6.817547673574150813e-02 1.825125420222651063e-01 -5.600024060510370161e-01 -6.430311215926329815e-01 -4.869527133763585369e-01 -2.283485337279546612e-01 -2.031001809613833531e-01 -4.162194750968445933e-01
-4.618652744081118700e-01 4.681938320887922556e-02 -1.275310213188048658e-01 -1.883846589212439041e-02 9.301845574650177695e-02 -5.339067665091181691e-01 5.015477717545634428e-01 -1.638662501894862233e-01 -1.584597627811980824e-01 5.285594911945632468e-01
4.201232354707741257e-01 1.951192591566471846e-01 -7.210705886211328693e-03 4.861101542920862606e-01 5.446283382689153241e-01 -2.851277951977622682e-01 7.947811993763049809e-01 8.490847124917919597e-01 2.880177668017858128e-01 3.610922646246291778e-01
-2.462519442209009646e-01 1.114609505919271770e-01 9.664033091472012948e-01 5.778843304663041636e-01 4.553096381875154086e-01 2.464542974941196229e-01 -1.553938996445455856e-01 4.337731080818003071e-01 9.109359671966273941e-01 -9.255915872974681546e-01
2.638864917055063763e-01 -6.398338537468930554e-01 -8.795630843692959777e-01 6.598258677699839758e-01 -4.207001815223191388e-01 9.749881045975916649e-01 3.962060758242225839e-02 -1.148185262752739189e-02 -6.550768791911232292e-01 2.772898462654981300e-01
2.066388757105341589e-01 1.969851934291188544e-01 2.107787833083692441e-01 -2.588260278343593179e-01 -2.951255027323607116e-01 -9.039454075000985522e-02 5.300529407520733483e-02 -6.638702424633915467e-01 6.694687473559916002e-01 8.814836043864052728e-01
-9.662661868240519647e-01 -2.002848169374910892e-01 2.371327151864260352e-01 -6.696972418976070429e-01 -5.033981422484311574e-01 2.726376135197342565e-01 1.683743634169108938e-01 8.624698489361782849e-01 8.195782775506347262e-01 8.899004119336503815e-02
