1.777096508918237783e-01 -6.398079533032099420e-01 1.432077188630282716e-01 -2.445249617399751774e-01 -8.678484528753731553e-01 6.145221200137260809e-01 -7.725774999930281606e-01 2.477005588739973896e-01 -9.991169329904744378e-01 -3.859280851243394039e-01
6.200913619121503073e-01 -4.509760996573576874e-01 1.107365058169804267e-01 -9.461488269644089399e-01 -5.669264945465539718e-01 -5.893069658087504159e-01 -1.111181247732938582e-01 -7.139105881200976667e-01 -2.835188558741856268e-01 9.414646528489375443e-01
1.580720734501466773e-01 -2.038525634696168876e-01 -4.323132404005684548e-01 -7.280550940292060957e-01 -4.963514392577609291e-01 4.025147372727242989e-01 1.425903769110114794e-01 7.536424887662921401e-01 2.909214803218032608e-01 3.656934693858745478e-01
2.445022328994610750e-01 -8.210621060181879649e-01 2.475102744785594722e-01 -8.113702370546749254e-02 -3.531939450704259520e-01 -1.734192052719892019e-01 9.895566038671306242e-01 -1.415787164399558429e-01 -2.119887698462628589e-01 9.573880155544689519e-01
2.519944381941865638e-02 -8.712946994652136512e-01 -2.517059852846160739e-01 2.822822287488515602e-01 -4.059722973627657994e-01 -1.679234277456366220e-01 2.827976781228941916e-01 -2.038976255283324046e-01 -9.208515175938457586e-01 -2.827383248339614130e-02
6.479333210023371370e-01 -8.704236660310638030e-01 -7.419441571366512667e-02 1.409542091647336681e-01 6.435863212521206744e-01 4.685257243333944555e-01 -5.074966537942001699e-01 -2.876633359207778629e-01 4.251246663088715239e-01 -9.731011071189301642e-01
-7.201367241347423898e-01 -4.418172749028008717e-01 3.174052480534936271e-01 8.716974622433389941e-01 -5.468817014673019727e-01 1.905218263108497678e-01 -6.956248659921198119e-01 -4.803446222961976764e-01 8.080816100752356013e-01 6.656297285618046899e-01
3.991937038178462460e-01 -5.182121338193167448e-01 -2.864998886029260783e-01 8.723022671940982020e-01 1.331133252525031618e-01 5.127749794994115318e-01 9.394952642781825292e-01 3.548291793497024282e-01 5.020591485230497808e-01 -7.572436122092940369e-01
-6.378017092376204733e-01 -9.353044692267181714e-02 -7.386343082507028368e-02 1.323698539904233085e-01 -5.454712726703044856e-01 -6.485085299756366828e-01 -4.879376497254805378e-01 -2.478078697004845177e-01 -2.120992159242254538e-01 -4.031043050514176995e-01
-4.337802897123411716e-01 4.501016879046659813e-02 -1.299430231400827973e-01 -5.720714970925999676e-02 1.062448962855236934e-01 -5.336275765146231143e-01 5.040077954377356617e-01 -1.739700829792286962e-01 -1.644460956040970923e-01 5.444381342692358183e-01
4.799012606486702248e-01 1.909336630291209314e-01 -1.492325346682455388e-02 3.933321928335719586e-01 5.745687386064491919e-01 -2.887844643479595685e-01 7.976157018161003087e-01 8.200152103822586636e-01 2.726706957232289952e-01 3.938260649683680281e-01
-2.153314361535201560e-01 1.089463721544135510e-01 9.597211313412404854e-01 5.182911823373562710e-01 4.726639618358719486e-01 2.401237828511715577e-01 -1.564356257906541481e-01 4.108381344126404988e-01 9.002769401019037332e-01 -9.097703252467698176e-01
3.211590980707447196e-01 -6.438214475136969650e-01 -8.867784720238772733e-01 5.716857958824508312e-01 -3.921352530283081506e-01 9.717713846706875769e-01 4.249827802020376966e-02 -3.882287371711814344e-02 -6.696050132289799173e-01 3.087234244619826984e-01
2.399726603434936822e-01 1.949430273394585911e-01 2.087262015272177695e-01 -3.008743206399611125e-01 -2.799890523193353520e-01 -8.872756992071700877e-02 5.667962874947320151e-02 -6.734858940781139891e-01 6.631822077153919359e-01 9.006639177959089304e-01
-9.316629330067864867e-01 -2.030040005052207441e-01 2.303856576169454051e-01 -7.332383400379005600e-01 -4.844838029591919670e-01 2.667581430972523759e-01 1.678893541757747743e-01 8.389473911799070205e-01 8.083882736804030023e-01 1.069971223179751046e-01
