1.631560971862963672e-01 -6.389264213227360267e-01 1.429133846807618957e-01 -2.262476261347285966e-01 -8.746293532435476248e-01 6.137664855550170051e-01 -7.752455511954223777e-01 2.523273875659282628e-01 -9.972784478071194947e-01 -3.947803425584944792e-01
5.903499984325371042e-01 -4.492220652135685000e-01 1.109879518544578392e-01 -9.106502513833081291e-01 -5.802827011932567558e-01 -5.915633789652516850e-01 -1.158252992821996868e-01 -7.062460856305704526e-01 -2.792247278381940756e-01 9.237120513718272141e-01
1.421152640205277651e-01 -2.021174857879980968e-01 -4.464518138546110237e-01 -6.780066341012548348e-01 -5.119031043842395823e-01 4.132225958174619573e-01 1.275943398241466409e-01 7.877225596786776585e-01 2.842383975623701264e-01 3.505176118503541827e-01
2.338096604115933452e-01 -8.193596501834283785e-01 2.283325285072705657e-01 -2.652313492351375881e-02 -3.693159688296000498e-01 -1.581413746503253503e-01 9.710299657588988831e-01 -9.836870196810335032e-02 -2.225766911942680115e-01 9.433768572586521683e-01
3.259026175878795839e-02 -8.707912312008572187e-01 -2.686547782434986487e-01 3.101387331984832296e-01 -4.125741070819876621e-01 -1.532625024148847326e-01 2.692140833684733003e-01 -1.703485870691635595e-01 -9.325506926787933137e-01 -3.054799370203180320e-02
6.340571601485492925e-01 -8.687379165451514229e-01 -8.966971257466976875e-02 1.913844872268146979e-01 6.281940275787361028e-01 4.804929234047458086e-01 -5.233158946577654014e-01 -2.513498704147848484e-01 4.173106133412282648e-01 -9.875573063390900019e-01
-7.296661939193703761e-01 -4.402314906390936144e-01 2.990819123502636012e-01 9.230459140470751445e-01 -5.619736494356816214e-01 2.051662487994599937e-01 -7.132123413672096790e-01 -4.392488702716816906e-01 7.978699081431022133e-01 6.526550024601465161e-01
3.904044415927000466e-01 -5.166191170895667595e-01 -3.057442584461270707e-01 9.247541700448851376e-01 1.178163488783103979e-01 5.282394051906503796e-01 9.212257140991096938e-01 3.976547965716467070e-01 4.911646061568142874e-01 -7.701386929325387820e-01
-6.291671866772798882e-01 -9.349344087171966577e-02 -8.375591335338712640e-02 1.433923621671918947e-01 -5.473627340998183932e-01 -6.396541021158784757e-01 -4.951502121225114794e-01 -2.294165110799184504e-01 -2.195284976943901734e-01 -4.018381567430674428e-01
-4.520662299528980244e-01 4.618823350770569908e-02 -1.315794011969885213e-01 -3.149139328214674294e-02 9.698085884904646126e-02 -5.335194130885868580e-01 4.995489231537754704e-01 -1.654974557190303508e-01 -1.629335743950880988e-01 5.328141734295577248e-01
4.690744120074889500e-01 1.926384480169332503e-01 -3.399937605297361637e-02 4.478880844907230374e-01 5.584454520670487643e-01 -2.736007293709894483e-01 7.791556069427201248e-01 8.630488483446649983e-01 2.621654315159791526e-01 3.797745432389644238e-01
-1.984030596812265679e-01 1.090118310508940147e-01 9.404539774603589697e-01 5.396243535636923161e-01 4.690305789041575579e-01 2.573768213227791701e-01 -1.704647799573630884e-01 4.466275189974245885e-01 8.857917774546387735e-01 -9.072374987267517454e-01
3.101563219537132321e-01 -6.421380415494044591e-01 -9.052822691095915308e-01 6.252117779254756647e-01 -4.080021719586841011e-01 9.864651180757973981e-01 2.450907270978337771e-02 3.057597013977703115e-03 -6.797254616446072317e-01 2.947929016457904727e-01
2.125331806981222982e-01 1.965835314356388919e-01 2.085586364715001362e-01 -2.672553732191600973e-01 -2.925462718833675702e-01 -9.047571672157493639e-02 5.198769258788598496e-02 -6.655757227015454136e-01 6.668924169758798648e-01 8.841271169462852075e-01
-9.190467591811177783e-01 -2.027084554914731496e-01 2.115905596693256896e-01 -7.077043724236965483e-01 -4.897977849246771820e-01 2.833202956617884016e-01 1.535582832182261215e-01 8.749334901278944532e-01 7.947999816306872134e-01 1.071284628101025066e-01
