1.616443202684624825e-01 -6.388958025965120191e-01 1.447512361949971904e-01 -2.269050578499941795e-01 -8.745329539111277306e-01 6.127035182298974370e-01 -7.738769206920850241e-01 2.500517476070427403e-01 -9.958228106140218916e-01 -3.949563129852639576e-01
5.891334665405946192e-01 -4.492015607504442065e-01 1.124171940682416604e-01 -9.113124676856253492e-01 -5.801866638696518974e-01 -5.924696524378724183e-01 -1.147695092411090134e-01 -7.081602070296286744e-01 -2.780988160991061942e-01 9.235501643906154357e-01
1.240987279031623841e-01 -2.019511322535205711e-01 -4.269351206183518155e-01 -6.922369181427588947e-01 -5.098675890271053834e-01 3.981104566669633749e-01 1.417175117440180598e-01 7.566214775161791417e-01 2.994036122687840362e-01 3.474464837098005243e-01
1.962491942039425730e-01 -8.186055201770791045e-01 2.739150914222807098e-01 -4.306977210232787456e-02 -3.668914301225584818e-01 -1.846323061202329308e-01 1.004961213154221156e+00 -1.550398705323619841e-01 -1.864835703728988936e-01 9.389724524825840968e-01
6.443087515470910867e-03 -8.703806913588361116e-01 -2.382982799846962985e-01 2.949338633144545918e-01 -4.103752340301450863e-01 -1.731126117962035749e-01 2.915740410079760148e-01 -2.120941106670799214e-01 -9.086828130957038674e-01 -3.417545583466188169e-02
6.055887413088253401e-01 -8.682080631932096448e-01 -5.562249764838031463e-02 1.774990605104717623e-01 6.302180290938472762e-01 4.599007782904906971e-01 -4.980579294502993637e-01 -2.951397258585687355e-01 4.442082208326298409e-01 -9.911002730585702913e-01
-7.664614803033943380e-01 -4.394744694813074171e-01 3.439552238206849410e-01 9.074243585771619713e-01 -5.596800252849756241e-01 1.794397171412415726e-01 -6.797712264437073548e-01 -4.943994988762797638e-01 8.334283819498800039e-01 6.484298749330033029e-01
3.547994257583156896e-01 -5.159418547951013512e-01 -2.629866917690811268e-01 9.078576118880257173e-01 1.202826109417072936e-01 5.026646533513875470e-01 9.529761284030883184e-01 3.431799120082997812e-01 5.249653181320294015e-01 -7.744982874152483987e-01
-6.533351179787874052e-01 -9.289894559355492409e-02 -5.311333608268022088e-02 1.362649133846393357e-01 -5.462906217941750908e-01 -6.553543777027696082e-01 -4.721137431658966044e-01 -2.636901942700573542e-01 -1.951038223514507675e-01 -4.041361395197388684e-01
-4.676814958675042933e-01 4.671833951687698328e-02 -1.100264207826733565e-01 -3.139388995297723306e-02 9.702157122580090665e-02 -5.418662718102418285e-01 5.160415942232503550e-01 -1.847147067712681667e-01 -1.455477449160210157e-01 5.320456215775306585e-01
4.316770440165548783e-01 1.933897578890579338e-01 1.139071612021545429e-02 4.314279379877873910e-01 5.608574329221677202e-01 -2.999710341874949338e-01 8.129445227359232140e-01 8.066328760755718807e-01 2.981068214900046143e-01 3.753914933690886691e-01
-2.353240621510262476e-01 1.097714756100711397e-01 9.854810485294358546e-01 5.239506146887795701e-01 4.713318745798967813e-01 2.315628461985997921e-01 -1.369090019941951175e-01 3.912892014383118067e-01 9.214721475878243639e-01 -9.114768807762048120e-01
2.885933970748764121e-01 -6.419873276420977604e-01 -8.825053159315943141e-01 6.066218532630979210e-01 -4.053499016996088833e-01 9.677826290291995370e-01 4.087918939837262289e-02 -3.513566758606997270e-02 -6.621069320078692977e-01 2.908798861796880741e-01
1.979483633305155199e-01 1.971161004159037167e-01 2.291392962910759612e-01 -2.659581628906876327e-01 -2.926754705044371518e-01 -9.781078783209534722e-02 6.780455454037878638e-02 -6.827739846714419025e-01 6.835425277794529020e-01 8.835929757421854269e-01
-9.549984188414638586e-01 -2.019747489070759794e-01 2.553634409848714037e-01 -7.231596760960387060e-01 -4.875301404610263289e-01 2.581102631692828719e-01 1.861670341337535173e-01 8.209278624510387701e-01 8.294776998938659940e-01 1.029709791260306345e-01
