1.611250977930677730e-01 -6.388212497470663331e-01 1.440029557823863937e-01 -2.245784347188237717e-01 -8.752225676182605607e-01 6.133202206666014122e-01 -7.746160552826764079e-01 2.518217740912928604e-01 -9.962175128658278256e-01 -3.955640556230365923e-01
5.892578750255641484e-01 -4.491916875951166288e-01 1.118295265623981405e-01 -9.107257883169770363e-01 -5.803689016005845192e-01 -5.921769244807451038e-01 -1.152671307594265171e-01 -7.073791860364764261e-01 -2.785177895770088452e-01 9.233907984485191234e-01
1.185364261663269386e-01 -2.013565070216657982e-01 -4.293091804831331015e-01 -6.757292441280547957e-01 -5.146990904707314796e-01 4.014765805720211245e-01 1.387628911367134454e-01 7.667178886034499152e-01 2.989531311680734271e-01 3.431794828705392875e-01
1.843205013226349998e-01 -8.168420521080932417e-01 2.553225982934049787e-01 1.247300135039936669e-02 -3.833696190681630811e-01 -1.696592244833194096e-01 9.867473737742288309e-01 -1.121730103558453429e-01 -1.964898701167814288e-01 9.244528165548030474e-01
-6.126911781694673043e-03 -8.689377779769881238e-01 -2.464048740775904023e-01 3.363286877730486402e-01 -4.225358011675516834e-01 -1.639310775591234504e-01 2.824851736831719973e-01 -1.849698439784175086e-01 -9.115365497357180713e-01 -4.490845421164488260e-02
6.118032111879354584e-01 -8.681907258110515002e-01 -7.181973753095925728e-02 1.871758227186486323e-01 6.270761326109383083e-01 4.669660354109032574e-01 -5.113396103099816514e-01 -2.768013280771819962e-01 4.320900336601275482e-01 -9.938286109498606358e-01
-7.776799520172102964e-01 -4.377635372143175996e-01 3.250191221226446103e-01 9.618241605674677785e-01 -5.758343121800163500e-01 1.943544426225525812e-01 -6.981767663175207916e-01 -4.518055697169512386e-01 8.230465530728734436e-01 6.341978914571171355e-01
3.407880269824749564e-01 -5.140912030909307040e-01 -2.787223170444861897e-01 9.639934167709344193e-01 1.036923919154225521e-01 5.167467736839189696e-01 9.369512932960227802e-01 3.839414051545020912e-01 5.172984784904051114e-01 -7.891260980495126143e-01
-6.635907108456856607e-01 -9.141664245581951342e-02 -6.816279358400711974e-02 1.826220900308754835e-01 -5.600338739763359719e-01 -6.430185639256809083e-01 -4.869501366826175515e-01 -2.283053876347098388e-01 -2.030804016000274104e-01 -4.162473556401654617e-01
-4.618268738009750907e-01 4.681619039825439532e-02 -1.275398586461979900e-01 -1.891479641608491413e-02 9.304038187054994302e-02 -5.339155164016113897e-01 5.015459763738365773e-01 -1.638963133914193571e-01 -1.584735445836704115e-01 5.285789177136481776e-01
4.201115380156765222e-01 1.951202317391583507e-01 -7.208013891264596941e-03 4.861334058222878673e-01 5.446216592117170130e-01 -2.851251298369208986e-01 7.947817462787371001e-01 8.490938702364455581e-01 2.880219649649817804e-01 3.610863469881218091e-01
-2.462689432850917182e-01 1.114623639756418400e-01 9.664072212284633423e-01 5.779181202309268128e-01 4.552999319974851411e-01 2.464581708699655482e-01 -1.553931048708558083e-01 4.337864163687661923e-01 9.109420680831069594e-01 -9.256001869699617135e-01
2.638545549248637045e-01 -6.398311983697998473e-01 -8.795557345952307315e-01 6.598893498704462290e-01 -4.207184169062436196e-01 9.749953816543373009e-01 3.962210075361725231e-02 -1.145684984873965653e-02 -6.550654172264502861e-01 2.772736897376479881e-01
2.067017179199225896e-01 1.969799684264748052e-01 2.107643211105061920e-01 -2.589509419731481077e-01 -2.950896208497226780e-01 -9.040885986153385234e-02 5.300235595261011678e-02 -6.639194405925784581e-01 6.694461935741300440e-01 8.815153956905290578e-01
-9.662657927940921931e-01 -2.002848496990315141e-01 2.371326245063035965e-01 -6.696980251277570018e-01 -5.033979172637128574e-01 2.726375237367843485e-01 1.683743449944470616e-01 8.624695404566220525e-01 8.195781361350822358e-01 8.899024052955017972e-02
