1.777198546855673911e-01 -6.398085409802334311e-01 1.432073790437506100e-01 -2.445365900132176473e-01 -8.678440195353502862e-01 6.145231058715664441e-01 -7.725761065606190359e-01 2.476984616497665270e-01 -9.991185658814112358e-01 -3.859220948741429180e-01
6.201090366203227955e-01 -4.509771176140266458e-01 1.107359171921302038e-01 -9.461689691136206948e-01 -5.669188152467659059e-01 -5.893052581351080343e-01 -1.111157111111004681e-01 -7.139142208695616887e-01 -2.835216843193220648e-01 9.414750289822427787e-01
1.580856867283422229e-01 -2.038533475123965599e-01 -4.323136937666869350e-01 -7.280706077609180316e-01 -4.963455245663644932e-01 4.025160525440223402e-01 1.425922359433976494e-01 7.536396907778566412e-01 2.909193018184794144e-01 3.657014612117026608e-01
2.445207666178546291e-01 -8.210631734486685263e-01 2.475096572458952981e-01 -8.115814478524367714e-02 -3.531858925482375677e-01 -1.734174146035331043e-01 9.895591348359564776e-01 -1.415825257450319119e-01 -2.119917357569380545e-01 9.573988959792439912e-01
2.515791951155108008e-02 -8.712923079153388484e-01 -2.517046023910904373e-01 2.823295499717436985e-01 -4.059903388266188906e-01 -1.679274396911448752e-01 2.827920075539078204e-01 -2.038890908806496594e-01 -9.208448725491025222e-01 -2.829820978850554336e-02
6.479404077298690501e-01 -8.704240741838593642e-01 -7.419465172457355429e-02 1.409461331092776715e-01 6.435894002905241384e-01 4.685264090302900808e-01 -5.074956860290664729e-01 -2.876647924826283287e-01 4.251235322352662216e-01 -9.730969467769969850e-01
-7.203016063049674234e-01 -4.418077786835061804e-01 3.174107391621334706e-01 8.718853624475529918e-01 -5.469533394034145068e-01 1.905058959241389960e-01 -6.956473823390236788e-01 -4.803107334415893659e-01 8.081079958105982231e-01 6.655329326565364578e-01
3.991156197768468972e-01 -5.182076366491513708e-01 -2.864972881522431236e-01 8.723912519959696743e-01 1.330793993311444046e-01 5.127674352696905968e-01 9.394846011036719347e-01 3.548452282572892580e-01 5.020716441424307730e-01 -7.572894523108963938e-01
-6.378249045119148697e-01 -9.352911101466551691e-02 -7.386265834754340842e-02 1.323962873929601658e-01 -5.454813505433440124e-01 -6.485107710286799332e-01 -4.879408172774470920e-01 -2.478031022882343781e-01 -2.120955040348904141e-01 -4.031179220942440744e-01
-4.338196117865500412e-01 4.501243350495513079e-02 -1.299417135880485685e-01 -5.716233815829677850e-02 1.062278116472262779e-01 -5.336313756873751757e-01 5.040024256062817232e-01 -1.739620009649396892e-01 -1.644398029780201331e-01 5.444150498098010438e-01
4.799156629690266573e-01 1.909328335422681711e-01 -1.492373311059461832e-02 3.933157799071018701e-01 5.745749961205525169e-01 -2.887830728419374382e-01 7.976176686002645067e-01 8.200122502190104745e-01 2.726683909512029325e-01 3.938345200101409649e-01
-2.153752491118620938e-01 1.089488955167625256e-01 9.597225904542164843e-01 5.183411117130336532e-01 4.726449260001213681e-01 2.401195497835914017e-01 -1.564416088982731601e-01 4.108471394552911660e-01 9.002839513944084215e-01 -9.097960461295032664e-01
3.211777560739819681e-01 -6.438225221022355615e-01 -8.867790933956279931e-01 5.716645331673027020e-01 -3.921271465068930651e-01 9.717731873471469051e-01 4.250082596139626023e-02 -3.882670856692710393e-02 -6.696079990286886163e-01 3.087343778495525992e-01
2.400165277066324265e-01 1.949405008437211928e-01 2.087247406023863550e-01 -3.009243120155042917e-01 -2.799699928458115328e-01 -8.872333159671977332e-02 5.668561928662371047e-02 -6.734949103027878525e-01 6.631751877166057740e-01 9.006896706175812062e-01
-9.318001859969873291e-01 -2.029960955601801675e-01 2.303902285846813891e-01 -7.330819261281823485e-01 -4.845434365807645416e-01 2.667448821533424108e-01 1.678706108760187332e-01 8.389756013048897954e-01 8.084102379781328285e-01 1.069165464290289108e-01
