1.600636284640866436e-01 -6.387329940968515807e-01 1.442472371278497312e-01 -2.224685068793875731e-01 -8.758286493944591466e-01 6.135620851371363926e-01 -7.745664273804737654e-01 2.526527809206726150e-01 -9.958365563728659442e-01 -3.961010433353423510e-01
5.869579298803899725e-01 -4.490004591265176481e-01 1.123588246581747885e-01 -9.061540892970559868e-01 -5.816821329871989521e-01 -5.916528631634662139e-01 -1.151595991995218449e-01 -7.055785969184911188e-01 -2.776923497714599565e-01 9.222272770464252645e-01
1.115534135525103193e-01 -2.007759058663950991e-01 -4.277021442079277924e-01 -6.618488122448572542e-01 -5.186862774507470242e-01 4.030677171244081980e-01 1.390893746794941155e-01 7.721847739983360714e-01 3.014593024940236399e-01 3.396468400836821222e-01
1.857282538221776136e-01 -8.169590994016857621e-01 2.549986250373922902e-01 9.674751689552417433e-03 -3.825658152162045300e-01 -1.699799924072244450e-01 9.866815557600240316e-01 -1.132751165677311350e-01 -1.969951060577000701e-01 9.251649857843630143e-01
2.632668810967807999e-03 -8.696660915134299952e-01 -2.484207609943833717e-01 3.189168959768747813e-01 -4.175342226768646858e-01 -1.659270196596702440e-01 2.820756285393601903e-01 -1.918275751405529583e-01 -9.146803231932146838e-01 -4.047706178721531545e-02
6.120798566450860179e-01 -8.682137274409933436e-01 -7.188340335967793870e-02 1.866259227490887629e-01 6.272340926814454765e-01 4.669029994802429973e-01 -5.113525445826143656e-01 -2.770179092424895351e-01 4.319907468693814923e-01 -9.936886585206202716e-01
-7.665417596906843878e-01 -4.386896199367821825e-01 3.224558331671693590e-01 9.396843008191981816e-01 -5.694745849560723938e-01 1.918165143789192506e-01 -6.986975209963454114e-01 -4.605254767718001685e-01 8.190491067305273321e-01 6.398326019978195500e-01
3.408263025663236800e-01 -5.140943855065197576e-01 -2.787311255996330339e-01 9.639173347610936471e-01 1.037142466532003926e-01 5.167380522790048225e-01 9.369495037606305754e-01 3.839114398312389320e-01 5.172847415582196851e-01 -7.891067347785758468e-01
-6.458008196613135299e-01 -9.289577931909104302e-02 -7.225687189179583192e-02 1.472603648772369822e-01 -5.498761345551187452e-01 -6.470721361719112830e-01 -4.877818846717397183e-01 -2.422328000097110079e-01 -2.094651122748774907e-01 -4.072476109387023757e-01
-4.731060674726400572e-01 4.775399664871614325e-02 -1.249441203326844829e-01 3.505337717307245582e-03 8.660014516472554214e-02 -5.313454598479500079e-01 5.020733234249286081e-01 -1.550660187091910669e-01 -1.544254935027035425e-01 5.228728758704852542e-01
4.320339144714754331e-01 1.941289481876847800e-01 -9.951771136269903228e-03 4.624347898476983687e-01 5.514291428587247967e-01 -2.878417408498534225e-01 7.942243278808449602e-01 8.397600383614206576e-01 2.837430785211011997e-01 3.671177691719282321e-01
-2.431705348664201238e-01 1.112047474415084475e-01 9.656941687109360517e-01 5.717592817209400380e-01 4.570690729669936725e-01 2.457521731635576301e-01 -1.555379677564688035e-01 4.313607235241172511e-01 9.098300634563942779e-01 -9.240327302351276639e-01
2.739775660512241418e-01 -6.406728740590508231e-01 -8.818853947281911632e-01 6.397674090745383291e-01 -4.149383416874596886e-01 9.726887707524031201e-01 3.914880982333837633e-02 -1.938198828676447605e-02 -6.586985196738041060e-01 2.823948293108538565e-01
1.985185662854131727e-01 1.976603548951102185e-01 2.126475514939287215e-01 -2.426849425923159054e-01 -2.997620677515157039e-01 -8.854426181489252756e-02 5.338495075581296129e-02 -6.575129861539421583e-01 6.723830893118997176e-01 8.773756134512402660e-01
-9.666807384305122763e-01 -2.002503491289762128e-01 2.372281180599949968e-01 -6.688732199956334279e-01 -5.036348444941857183e-01 2.727320724947309150e-01 1.683937453491266278e-01 8.627943945511039603e-01 8.197270582283585627e-01 8.878032329317901705e-02
