1.631605993069357441e-01 -6.389264357828597918e-01 1.429088334547085892e-01 -2.262431969141538990e-01 -8.746299829644861301e-01 6.137705956480034031e-01 -7.752487817338925558e-01 2.523357029695004750e-01 -9.972819394422538508e-01 -3.947794421261489606e-01
5.903403895687737712e-01 -4.492220343513657621e-01 1.109976655237718962e-01 -9.106597046566630160e-01 -5.802813571815805815e-01 -5.915721511254680154e-01 -1.158184043527811791e-01 -7.062638331736649233e-01 -2.792172756508795040e-01 9.237101295815355329e-01
1.421703945425968618e-01 -2.021176628588141622e-01 -4.465075456948862653e-01 -6.779523962737502574e-01 -5.119108156045463209e-01 4.132729257819932611e-01 1.275547804061103463e-01 7.878243855907033355e-01 2.841956408965120029e-01 3.505286380553972458e-01
2.338108427218842100e-01 -8.193596539808284396e-01 2.283313333013154423e-01 -2.652197175764472309e-02 -3.693161342017892146e-01 -1.581402952911469539e-01 9.710291173811710363e-01 -9.836651824447537051e-02 -2.225776081390773431e-01 9.433770937228683762e-01
3.260927956603994204e-02 -8.707912922831493319e-01 -2.686740034812866162e-01 3.101574430621039102e-01 -4.125767671420771943e-01 -1.532451406064248844e-01 2.692004369642859163e-01 -1.703134612351339949e-01 -9.325654420045661475e-01 -3.054419010586837888e-02
6.340568351445771134e-01 -8.687379155012883158e-01 -8.966938402582272372e-02 1.913841674854315777e-01 6.281940730377147952e-01 4.804926267008914897e-01 -5.233156614481473401e-01 -2.513504706961649515e-01 4.173108653991757788e-01 -9.875573713404776077e-01
-7.296923448766606812e-01 -4.402314066462131859e-01 2.991083485405997555e-01 9.230201865361182811e-01 -5.619699916471222467e-01 2.051423749687128206e-01 -7.131935765049760567e-01 -4.392971710128408813e-01 7.978901896079019229e-01 6.526497722209553265e-01
3.904036691584281127e-01 -5.166191146086258623e-01 -3.057434775867800547e-01 9.247534101181653643e-01 1.178164569202918566e-01 5.282387000170359892e-01 9.212262683664940166e-01 3.976533698878195189e-01 4.911652052208685393e-01 -7.701388474208030743e-01
-6.292097391836465325e-01 -9.349330419956881910e-02 -8.371289671942228061e-02 1.433504986873338494e-01 -5.473567821926191845e-01 -6.396929493107855746e-01 -4.951196781764382049e-01 -2.294951054339558205e-01 -2.194954959518370385e-01 -4.018466673220114638e-01
-4.520912362052755817e-01 4.618831382396880458e-02 -1.315541221970610297e-01 -3.151599462369198551e-02 9.698435652535881968e-02 -5.335422418909995246e-01 4.995668666223695431e-01 -1.655436421935842228e-01 -1.629141807101175676e-01 5.328091721334385911e-01
4.690776523639459406e-01 1.926384376094032458e-01 -3.400265175256289574e-02 4.478912723780851257e-01 5.584449988316797509e-01 -2.735977711725282036e-01 7.791532817948554346e-01 8.630548332735055173e-01 2.621629184463927231e-01 3.797751913161703796e-01
-1.983957669921205813e-01 1.090118076278905057e-01 9.404466052286227784e-01 5.396315281667783958e-01 4.690295588606278598e-01 2.573834789920749766e-01 -1.704700128941488146e-01 4.466409885727427032e-01 8.857861215845398428e-01 -9.072360401756193182e-01
3.101688793717891079e-01 -6.421380818819132363e-01 -9.052949634936134915e-01 6.252241320090202725e-01 -4.080039283907589964e-01 9.864765820413585740e-01 2.450006201783856002e-02 3.080790528210426704e-03 -6.797352005933521291e-01 2.947954131523266019e-01
2.125221873080023749e-01 1.965835667447287660e-01 2.085697497684407820e-01 -2.672661886000894937e-01 -2.925447342151222818e-01 -9.048575284882438841e-02 5.199558099704788133e-02 -6.655960274607459759e-01 6.669009429373683462e-01 8.841249182481951685e-01
-9.190562499171339716e-01 -2.027084250086787220e-01 2.116001539224525718e-01 -7.077137094820740160e-01 -4.897964574357736578e-01 2.833116313432014755e-01 1.535650933839826926e-01 8.749159607664015459e-01 7.948073422036213698e-01 1.071265646455759196e-01
