1.616493427229497848e-01 -6.388959997200007734e-01 1.447439840485591489e-01 -2.269059467271525299e-01 -8.745328481161369627e-01 6.127058751547190818e-01 -7.738825186512421350e-01 2.500573947743533476e-01 -9.958286951566117651e-01 -3.949561963890565464e-01
5.891390908525220294e-01 -4.492017814958967348e-01 1.124090728729547767e-01 -9.113134630798924718e-01 -5.801865453968952924e-01 -5.924670130749035701e-01 -1.147757780223465085e-01 -7.081538831434607273e-01 -2.781054058060232204e-01 9.235502949589344812e-01
1.241541072532381246e-01 -2.019533058064549302e-01 -4.270150853362817966e-01 -6.922467192150139059e-01 -5.098664224943189049e-01 3.981364449492130198e-01 1.416557866769912188e-01 7.566837451696185601e-01 2.993387272320071069e-01 3.474477693406016754e-01
1.962430733282125306e-01 -8.186052799422733894e-01 2.739239296282287017e-01 -4.306868882588617276e-02 -3.668915590551337091e-01 -1.846351785094153541e-01 1.004968035398689397e+00 -1.550467527469091555e-01 -1.864763988686052032e-01 9.389723103865436071e-01
6.499023053525709512e-03 -8.703828867412792825e-01 -2.383790478072997931e-01 2.949239638077007508e-01 -4.103740557815925838e-01 -1.730863625074567091e-01 2.915116960214261255e-01 -2.120312176447931019e-01 -9.087483497883312999e-01 -3.417415729196491420e-02
6.056577106651882536e-01 -8.682107701326500226e-01 -5.572208558359143665e-02 1.774868542703449126e-01 6.302194818919631958e-01 4.599331440567426266e-01 -4.981348017526734395e-01 -2.950621778199212231e-01 4.441274131088489008e-01 -9.910986719359721198e-01
-7.664596263886886973e-01 -4.394745422445620053e-01 3.439525468704082711e-01 9.074240304701698401e-01 -5.596799862333745601e-01 1.794405871416762388e-01 -6.797732927917109480e-01 -4.943974143643047880e-01 8.334262098166986821e-01 6.484299179716059847e-01
3.547955561444894879e-01 -5.159417029188068105e-01 -2.629811042607826943e-01 9.078582967347177402e-01 1.202825294306134885e-01 5.026628374287345213e-01 9.529804414217941666e-01 3.431755610765472864e-01 5.249698519525795026e-01 -7.744983772482766371e-01
-6.533757146723023768e-01 -9.289735223678578790e-02 -5.305471670304902354e-02 1.362720982130259106e-01 -5.462914769391693515e-01 -6.553734288170933731e-01 -4.720684946459183795e-01 -2.637358405414404472e-01 -1.950562573665215738e-01 -4.041370819713844265e-01
-4.677372607817758543e-01 4.672052820260338274e-02 -1.099458993313739419e-01 -3.138402064332802138e-02 9.702039657133601502e-02 -5.418924410290884008e-01 5.161037490348624468e-01 -1.847774079469084174e-01 -1.454824081341985209e-01 5.320443269958623489e-01
4.316701116944489658e-01 1.933900299718656068e-01 1.140072600984109313e-02 4.314291648745197660e-01 5.608572868969613490e-01 -2.999742873701936596e-01 8.129522494074361560e-01 8.066250814837280236e-01 2.981149437228255983e-01 3.753913324353324588e-01
-2.353280846064627896e-01 1.097716334851600584e-01 9.854868567325645312e-01 5.239513265854761626e-01 4.713317898492861424e-01 2.315609585508199286e-01 -1.369045186203185216e-01 3.912846786539029287e-01 9.214768604847539679e-01 -9.114769741574488826e-01
2.886304334143148798e-01 -6.419887812605340471e-01 -8.825587943568973248e-01 6.066152985484182247e-01 -4.053491215513372881e-01 9.678000093495084943e-01 4.083790920040819561e-02 -3.509402451973452075e-02 -6.621503255154359557e-01 2.908807459777658644e-01
1.978768075824801631e-01 1.971189088671747858e-01 2.292426188327831293e-01 -2.659454989093336663e-01 -2.926769777833421182e-01 -9.784436733373236272e-02 6.788430959957679478e-02 -6.828544408074234129e-01 6.836263658406891430e-01 8.835913145765423860e-01
-9.550037763004746161e-01 -2.019745386351833316e-01 2.553711768593089904e-01 -7.231587279295688120e-01 -4.875302533126863458e-01 2.581077490343801628e-01 1.861730054843758198e-01 8.209218386100124443e-01 8.294839769434245724e-01 1.029708547526981405e-01
