1.611227525474461242e-01 -6.388210547520989380e-01 1.440034955057116484e-01 -2.245737729741154598e-01 -8.752239067154847785e-01 6.133207550500028304e-01 -7.746159456331395132e-01 2.518236101454066622e-01 -9.962166711678882569e-01 -3.955652420615391462e-01
5.892629819633578014e-01 -4.491921122104147734e-01 1.118283512767809657e-01 -9.107359395949564673e-01 -5.803659856219082203e-01 -5.921780881383015283e-01 -1.152673695290286626e-01 -7.073831841738393855e-01 -2.785196224336524695e-01 9.233933820020593375e-01
1.185892420754613985e-01 -2.013608983896262861e-01 -4.293213352774291058e-01 -6.758342285623718526e-01 -5.146689334429721541e-01 4.014645460350355632e-01 1.387604217834295384e-01 7.666765398993542480e-01 2.989341757795689336e-01 3.432062019602435954e-01
1.843174024170312619e-01 -8.168417944502207595e-01 2.553233114603422615e-01 1.247916117718530365e-02 -3.833713884930172178e-01 -1.696585183723253176e-01 9.867475186603598125e-01 -1.121705842737627107e-01 -1.964887579337172840e-01 9.244512488465467248e-01
-6.165362212994209695e-03 -8.689345810237434353e-01 -2.463960252839088039e-01 3.364051173346216395e-01 -4.225577557403888962e-01 -1.639223163137872030e-01 2.824869713933762516e-01 -1.849397417699691626e-01 -9.115227500515813430e-01 -4.492790593632214891e-02
6.118399338124843601e-01 -8.681937791061573595e-01 -7.182818869566919007e-02 1.871028275922163586e-01 6.270971006341355958e-01 4.669576678604703823e-01 -5.113413272383656727e-01 -2.768300776142244013e-01 4.320768540779403311e-01 -9.938100333069574965e-01
-7.776691593785611811e-01 -4.377644345660502423e-01 3.250166383577177132e-01 9.618027075794962633e-01 -5.758281497583395137e-01 1.943519834315413364e-01 -6.981772709161943036e-01 -4.518140190957317115e-01 8.230426796441673298e-01 6.342033513551845747e-01
3.407886068095724585e-01 -5.140912513005360118e-01 -2.787224504830507210e-01 9.639922642238926143e-01 1.036927229872939143e-01 5.167466415655712630e-01 9.369512661868056869e-01 3.839409512174313255e-01 5.172982703931087167e-01 -7.891258047202395209e-01
-6.636429729169044389e-01 -9.141229713659920764e-02 -6.815076624725281695e-02 1.827259735779554195e-01 -5.600637147716254205e-01 -6.430066555851954302e-01 -4.869476932234533817e-01 -2.282644725211831482e-01 -2.030616449814206803e-01 -4.162737945482883339e-01
-4.617890282340187946e-01 4.681304373633182747e-02 -1.275485682393661668e-01 -1.899002366301536654e-02 9.306199107565447937e-02 -5.339241398236586056e-01 5.015442069434399297e-01 -1.639259420615502560e-01 -1.584871271847575758e-01 5.285980634429366942e-01
4.201002334893085277e-01 1.951211716516906558e-01 -7.205412323008587340e-03 4.861558763113018600e-01 5.446152045104523109e-01 -2.851225540081051002e-01 7.947822748101922574e-01 8.491027203636778431e-01 2.880260221078517202e-01 3.610806281306971899e-01
-2.462854148561831047e-01 1.114637335010506547e-01 9.664110119150505218e-01 5.779508614750269446e-01 4.552905269974617530e-01 2.464619240521933596e-01 -1.553923347595610738e-01 4.337993116900852875e-01 9.109479796547230723e-01 -9.256085197884774685e-01
2.638232335094511383e-01 -6.398285941571226765e-01 -8.795485264383015034e-01 6.599516087832053568e-01 -4.207363009265991938e-01 9.750025184950809054e-01 3.962356515404645563e-02 -1.143232882924050120e-02 -6.550541761135473262e-01 2.772578445174900819e-01
2.067635384209556837e-01 1.969748283735629490e-01 2.107500940435931003e-01 -2.590738252186798873e-01 -2.950543223459895503e-01 -9.042294616845043820e-02 5.299946559893184417e-02 -6.639678388431463629e-01 6.694240064787296829e-01 8.815466701216567724e-01
-9.662656906523772182e-01 -2.002848581915834814e-01 2.371326009999102646e-01 -6.696982281591983277e-01 -5.033978589424498162e-01 2.726375004629589816e-01 1.683743402189166738e-01 8.624694604915582596e-01 8.195780994768874228e-01 8.899029220211794600e-02
