1.801425149237879109e-01 -6.399480716090895083e-01 1.431266966355353998e-01 -2.472974607179236617e-01 -8.667914231319240326e-01 6.147571755372612801e-01 -7.722452675239939168e-01 2.472005231494042166e-01 -9.995062589341646708e-01 -3.844998453331787691e-01
6.153645167841658159e-01 -4.507038618656905582e-01 1.108939250217741562e-01 -9.407621004091737404e-01 -5.689802122337374035e-01 -5.897636584317783592e-01 -1.117636238258424841e-01 -7.129390618047930506e-01 -2.827624291212098018e-01 9.386897060332740628e-01
1.560563076346513367e-01 -2.037364675072423914e-01 -4.322461088904102633e-01 -7.257579214006426582e-01 -4.972272483431894874e-01 4.023199804417381120e-01 1.423151034698829087e-01 7.540567967205872302e-01 2.912440589443918704e-01 3.645100917250080896e-01
2.345100889831943369e-01 -8.204866187491678398e-01 2.478430451335933704e-01 -6.974994722631140676e-02 -3.575353275651109719e-01 -1.743846141845377673e-01 9.881920744069428997e-01 -1.395249933967589451e-01 -2.103897487712754200e-01 9.515220167346770674e-01
2.394922103588204010e-02 -8.712226941677125858e-01 -2.516643488292065189e-01 2.837069862955216570e-01 -4.065154936329942736e-01 -1.680442202630394732e-01 2.826269474134258664e-01 -2.036406625220751609e-01 -9.206514471589063442e-01 -2.900778962354137389e-02
6.466307909584639857e-01 -8.703486481506121919e-01 -7.415103725759672471e-02 1.424385762185184645e-01 6.430203985453762927e-01 4.683998780561835495e-01 -5.076745275951120018e-01 -2.873956220059288302e-01 4.253331073610032154e-01 -9.738657718159293708e-01
-7.195804803910916814e-01 -4.418493111900707038e-01 3.173867233408309563e-01 8.710635652435478882e-01 -5.466400249190357385e-01 1.905755687981647850e-01 -6.955489052191748955e-01 -4.804589491717453642e-01 8.079925955978241037e-01 6.659562776158529651e-01
4.007650901234143248e-01 -5.183026362001016407e-01 -2.865522208405917315e-01 8.705115107568662802e-01 1.337960605149802751e-01 5.129268018067326684e-01 9.397098531517267261e-01 3.545062063928922647e-01 5.018076829876645384e-01 -7.563211124643800520e-01
-6.372165824552659119e-01 -9.356414669889896729e-02 -7.388291743617934892e-02 1.317030417951118582e-01 -5.452170470315054196e-01 -6.484519969017148444e-01 -4.878577446781595106e-01 -2.479281330159635033e-01 -2.121928524915492331e-01 -4.027607998894141006e-01
-4.268060343684798030e-01 4.460849371503523841e-02 -1.301752883615006351e-01 -6.515503153034012118e-02 1.092750678199841396e-01 -5.329537463212457027e-01 5.049602013437473058e-01 -1.754035279965197036e-01 -1.655621705296216606e-01 5.485324481581117517e-01
4.712707864083875986e-01 1.914307263313020369e-01 -1.463583080855831824e-02 4.031675065609389708e-01 5.708189737810449582e-01 -2.896183131016315526e-01 7.964371222785212590e-01 8.217890643188628941e-01 2.740518117592862790e-01 3.887594494219961394e-01
-1.949589278966059325e-01 1.077730384596521790e-01 9.590426610375551997e-01 4.950746122461205934e-01 4.815154006722772717e-01 2.420921092891220872e-01 -1.536535514002701219e-01 4.066508959175232918e-01 8.970167718811348223e-01 -8.978104185047631747e-01
3.148091581913010639e-01 -6.434557292463977118e-01 -8.865669985232136341e-01 5.789222059713363677e-01 -3.948941722418355393e-01 9.711578738360625573e-01 4.163112877690512692e-02 -3.751774661300406183e-02 -6.685888461504009284e-01 3.049956218852076795e-01
2.302502178613831108e-01 1.955029814313052894e-01 2.090499902536826216e-01 -2.897945967052649174e-01 -2.842132550481114572e-01 -8.966692114530155910e-02 5.535192977886257276e-02 -6.714876037883633630e-01 6.647380690560136252e-01 8.949562501918915114e-01
-9.150808846121656348e-01 -2.039590265562210569e-01 2.298334218653066696e-01 -7.521352909658414188e-01 -4.772792415327664073e-01 2.683602474546983863e-01 1.701538024998109910e-01 8.355392202031061144e-01 8.057346845135880953e-01 1.167317975916394995e-01
