1.635172133647912196e-01 -6.389275811727432863e-01 1.425483297452135867e-01 -2.258923572879403541e-01 -8.746798633113683774e-01 6.140961571012528708e-01 -7.755046734625187232e-01 2.529943680849295884e-01 -9.975585127004014119e-01 -3.947081186636535177e-01
5.932488870330973052e-01 -4.492313760009682411e-01 1.080574445710398429e-01 -9.077983026991445215e-01 -5.806881747459216037e-01 -5.889169146298801616e-01 -1.179054237157482199e-01 -7.008918469160728693e-01 -2.814729708549869036e-01 9.242918343832536854e-01
1.392983541739039322e-01 -2.021084383038342647e-01 -4.436041794816765194e-01 -6.807779314629175405e-01 -5.115090973696800880e-01 4.106509718359103722e-01 1.296156396415778789e-01 7.825197354814564799e-01 2.864230616748107972e-01 3.499542247393501171e-01
2.331831460513316412e-01 -8.193576379149989375e-01 2.289658763687779652e-01 -2.713950452288805756e-02 -3.692283369684095651e-01 -1.587133345075307511e-01 9.714795269557304769e-01 -9.952587214782454561e-02 -2.220907958290212758e-01 9.432515532430290062e-01
2.726500579004462882e-02 -8.707741272920817011e-01 -2.632714387804188094e-01 3.048997058174526820e-01 -4.118292525001044924e-01 -1.581240552166311431e-01 2.730352702375867802e-01 -1.801843191724757098e-01 -9.284206721108941851e-01 -3.161305461592067712e-02
6.320687083230641656e-01 -8.687315299416102921e-01 -8.765957235880086906e-02 1.894282331761695248e-01 6.284721564539976768e-01 4.786776184503802600e-01 -5.218890625862169230e-01 -2.550225350849168460e-01 4.188527639882079212e-01 -9.879550003336896591e-01
-7.350621902473557512e-01 -4.402141595230892879e-01 3.045367637500044911e-01 9.177372917618392689e-01 -5.612189002532356197e-01 2.002401154416448004e-01 -7.093403940964481125e-01 -4.492152596103420326e-01 8.020547916397253729e-01 6.515757933452874795e-01
3.903938211520399104e-01 -5.166190829783334770e-01 -3.057335221664709279e-01 9.247437215744748196e-01 1.178178343813423151e-01 5.282297095378309937e-01 9.212333348949235390e-01 3.976351806490008300e-01 4.911728428760676057e-01 -7.701408170400562136e-01
-6.351480382701109040e-01 -9.347423128993725960e-02 -7.770982757056439649e-02 1.375083548179421022e-01 -5.465261800001410819e-01 -6.451141637520928507e-01 -4.908585965256680450e-01 -2.404631263716592027e-01 -2.148900276871403003e-01 -4.030343379784264157e-01
-4.433928082325352404e-01 4.616037580194516654e-02 -1.403474254386816722e-01 -2.295841493389107202e-02 9.576768938884830384e-02 -5.256012401570219206e-01 4.933252288595168511e-01 -1.494776713253293532e-01 -1.696602764183176848e-01 5.345488736051463574e-01
4.645333104887968689e-01 1.926530333413893903e-01 -2.940874394910586442e-02 4.434205142300429170e-01 5.590806253418825200e-01 -2.777464089290787030e-01 7.824141165047745483e-01 8.546614472030182874e-01 2.656872984052325304e-01 3.788663146463955855e-01
-1.987249874192093257e-01 1.090128650336161797e-01 9.407794165202492120e-01 5.393076386031524505e-01 4.690756076036377564e-01 2.570829258357384961e-01 -1.702337777196483992e-01 4.460329194127268804e-01 8.860414496182024147e-01 -9.073018848619599508e-01
3.036273186959430603e-01 -6.421170713882006220e-01 -8.986820528761501059e-01 6.187884947933470769e-01 -4.070889467503139292e-01 9.805046357503037768e-01 2.919401962377709409e-02 -9.001452789826152462e-03 -6.746618707297775686e-01 2.934870890769075147e-01
2.139061937289672144e-01 1.965791215275020654e-01 2.071706477483938325e-01 -2.659045925420754353e-01 -2.927383180597415979e-01 -8.922226047719583608e-02 5.100247433821292198e-02 -6.630397716740243919e-01 6.658275720011657128e-01 8.844017220586021244e-01
-9.183070246876539056e-01 -2.027108314056768334e-01 2.108427567629039545e-01 -7.069766159949544271e-01 -4.899012531203973397e-01 2.839956168708263062e-01 1.530274798634867484e-01 8.762997775604604023e-01 7.942262780020310498e-01 1.072764110590258002e-01
