1.598252206226416783e-01 -6.388244057786075514e-01 1.473779154511758727e-01 -2.265831124489855186e-01 -8.745712721538604351e-01 6.118498557190316101e-01 -7.718493770785679331e-01 2.480063811272483210e-01 -9.936914683852228203e-01 -3.949985433569075388e-01
5.874937708097043298e-01 -4.491372052557981998e-01 1.147848239958650235e-01 -9.110222733024718744e-01 -5.802212030765439010e-01 -5.932391247303350212e-01 -1.129419267802384136e-01 -7.100038546234974657e-01 -2.761776718882011372e-01 9.235120988782302698e-01
1.155036753976855651e-01 -2.016137898764699121e-01 -4.145243402777752939e-01 -6.907157603370700505e-01 -5.100486386518263693e-01 3.940769920243279989e-01 1.512974398449114521e-01 7.469573382662135774e-01 3.094739777959028548e-01 3.472469496917294229e-01
1.983069062973176755e-01 -8.186862821606065710e-01 2.709438689918471921e-01 -4.343394728458571663e-02 -3.668480856517652988e-01 -1.836666681595499617e-01 1.002667715366475143e+00 -1.527262120417310354e-01 -1.888944821057424173e-01 9.390202222387039610e-01
5.984282241636223673e-03 -8.703626839689359018e-01 -2.376357905503348467e-01 2.950150629607790065e-01 -4.103848984879939210e-01 -1.733279187822502343e-01 2.920854190982025145e-01 -2.126099839618773302e-01 -9.081452553774302938e-01 -3.418610699237641104e-02
6.036665500052271760e-01 -8.681326201888663885e-01 -5.284695974138992752e-02 1.778392511380022245e-01 6.301775392871896697e-01 4.589987371855056564e-01 -4.959154812834150050e-01 -2.973010069457068250e-01 4.464603500695307758e-01 -9.911448967015397127e-01
-7.633138601840150361e-01 -4.395980086513645579e-01 3.394102344942900862e-01 9.068672907860244603e-01 -5.596137225554675965e-01 1.809168244017119731e-01 -6.832795208274082821e-01 -4.908603652735133438e-01 8.297404829960963735e-01 6.485029468879891512e-01
3.565607462580281384e-01 -5.160109838718280884e-01 -2.655299411346151994e-01 9.075458922766853620e-01 1.203197121013899334e-01 5.034912014097516764e-01 9.510129846364711037e-01 3.451603125424668184e-01 5.229016726532833559e-01 -7.744573983856357646e-01
-6.437051379387788153e-01 -9.327690725877768596e-02 -6.701849453104639920e-02 1.345605934520790747e-01 -5.460877720418084724e-01 -6.508352448672333201e-01 -4.828471873580681417e-01 -2.528623990911762487e-01 -2.063867573841279557e-01 -4.039125796741063756e-01
-4.668364938491670890e-01 4.668517450836809357e-02 -1.112465569517362141e-01 -3.154343894237518486e-02 9.703937068638719687e-02 -5.414697313863471306e-01 5.150997665176462181e-01 -1.837646000480679387e-01 -1.465377888035233056e-01 5.320652382870143526e-01
4.358525665939745330e-01 1.932258751541010566e-01 5.361492507857969908e-03 4.306889513722403362e-01 5.609453878002994553e-01 -2.980115554443673043e-01 8.082905423152279001e-01 8.113277667238658619e-01 2.932145839388599629e-01 3.754884280645879868e-01
-2.344977124387884748e-01 1.097390426754237119e-01 9.842878452585371862e-01 5.238043667962625216e-01 4.713492811408449001e-01 2.319506335151565179e-01 -1.378300400942401582e-01 3.922183358075487791e-01 9.205039576145623847e-01 -9.114576970797341193e-01
2.840112796680285268e-01 -6.418074866955804092e-01 -8.758889918783223649e-01 6.074327992876356053e-01 -4.054464212539000134e-01 9.656323444861849570e-01 4.598635486123438254e-02 -4.028772694245577601e-02 -6.567383089371284788e-01 2.907735123911766584e-01
2.035448195234694502e-01 1.968964482574104280e-01 2.210583231437737994e-01 -2.669486272324333997e-01 -2.925575845121344831e-01 -9.518449693230690567e-02 6.156682092395988903e-02 -6.764814190448124043e-01 6.769854579437954989e-01 8.837228973907649276e-01
-9.548638208206560174e-01 -2.019800316690203157e-01 2.551690888887722108e-01 -7.231834973385328214e-01 -4.875273052344654690e-01 2.581734269902776768e-01 1.860170130185783144e-01 8.210792023078956614e-01 8.293199985572077271e-01 1.029741038171129858e-01
