1.601362347692729393e-01 -6.387390309332432459e-01 1.442305278688671144e-01 -2.226128295276718905e-01 -8.757871923714355411e-01 6.135455411965043959e-01 -7.745698220132857248e-01 2.525959386419383002e-01 -9.958626144441031780e-01 -3.960643124636567536e-01
5.872431725653387558e-01 -4.490241755712060523e-01 1.122931803056151506e-01 -9.067210783428411025e-01 -5.815192640390143275e-01 -5.917178580428146262e-01 -1.151729354266611272e-01 -7.058019087116360613e-01 -2.777947220679873319e-01 9.223715787352829709e-01
1.115809826224124640e-01 -2.007781980910723629e-01 -4.277084888184643496e-01 -6.619036124604694704e-01 -5.186705359588374975e-01 4.030614352862872396e-01 1.390880857161038708e-01 7.721631906282444557e-01 3.014494080807820775e-01 3.396607870262577933e-01
1.856085484068331348e-01 -8.169491465194148594e-01 2.550261734545921088e-01 9.912695247101116491e-03 -3.826341650674642270e-01 -1.699527165490229974e-01 9.866871524630880241e-01 -1.131814011725246760e-01 -1.969521443309943665e-01 9.251044278997577752e-01
2.382552430837948237e-03 -8.696452956381699462e-01 -2.483632004373400592e-01 3.194140629690115918e-01 -4.176770350745351856e-01 -1.658700285962446952e-01 2.820873224723957073e-01 -1.916317631520641496e-01 -9.145905575670161269e-01 -4.060359339685215563e-02
6.120198055388894609e-01 -8.682087345040532256e-01 -7.186958349261465817e-02 1.867452888930684063e-01 6.271998044734750088e-01 4.669166826160706107e-01 -5.113497369551642802e-01 -2.769708962219540882e-01 4.320122989370583921e-01 -9.937190378309380678e-01
-7.687492131165858389e-01 -4.385060816732612721e-01 3.229638456722922490e-01 9.440721501054691878e-01 -5.707350050706416766e-01 1.923195007012831192e-01 -6.985943137912509204e-01 -4.587972978952397640e-01 8.198413516805678203e-01 6.387158713181548819e-01
3.408242924509650718e-01 -5.140942183758895334e-01 -2.787306630015428666e-01 9.639213303530904664e-01 1.037130989099225992e-01 5.167385103002342106e-01 9.369495977414981080e-01 3.839130135173975944e-01 5.172854629794390036e-01 -7.891077516777159628e-01
-6.460186354839855261e-01 -9.287766906707324577e-02 -7.220674482662985116e-02 1.476933266742270212e-01 -5.500005038582016503e-01 -6.470225050547546708e-01 -4.877717009179084462e-01 -2.420622755948782234e-01 -2.093869391711888350e-01 -4.073578019890956581e-01
-4.727049464044818516e-01 4.772064551956090722e-02 -1.250364323680377976e-01 2.708012268908543962e-03 8.682917879087219404e-02 -5.314368585649186238e-01 5.020545694236602241e-01 -1.553800497772083733e-01 -1.545694540215866719e-01 5.230757993830794650e-01
4.305084705101782094e-01 1.942557809137888947e-01 -9.600712944459232137e-03 4.654669798446813833e-01 5.505581390903522276e-01 -2.874941559635486588e-01 7.942956484377936555e-01 8.409542832774663523e-01 2.842905533899826587e-01 3.663460608986295330e-01
-2.434919888725539106e-01 1.112314746690890449e-01 9.657681465593570547e-01 5.723982495536621418e-01 4.568855279415422466e-01 2.458254190886843549e-01 -1.555229385064061665e-01 4.316123845633345613e-01 9.099454318306673395e-01 -9.241953509031510805e-01
2.723931759921364715e-01 -6.405411402717045011e-01 -8.815207709705323857e-01 6.429167687431815992e-01 -4.158430027219193192e-01 9.730497869893299789e-01 3.922288634421046416e-02 -1.814159544303810614e-02 -6.581298893197146116e-01 2.815933007409741617e-01
1.988878761427352315e-01 1.976296487025723803e-01 2.125625603346212034e-01 -2.434190355407103712e-01 -2.995511978109699491e-01 -8.862841208722331554e-02 5.336768405485300959e-02 -6.578021127497020171e-01 6.722505456912595267e-01 8.775624439606113381e-01
-9.666789730308537054e-01 -2.002504959127696660e-01 2.372277117795758561e-01 -6.688767291558000982e-01 -5.036338364796049127e-01 2.727316702339758758e-01 1.683936628096888710e-01 8.627930124488304431e-01 8.197264246344860839e-01 8.878121639286461197e-02
