1.800200134116234640e-01 -6.399410162602797714e-01 1.431307763314232373e-01 -2.471578576357905122e-01 -8.668446475375110039e-01 6.147453398338691422e-01 -7.722619963585329872e-01 2.472257013474432608e-01 -9.994866552834056339e-01 -3.845717612034665889e-01
6.155253248577324809e-01 -4.507131234415714394e-01 1.108885695937074783e-01 -9.409453577609006025e-01 -5.689103444094310014e-01 -5.897481216712260332e-01 -1.117416638385107797e-01 -7.129721132949420337e-01 -2.827881628877383924e-01 9.387841101949494504e-01
1.561593298516903705e-01 -2.037424009660505353e-01 -4.322495398628756202e-01 -7.258753258209859061e-01 -4.971824872935723949e-01 4.023299341180816002e-01 1.423291722074212784e-01 7.540356221755779575e-01 2.912275725228973822e-01 3.645705720592213872e-01
2.353179625596637514e-01 -8.205331473982877544e-01 2.478161403350357117e-01 -7.067060232073719972e-02 -3.571843229926995322e-01 -1.743065600294463613e-01 9.883023978074501059e-01 -1.396910387013390875e-01 -2.105190310239656581e-01 9.519962878706637044e-01
2.403712592322805597e-02 -8.712277569594394366e-01 -2.516672763457823425e-01 2.836068096283830831e-01 -4.064773007544369432e-01 -1.680357271746280579e-01 2.826389517249613403e-01 -2.036587299452693178e-01 -9.206655143869845181e-01 -2.895618408525582263e-02
6.466824928744435708e-01 -8.703516258693760888e-01 -7.415275909833392298e-02 1.423796565636063216e-01 6.430428619721300088e-01 4.684048733295604339e-01 -5.076674671696324026e-01 -2.874062484958107566e-01 4.253248336157527953e-01 -9.738354196331886481e-01
-7.193226318569159172e-01 -4.418641617116401688e-01 3.173781361521018640e-01 8.707697202986289797e-01 -5.465279949961351358e-01 1.906004812969304962e-01 -6.955136933643319974e-01 -4.805119457539332450e-01 8.079513326572823617e-01 6.661076504553391509e-01
4.007594798630176314e-01 -5.183023130829146341e-01 -2.865520340008060884e-01 8.705179042260496880e-01 1.337936229713979353e-01 5.129262597613584163e-01 9.397090870132829288e-01 3.545073594908811909e-01 5.018085807854429925e-01 -7.563244060299193494e-01
-6.372273443696034878e-01 -9.356352687749293351e-02 -7.388255902968385302e-02 1.317153061042181106e-01 -5.452217228635295454e-01 -6.484530366833777260e-01 -4.878592143276446191e-01 -2.479259210791009971e-01 -2.121911302857866777e-01 -4.027671177904902922e-01
-4.269714726096707769e-01 4.461802196066623483e-02 -1.301697787339021750e-01 -6.496649762602432765e-02 1.092031882823917277e-01 -5.329697304337505104e-01 5.049376090596651157e-01 -1.753695248505475202e-01 -1.655356958074308826e-01 5.484353258052205859e-01
4.722821949681274001e-01 1.913724752938084084e-01 -1.466951397923239343e-02 4.020149024033185525e-01 5.712584101475569609e-01 -2.895205940489454233e-01 7.965752404629284911e-01 8.215811857011577901e-01 2.738899582455660009e-01 3.893532080255029393e-01
-1.952635438712889970e-01 1.077905825039372906e-01 9.590528057330558465e-01 4.954217535032477415e-01 4.813830512514550297e-01 2.420626782701807977e-01 -1.536951498274927441e-01 4.067135047882295962e-01 8.970655189135412488e-01 -8.979892466884797919e-01
3.157077079089712912e-01 -6.435074802947646777e-01 -8.865969231300482312e-01 5.778982160807605295e-01 -3.945037707376551350e-01 9.712446888292287639e-01 4.175383493200848090e-02 -3.770242892704012139e-02 -6.687326391089010169e-01 3.055231254547666753e-01
2.305400079541930491e-01 1.954862912684635634e-01 2.090403393079181271e-01 -2.901248423439768409e-01 -2.840873471702224928e-01 -8.963892255553830568e-02 5.539150358026329046e-02 -6.715471654396246715e-01 6.646916945772622931e-01 8.951263746773528984e-01
-9.152883881866219484e-01 -2.039470756009129082e-01 2.298403324043233609e-01 -7.518988192845053042e-01 -4.773693975986996740e-01 2.683401991245457641e-01 1.701254657641902146e-01 8.355818691957525024e-01 8.057678908596407341e-01 1.166099803186834982e-01
